unlimited
PROGRAM: cpu
Looking for /opt/programs/cpu/ebpf-collect.c
[14:10:19] Waiting for start indicator file: '/mnt/flux/start_ebpf_collection'.
[14:10:26] Start indicator found. Proceeding with monitoring.
[14:10:26] Initializing eBPF for CPU Scheduling monitoring...
[14:10:26] BPF C code compiled and loaded.
[14:10:26] Attached tracepoints.
[14:10:26] Monitoring CPU scheduling events (polling aggregated map)... Press Ctrl+C to stop.
[14:11:31] Stop indicator file '/mnt/flux/stop_ebpf_collection' found. Stopping.
[14:11:31] Initiating cleanup sequence...
{
  "final_aggregated_summary_river": [
    {
      "tgid": 1,
      "comm": "pause",
      "cgroup_id": 41187,
      "on_cpu_stats_ns": {
        "count": 2.0,
        "sum_ns": 1044424.3333333333,
        "mean_ns": 522212.1666666666,
        "median_ns": 793805.0,
        "min_ns": 250619.33333333334,
        "max_ns": 793805.0,
        "variance_ns2": 147525334236.05557,
        "iqr_ns": 543185.6666666666,
        "q1_ns": 250619.33333333334,
        "q3_ns": 793805.0
      },
      "runq_latency_stats_ns": {
        "count": 2.0,
        "sum_ns": 8813.555555555555,
        "mean_ns": 4406.777777777777,
        "median_ns": 7115.555555555556,
        "min_ns": 1698.0,
        "max_ns": 7115.555555555556,
        "variance_ns2": 14674954.098765431,
        "iqr_ns": 5417.555555555556,
        "q1_ns": 1698.0,
        "q3_ns": 7115.555555555556
      },
      "first_seen_ts_ns": 1749996677507124485,
      "last_seen_ts_ns": 1749996691651347567,
      "duration_active_s": 14.144223082
    },
    {
      "tgid": 44,
      "comm": "bash",
      "cgroup_id": 41523,
      "on_cpu_stats_ns": {
        "count": 20.0,
        "sum_ns": 207101.0,
        "mean_ns": 10355.05,
        "median_ns": 8723.712270093223,
        "min_ns": 5891.0,
        "max_ns": 22925.0,
        "variance_ns2": 20710586.365789477,
        "iqr_ns": 3998.4264566811435,
        "q1_ns": 7091.733333333334,
        "q3_ns": 11090.159790014477
      },
      "runq_latency_stats_ns": {
        "count": 20.0,
        "sum_ns": 269263.0,
        "mean_ns": 13463.15,
        "median_ns": 16889.539959215166,
        "min_ns": 2946.0,
        "max_ns": 24065.0,
        "variance_ns2": 50026878.66052631,
        "iqr_ns": 12209.466578279971,
        "q1_ns": 7313.677040822765,
        "q3_ns": 19523.143619102735
      },
      "first_seen_ts_ns": 1749996627443460565,
      "last_seen_ts_ns": 1749996691447677152,
      "duration_active_s": 64.004216587
    }
  ]
}
[14:11:31] Cleanup complete. Exiting.
