unlimited
PROGRAM: cpu
Looking for /opt/programs/cpu/ebpf-collect.c
[01:35:20] Waiting for start indicator file: '/mnt/flux/start_ebpf_collection'.
[01:35:27] Start indicator found. Proceeding with monitoring.
[01:35:27] Initializing eBPF for CPU Scheduling monitoring...
[01:35:27] BPF C code compiled and loaded.
[01:35:27] Attached tracepoints.
[01:35:27] Monitoring CPU scheduling events (polling aggregated map)... Press Ctrl+C to stop.
[01:36:33] Stop indicator file '/mnt/flux/stop_ebpf_collection' found. Stopping.
[01:36:33] Initiating cleanup sequence...
{
  "final_aggregated_summary_river": [
    {
      "tgid": 41,
      "comm": "bash",
      "cgroup_id": 50721,
      "on_cpu_stats_ns": {
        "count": 105.0,
        "sum_ns": 16857455.666666668,
        "mean_ns": 160547.19682539682,
        "median_ns": 61877.60535392864,
        "min_ns": 10660.0,
        "max_ns": 832172.0,
        "variance_ns2": 42934440018.597084,
        "iqr_ns": 183148.98439597478,
        "q1_ns": 25026.00209890846,
        "q3_ns": 208174.98649488325
      },
      "runq_latency_stats_ns": {
        "count": 105.0,
        "sum_ns": 43955935.00000003,
        "mean_ns": 418627.95238095266,
        "median_ns": 13467.481694230582,
        "min_ns": 2400.0,
        "max_ns": 22506621.0,
        "variance_ns2": 5434786769995.241,
        "iqr_ns": 4600.638641136043,
        "q1_ns": 5462.88602352752,
        "q3_ns": 10063.524664663562
      },
      "first_seen_ts_ns": 1749692127926118423,
      "last_seen_ts_ns": 1749692193645994322,
      "duration_active_s": 65.719875899
    },
    {
      "tgid": 225,
      "comm": "xhpcg",
      "cgroup_id": 50791,
      "on_cpu_stats_ns": {
        "count": 4.0,
        "sum_ns": 2305051.4878711486,
        "mean_ns": 576262.8719677872,
        "median_ns": 988648.9857142858,
        "min_ns": 12401.86,
        "max_ns": 1077542.0588235294,
        "variance_ns2": 287215137050.0292,
        "iqr_ns": 851083.475490196,
        "q1_ns": 226458.58333333334,
        "q3_ns": 1077542.0588235294
      },
      "runq_latency_stats_ns": {
        "count": 5.0,
        "sum_ns": 93662.77902465334,
        "mean_ns": 18732.555804930667,
        "median_ns": 8100.0,
        "min_ns": 4365.734693877551,
        "max_ns": 59794.666666666664,
        "variance_ns2": 538145474.5002272,
        "iqr_ns": 6003.739982949703,
        "q1_ns": 7699.31884057971,
        "q3_ns": 13703.058823529413
      },
      "first_seen_ts_ns": 1749692138172276919,
      "last_seen_ts_ns": 1749692139014127051,
      "duration_active_s": 0.841850132
    },
    {
      "tgid": 1,
      "comm": "pause",
      "cgroup_id": 50441,
      "on_cpu_stats_ns": {
        "count": 2.0,
        "sum_ns": 867538.7777777778,
        "mean_ns": 433769.3888888889,
        "median_ns": 478729.0,
        "min_ns": 388809.77777777775,
        "max_ns": 478729.0,
        "variance_ns2": 4042733262.5246935,
        "iqr_ns": 89919.22222222225,
        "q1_ns": 388809.77777777775,
        "q3_ns": 478729.0
      },
      "runq_latency_stats_ns": {
        "count": 2.0,
        "sum_ns": 14369.666666666666,
        "mean_ns": 7184.833333333333,
        "median_ns": 10474.666666666666,
        "min_ns": 3895.0,
        "max_ns": 10474.666666666666,
        "variance_ns2": 21646006.722222216,
        "iqr_ns": 6579.666666666666,
        "q1_ns": 3895.0,
        "q3_ns": 10474.666666666666
      },
      "first_seen_ts_ns": 1749692176382272245,
      "last_seen_ts_ns": 1749692193645994322,
      "duration_active_s": 17.263722077
    }
  ]
}
[01:36:33] Cleanup complete. Exiting.
