ln: failed to create symbolic link '/mnt/flux/view/lib/python': File exists
ln: failed to create symbolic link '/mnt/flux/view/lib/python3': File exists
unlimited
PROGRAM: cpu
Looking for /opt/programs/cpu/ebpf-collect.c
[14:12:03] Waiting for start indicator file: '/mnt/flux/start_ebpf_collection'.
[14:12:09] Start indicator found. Proceeding with monitoring.
[14:12:09] Initializing eBPF for CPU Scheduling monitoring...
[14:12:09] BPF C code compiled and loaded.
[14:12:09] Attached tracepoints.
[14:12:09] Monitoring CPU scheduling events (polling aggregated map)... Press Ctrl+C to stop.
[14:13:12] Stop indicator file '/mnt/flux/stop_ebpf_collection' found. Stopping.
[14:13:12] Initiating cleanup sequence...
{
  "final_aggregated_summary_river": [
    {
      "tgid": 40,
      "comm": "bash",
      "cgroup_id": 42284,
      "on_cpu_stats_ns": {
        "count": 84.0,
        "sum_ns": 3706862.281092436,
        "mean_ns": 44129.312870148045,
        "median_ns": 29652.608188058177,
        "min_ns": 4554.333333333333,
        "max_ns": 232745.5,
        "variance_ns2": 2106187696.1061828,
        "iqr_ns": 29927.027619220524,
        "q1_ns": 15805.653917463966,
        "q3_ns": 45732.68153668449
      },
      "runq_latency_stats_ns": {
        "count": 84.0,
        "sum_ns": 1643549.586930227,
        "mean_ns": 19566.066511074132,
        "median_ns": 6462.2809149074965,
        "min_ns": 1460.0,
        "max_ns": 482714.0,
        "variance_ns2": 4736657961.195522,
        "iqr_ns": 5978.811679395998,
        "q1_ns": 4320.715344103137,
        "q3_ns": 10299.527023499135
      },
      "first_seen_ts_ns": 1749996730055733082,
      "last_seen_ts_ns": 1749996792868184033,
      "duration_active_s": 62.812450951
    },
    {
      "tgid": 1,
      "comm": "pause",
      "cgroup_id": 41948,
      "on_cpu_stats_ns": {
        "count": 2.0,
        "sum_ns": 515008.44444444444,
        "mean_ns": 257504.22222222222,
        "median_ns": 266863.3333333333,
        "min_ns": 248145.11111111112,
        "max_ns": 266863.3333333333,
        "variance_ns2": 175185921.5802463,
        "iqr_ns": 18718.22222222219,
        "q1_ns": 248145.11111111112,
        "q3_ns": 266863.3333333333
      },
      "runq_latency_stats_ns": {
        "count": 2.0,
        "sum_ns": 6189.333333333333,
        "mean_ns": 3094.6666666666665,
        "median_ns": 3976.6666666666665,
        "min_ns": 2212.6666666666665,
        "max_ns": 3976.6666666666665,
        "variance_ns2": 1555848.0,
        "iqr_ns": 1764.0,
        "q1_ns": 2212.6666666666665,
        "q3_ns": 3976.6666666666665
      },
      "first_seen_ts_ns": 1749996737543449836,
      "last_seen_ts_ns": 1749996792868184033,
      "duration_active_s": 55.324734197
    }
  ]
}
[14:13:12] Cleanup complete. Exiting.
