unlimited
PROGRAM: cpu
Looking for /opt/programs/cpu/ebpf-collect.c
[01:31:39] Waiting for start indicator file: '/mnt/flux/start_ebpf_collection'.
[01:31:45] Start indicator found. Proceeding with monitoring.
[01:31:45] Initializing eBPF for CPU Scheduling monitoring...
[01:31:45] BPF C code compiled and loaded.
[01:31:45] Attached tracepoints.
[01:31:45] Monitoring CPU scheduling events (polling aggregated map)... Press Ctrl+C to stop.
[01:32:52] Stop indicator file '/mnt/flux/stop_ebpf_collection' found. Stopping.
[01:32:52] Initiating cleanup sequence...
{
  "final_aggregated_summary_river": [
    {
      "tgid": 31,
      "comm": "bash",
      "cgroup_id": 12678,
      "on_cpu_stats_ns": {
        "count": 27.0,
        "sum_ns": 1809160.583333333,
        "mean_ns": 67005.94753086418,
        "median_ns": 48896.184074018405,
        "min_ns": 4311.0,
        "max_ns": 223952.0,
        "variance_ns2": 3395907039.257024,
        "iqr_ns": 75737.33986774235,
        "q1_ns": 20189.006231628453,
        "q3_ns": 95926.34609937081
      },
      "runq_latency_stats_ns": {
        "count": 27.0,
        "sum_ns": 138120.66666666666,
        "mean_ns": 5115.58024691358,
        "median_ns": 3061.5757264680815,
        "min_ns": 865.0,
        "max_ns": 19679.0,
        "variance_ns2": 21042534.45591959,
        "iqr_ns": 4195.111069151861,
        "q1_ns": 2083.385493055556,
        "q3_ns": 6278.496562207416
      },
      "first_seen_ts_ns": 1749778305963670942,
      "last_seen_ts_ns": 1749778372352814164,
      "duration_active_s": 66.389143222
    },
    {
      "tgid": 1,
      "comm": "pause",
      "cgroup_id": 12538,
      "on_cpu_stats_ns": {
        "count": 2.0,
        "sum_ns": 704453.6666666667,
        "mean_ns": 352226.8333333334,
        "median_ns": 356462.6666666667,
        "min_ns": 347991.0,
        "max_ns": 356462.6666666667,
        "variance_ns2": 35884568.05555597,
        "iqr_ns": 8471.666666666686,
        "q1_ns": 347991.0,
        "q3_ns": 356462.6666666667
      },
      "runq_latency_stats_ns": {
        "count": 2.0,
        "sum_ns": 4327.111111111111,
        "mean_ns": 2163.5555555555557,
        "median_ns": 2172.0,
        "min_ns": 2155.1111111111113,
        "max_ns": 2172.0,
        "variance_ns2": 142.61728395061388,
        "iqr_ns": 16.888888888888687,
        "q1_ns": 2155.1111111111113,
        "q3_ns": 2172.0
      },
      "first_seen_ts_ns": 1749778352399944935,
      "last_seen_ts_ns": 1749778372352814164,
      "duration_active_s": 19.952869229
    },
    {
      "tgid": 65,
      "comm": "bash",
      "cgroup_id": 12818,
      "on_cpu_stats_ns": {
        "count": 28.0,
        "sum_ns": 311005.88636363635,
        "mean_ns": 11107.353084415583,
        "median_ns": 10028.974537803519,
        "min_ns": 4059.0,
        "max_ns": 25045.0,
        "variance_ns2": 24155190.255872443,
        "iqr_ns": 4070.7565968477174,
        "q1_ns": 8599.265438105016,
        "q3_ns": 12670.022034952734
      },
      "runq_latency_stats_ns": {
        "count": 28.0,
        "sum_ns": 201799.48863636365,
        "mean_ns": 7207.1245941558445,
        "median_ns": 5695.605898718794,
        "min_ns": 1616.625,
        "max_ns": 15319.0,
        "variance_ns2": 19378219.577340476,
        "iqr_ns": 8746.041169579205,
        "q1_ns": 2618.3329090480415,
        "q3_ns": 11364.374078627246
      },
      "first_seen_ts_ns": 1749778305758400110,
      "last_seen_ts_ns": 1749778371332812172,
      "duration_active_s": 65.574412062
    }
  ]
}
[01:32:52] Cleanup complete. Exiting.
