ln: failed to create symbolic link '/mnt/flux/view/lib/python': File exists
ln: failed to create symbolic link '/mnt/flux/view/lib/python3': File exists
unlimited
PROGRAM: cpu
Looking for /opt/programs/cpu/ebpf-collect.c
[02:05:59] Waiting for start indicator file: '/mnt/flux/start_ebpf_collection'.
[02:06:04] Start indicator found. Proceeding with monitoring.
[02:06:04] Initializing eBPF for CPU Scheduling monitoring...
[02:06:04] BPF C code compiled and loaded.
[02:06:04] Attached tracepoints.
[02:06:04] Monitoring CPU scheduling events (polling aggregated map)... Press Ctrl+C to stop.
[02:07:17] Stop indicator file '/mnt/flux/stop_ebpf_collection' found. Stopping.
[02:07:17] Initiating cleanup sequence...
{
  "final_aggregated_summary_river": [
    {
      "tgid": 31,
      "comm": "bash",
      "cgroup_id": 60311,
      "on_cpu_stats_ns": {
        "count": 97.0,
        "sum_ns": 7409569.666666666,
        "mean_ns": 76387.31615120274,
        "median_ns": 46110.125441072276,
        "min_ns": 10250.0,
        "max_ns": 577265.0,
        "variance_ns2": 6880711307.889745,
        "iqr_ns": 61263.43593606287,
        "q1_ns": 26661.233804940905,
        "q3_ns": 87924.66974100377
      },
      "runq_latency_stats_ns": {
        "count": 98.0,
        "sum_ns": 6142514.749999999,
        "mean_ns": 62678.7219387755,
        "median_ns": 15257.332954482397,
        "min_ns": 2560.0,
        "max_ns": 3311671.0,
        "variance_ns2": 115350283259.65443,
        "iqr_ns": 15091.035166122703,
        "q1_ns": 6002.211641009578,
        "q3_ns": 21093.24680713228
      },
      "first_seen_ts_ns": 1749693965024749473,
      "last_seen_ts_ns": 1749694037693340843,
      "duration_active_s": 72.66859137
    },
    {
      "tgid": 1,
      "comm": "pause",
      "cgroup_id": 60101,
      "on_cpu_stats_ns": {
        "count": 3.0,
        "sum_ns": 1191981.0,
        "mean_ns": 397327.0,
        "median_ns": 396233.0,
        "min_ns": 378681.22222222225,
        "max_ns": 417066.77777777775,
        "variance_ns2": 369260345.8271595,
        "iqr_ns": 38385.555555555504,
        "q1_ns": 378681.22222222225,
        "q3_ns": 417066.77777777775
      },
      "runq_latency_stats_ns": {
        "count": 3.0,
        "sum_ns": 35252.33333333333,
        "mean_ns": 11750.777777777777,
        "median_ns": 12246.777777777777,
        "min_ns": 2955.5555555555557,
        "max_ns": 20050.0,
        "variance_ns2": 73239519.71604939,
        "iqr_ns": 17094.444444444445,
        "q1_ns": 2955.5555555555557,
        "q3_ns": 20050.0
      },
      "first_seen_ts_ns": 1749693976774134957,
      "last_seen_ts_ns": 1749694037693340843,
      "duration_active_s": 60.919205886
    }
  ]
}
[02:07:17] Cleanup complete. Exiting.
