unlimited
PROGRAM: cpu
Looking for /opt/programs/cpu/ebpf-collect.c
[03:49:43] Waiting for start indicator file: '/mnt/flux/start_ebpf_collection'.
[03:49:49] Start indicator found. Proceeding with monitoring.
[03:49:49] Initializing eBPF for CPU Scheduling monitoring...
[03:49:49] BPF C code compiled and loaded.
[03:49:49] Attached tracepoints.
[03:49:49] Monitoring CPU scheduling events (polling aggregated map)... Press Ctrl+C to stop.
[03:50:53] Stop indicator file '/mnt/flux/stop_ebpf_collection' found. Stopping.
[03:50:53] Initiating cleanup sequence...
{
  "final_aggregated_summary_river": [
    {
      "tgid": 88,
      "comm": "python3",
      "cgroup_id": 13608,
      "on_cpu_stats_ns": {
        "count": 170.0,
        "sum_ns": 2392264.4715836076,
        "mean_ns": 14072.143950491809,
        "median_ns": 11107.96530355214,
        "min_ns": 3248.6666666666665,
        "max_ns": 141605.5,
        "variance_ns2": 385805422.4354755,
        "iqr_ns": 4995.304701880031,
        "q1_ns": 7846.705136270341,
        "q3_ns": 12842.009838150372
      },
      "runq_latency_stats_ns": {
        "count": 170.0,
        "sum_ns": 12475227.24556582,
        "mean_ns": 73383.68967979895,
        "median_ns": 4775.637727020147,
        "min_ns": 405.36538461538464,
        "max_ns": 10046933.0,
        "variance_ns2": 594832886170.214,
        "iqr_ns": 5560.008244614975,
        "q1_ns": 3302.957840974698,
        "q3_ns": 8862.966085589673
      },
      "first_seen_ts_ns": 1750132190311629510,
      "last_seen_ts_ns": 1750132253980624686,
      "duration_active_s": 63.668995176
    },
    {
      "tgid": 1,
      "comm": "pause",
      "cgroup_id": 13356,
      "on_cpu_stats_ns": {
        "count": 2.0,
        "sum_ns": 555605.2142857143,
        "mean_ns": 277802.60714285716,
        "median_ns": 346904.71428571426,
        "min_ns": 208700.5,
        "max_ns": 346904.71428571426,
        "variance_ns2": 9550202423.16581,
        "iqr_ns": 138204.21428571426,
        "q1_ns": 208700.5,
        "q3_ns": 346904.71428571426
      },
      "runq_latency_stats_ns": {
        "count": 2.0,
        "sum_ns": 5094.785714285714,
        "mean_ns": 2547.392857142857,
        "median_ns": 4258.5,
        "min_ns": 836.2857142857143,
        "max_ns": 4258.5,
        "variance_ns2": 5855775.308673468,
        "iqr_ns": 3422.214285714286,
        "q1_ns": 836.2857142857143,
        "q3_ns": 4258.5
      },
      "first_seen_ts_ns": 1750132233664466003,
      "last_seen_ts_ns": 1750132253980624686,
      "duration_active_s": 20.316158683
    },
    {
      "tgid": 44,
      "comm": "bash",
      "cgroup_id": 13692,
      "on_cpu_stats_ns": {
        "count": 15.0,
        "sum_ns": 137894.0,
        "mean_ns": 9192.933333333332,
        "median_ns": 8524.249074074074,
        "min_ns": 5022.0,
        "max_ns": 17616.0,
        "variance_ns2": 12952422.923809526,
        "iqr_ns": 4069.1311614083243,
        "q1_ns": 6462.0,
        "q3_ns": 10531.131161408324
      },
      "runq_latency_stats_ns": {
        "count": 15.0,
        "sum_ns": 154318.0,
        "mean_ns": 10287.866666666667,
        "median_ns": 11643.333465608468,
        "min_ns": 2776.0,
        "max_ns": 13462.0,
        "variance_ns2": 15361524.26666667,
        "iqr_ns": 3184.4899691358023,
        "q1_ns": 9970.697530864198,
        "q3_ns": 13155.1875
      },
      "first_seen_ts_ns": 1750132192526067819,
      "last_seen_ts_ns": 1750132252460080739,
      "duration_active_s": 59.93401292
    }
  ]
}
[03:50:53] Cleanup complete. Exiting.
