unlimited
PROGRAM: cpu
Looking for /opt/programs/cpu/ebpf-collect.c
[14:30:09] Waiting for start indicator file: '/mnt/flux/start_ebpf_collection'.
[14:30:15] Start indicator found. Proceeding with monitoring.
[14:30:15] Initializing eBPF for CPU Scheduling monitoring...
[14:30:15] BPF C code compiled and loaded.
[14:30:15] Attached tracepoints.
[14:30:15] Monitoring CPU scheduling events (polling aggregated map)... Press Ctrl+C to stop.
[14:31:02] Stop indicator file '/mnt/flux/stop_ebpf_collection' found. Stopping.
[14:31:02] Initiating cleanup sequence...
{
  "final_aggregated_summary_river": [
    {
      "tgid": 40,
      "comm": "bash",
      "cgroup_id": 50670,
      "on_cpu_stats_ns": {
        "count": 74.0,
        "sum_ns": 10061288.333333328,
        "mean_ns": 135963.3558558558,
        "median_ns": 48944.59921461991,
        "min_ns": 4989.0,
        "max_ns": 919960.0,
        "variance_ns2": 40986506092.91901,
        "iqr_ns": 82844.73018476363,
        "q1_ns": 28280.992450412665,
        "q3_ns": 111125.7226351763
      },
      "runq_latency_stats_ns": {
        "count": 74.0,
        "sum_ns": 17596038.58333334,
        "mean_ns": 237784.30518018026,
        "median_ns": 6242.419521198406,
        "min_ns": 1141.0,
        "max_ns": 9958289.0,
        "variance_ns2": 1605226778780.6865,
        "iqr_ns": 8618.369679979493,
        "q1_ns": 4916.44233810013,
        "q3_ns": 13534.812018079621
      },
      "first_seen_ts_ns": 1749997815991958183,
      "last_seen_ts_ns": 1749997862679722336,
      "duration_active_s": 46.687764153
    },
    {
      "tgid": 1,
      "comm": "pause",
      "cgroup_id": 50334,
      "on_cpu_stats_ns": {
        "count": 2.0,
        "sum_ns": 715478.3492063492,
        "mean_ns": 357739.1746031746,
        "median_ns": 456482.5714285714,
        "min_ns": 258995.77777777778,
        "max_ns": 456482.5714285714,
        "variance_ns2": 19500516833.23557,
        "iqr_ns": 197486.79365079364,
        "q1_ns": 258995.77777777778,
        "q3_ns": 456482.5714285714
      },
      "runq_latency_stats_ns": {
        "count": 2.0,
        "sum_ns": 6523.190476190476,
        "mean_ns": 3261.595238095238,
        "median_ns": 4072.3333333333335,
        "min_ns": 2450.8571428571427,
        "max_ns": 4072.3333333333335,
        "variance_ns2": 1314592.51814059,
        "iqr_ns": 1621.4761904761908,
        "q1_ns": 2450.8571428571427,
        "q3_ns": 4072.3333333333335
      },
      "first_seen_ts_ns": 1749997817726575155,
      "last_seen_ts_ns": 1749997862679722336,
      "duration_active_s": 44.953147181
    },
    {
      "tgid": 250,
      "comm": "xhpcg",
      "cgroup_id": 50754,
      "on_cpu_stats_ns": {
        "count": 4.0,
        "sum_ns": 67031.30769230769,
        "mean_ns": 16757.826923076922,
        "median_ns": 18547.53846153846,
        "min_ns": 7926.7692307692305,
        "max_ns": 25993.0,
        "variance_ns2": 57097315.22830374,
        "iqr_ns": 11429.0,
        "q1_ns": 14564.0,
        "q3_ns": 25993.0
      },
      "runq_latency_stats_ns": {
        "count": 4.0,
        "sum_ns": 18241.615384615383,
        "mean_ns": 4560.403846153846,
        "median_ns": 3512.0,
        "min_ns": 2876.923076923077,
        "max_ns": 8533.0,
        "variance_ns2": 7084714.482741617,
        "iqr_ns": 5213.307692307692,
        "q1_ns": 3319.6923076923076,
        "q3_ns": 8533.0
      },
      "first_seen_ts_ns": 1749997842963470569,
      "last_seen_ts_ns": 1749997849893449820,
      "duration_active_s": 6.929979251
    }
  ]
}
[14:31:02] Cleanup complete. Exiting.
