unlimited
PROGRAM: cpu
Looking for /opt/programs/cpu/ebpf-collect.c
[06:07:31] Waiting for start indicator file: '/mnt/flux/start_ebpf_collection'.
[06:07:32] Start indicator found. Proceeding with monitoring.
[06:07:32] Initializing eBPF for CPU Scheduling monitoring...
[06:07:32] BPF C code compiled and loaded.
[06:07:32] Attached tracepoints.
[06:07:32] Monitoring CPU scheduling events (polling aggregated map)... Press Ctrl+C to stop.
[06:08:33] Stop indicator file '/mnt/flux/stop_ebpf_collection' found. Stopping.
[06:08:33] Initiating cleanup sequence...
{
  "final_aggregated_summary_river": [
    {
      "tgid": 31,
      "comm": "bash",
      "cgroup_id": 58575,
      "on_cpu_stats_ns": {
        "count": 63.0,
        "sum_ns": 3118060.6666666674,
        "mean_ns": 49493.02645502647,
        "median_ns": 20779.12826813102,
        "min_ns": 6699.0,
        "max_ns": 356836.0,
        "variance_ns2": 4203625110.831727,
        "iqr_ns": 35902.405733583655,
        "q1_ns": 13281.055023061383,
        "q3_ns": 49183.460756645036
      },
      "runq_latency_stats_ns": {
        "count": 63.0,
        "sum_ns": 547735.7499999999,
        "mean_ns": 8694.218253968253,
        "median_ns": 8453.586312607422,
        "min_ns": 1424.0,
        "max_ns": 23050.0,
        "variance_ns2": 29911585.225006405,
        "iqr_ns": 7795.041787621189,
        "q1_ns": 4170.026202140636,
        "q3_ns": 11965.067989761825
      },
      "first_seen_ts_ns": 1749622052951277405,
      "last_seen_ts_ns": 1749622113156595977,
      "duration_active_s": 60.205318572
    },
    {
      "tgid": 225,
      "comm": "xhpcg",
      "cgroup_id": 58715,
      "on_cpu_stats_ns": {
        "count": 114.0,
        "sum_ns": 1163994.987545636,
        "mean_ns": 10210.482346891544,
        "median_ns": 9518.959186140504,
        "min_ns": 6234.166666666667,
        "max_ns": 18760.875,
        "variance_ns2": 5766070.329000436,
        "iqr_ns": 2500.3293298525514,
        "q1_ns": 8807.189830804342,
        "q3_ns": 11307.519160656893
      },
      "runq_latency_stats_ns": {
        "count": 114.0,
        "sum_ns": 2606813.7699619895,
        "mean_ns": 22866.787455806923,
        "median_ns": 4796.514820259239,
        "min_ns": 1906.75,
        "max_ns": 1993513.5882352942,
        "variance_ns2": 34752648438.00268,
        "iqr_ns": 2188.664291224899,
        "q1_ns": 3652.288343938546,
        "q3_ns": 5840.952635163445
      },
      "first_seen_ts_ns": 1749622053156818712,
      "last_seen_ts_ns": 1749622065883909790,
      "duration_active_s": 12.727091078
    },
    {
      "tgid": 1,
      "comm": "pause",
      "cgroup_id": 58365,
      "on_cpu_stats_ns": {
        "count": 2.0,
        "sum_ns": 519694.1818181818,
        "mean_ns": 259847.0909090909,
        "median_ns": 289978.1818181818,
        "min_ns": 229716.0,
        "max_ns": 289978.1818181818,
        "variance_ns2": 1815765278.743802,
        "iqr_ns": 60262.18181818182,
        "q1_ns": 229716.0,
        "q3_ns": 289978.1818181818
      },
      "runq_latency_stats_ns": {
        "count": 2.0,
        "sum_ns": 6685.0,
        "mean_ns": 3342.5,
        "median_ns": 3427.0,
        "min_ns": 3258.0,
        "max_ns": 3427.0,
        "variance_ns2": 14280.5,
        "iqr_ns": 169.0,
        "q1_ns": 3258.0,
        "q3_ns": 3427.0
      },
      "first_seen_ts_ns": 1749622061847274249,
      "last_seen_ts_ns": 1749622113156595977,
      "duration_active_s": 51.309321728
    }
  ]
}
[06:08:33] Cleanup complete. Exiting.
