ln: failed to create symbolic link '/mnt/flux/view/lib/python': File exists
ln: failed to create symbolic link '/mnt/flux/view/lib/python3': File exists
unlimited
PROGRAM: cpu
Looking for /opt/programs/cpu/ebpf-collect.c
[13:55:08] Waiting for start indicator file: '/mnt/flux/start_ebpf_collection'.
[13:55:14] Start indicator found. Proceeding with monitoring.
[13:55:14] Initializing eBPF for CPU Scheduling monitoring...
[13:55:14] BPF C code compiled and loaded.
[13:55:14] Attached tracepoints.
[13:55:14] Monitoring CPU scheduling events (polling aggregated map)... Press Ctrl+C to stop.
[13:56:22] Stop indicator file '/mnt/flux/stop_ebpf_collection' found. Stopping.
[13:56:22] Initiating cleanup sequence...
{
  "final_aggregated_summary_river": [
    {
      "tgid": 40,
      "comm": "bash",
      "cgroup_id": 30484,
      "on_cpu_stats_ns": {
        "count": 65.0,
        "sum_ns": 6274520.600000001,
        "mean_ns": 96531.08615384616,
        "median_ns": 59037.32487730066,
        "min_ns": 8516.0,
        "max_ns": 621194.0,
        "variance_ns2": 16256278671.273428,
        "iqr_ns": 73622.88820148121,
        "q1_ns": 21099.41125206223,
        "q3_ns": 94722.29945354344
      },
      "runq_latency_stats_ns": {
        "count": 66.0,
        "sum_ns": 2477192.9666666677,
        "mean_ns": 37533.22676767678,
        "median_ns": 10252.045727307746,
        "min_ns": 1460.5,
        "max_ns": 1687936.6666666667,
        "variance_ns2": 42729119732.502686,
        "iqr_ns": 8086.291189556026,
        "q1_ns": 4746.456504423353,
        "q3_ns": 12832.74769397938
      },
      "first_seen_ts_ns": 1749995714793440217,
      "last_seen_ts_ns": 1749995782512894557,
      "duration_active_s": 67.71945434
    },
    {
      "tgid": 1,
      "comm": "pause",
      "cgroup_id": 30148,
      "on_cpu_stats_ns": {
        "count": 3.0,
        "sum_ns": 1203862.111111111,
        "mean_ns": 401287.37037037034,
        "median_ns": 235323.11111111112,
        "min_ns": 220477.0,
        "max_ns": 748062.0,
        "variance_ns2": 90244584569.85597,
        "iqr_ns": 527585.0,
        "q1_ns": 220477.0,
        "q3_ns": 748062.0
      },
      "runq_latency_stats_ns": {
        "count": 3.0,
        "sum_ns": 7170.777777777777,
        "mean_ns": 2390.259259259259,
        "median_ns": 1636.2222222222222,
        "min_ns": 1461.0,
        "max_ns": 4073.5555555555557,
        "variance_ns2": 2132790.5226337444,
        "iqr_ns": 2612.5555555555557,
        "q1_ns": 1461.0,
        "q3_ns": 4073.5555555555557
      },
      "first_seen_ts_ns": 1749995717513416681,
      "last_seen_ts_ns": 1749995782512894557,
      "duration_active_s": 64.999477876
    },
    {
      "tgid": 57,
      "comm": "bash",
      "cgroup_id": 30568,
      "on_cpu_stats_ns": {
        "count": 1.0,
        "sum_ns": 128588.0,
        "mean_ns": 128588.0,
        "median_ns": 128588.0,
        "min_ns": 128588.0,
        "max_ns": 128588.0,
        "variance_ns2": null,
        "iqr_ns": 0.0,
        "q1_ns": 128588.0,
        "q3_ns": 128588.0
      },
      "runq_latency_stats_ns": {
        "count": 1.0,
        "sum_ns": 6145.0,
        "mean_ns": 6145.0,
        "median_ns": 6145.0,
        "min_ns": 6145.0,
        "max_ns": 6145.0,
        "variance_ns2": null,
        "iqr_ns": 0.0,
        "q1_ns": 6145.0,
        "q3_ns": 6145.0
      },
      "first_seen_ts_ns": 1749995723103440476,
      "last_seen_ts_ns": 1749995723103440476,
      "duration_active_s": 0
    }
  ]
}
[13:56:22] Cleanup complete. Exiting.
