,feature.node.kubernetes.io/cpu-hardware_multithreading,feature.node.kubernetes.io/cpu-model.family,feature.node.kubernetes.io/cpu-model.id,feature.node.kubernetes.io/cpu-model.vendor_id,feature.node.kubernetes.io/kernel-version.full,feature.node.kubernetes.io/kernel-version.major,feature.node.kubernetes.io/kernel-version.minor,feature.node.kubernetes.io/kernel-version.revision,feature.node.kubernetes.io/system-os_release.ID,feature.node.kubernetes.io/system-os_release.VERSION_ID,feature.node.kubernetes.io/system-os_release.VERSION_ID.major,optimization,cores,threads,micro_arch,futex_waiting_ns,cpu_running_ns,cpu_waiting_ns,y_actual
hpc7g.16xlarge.cortex-a72-Og.0.0,false,31,54273,ARM,6.1.134-152.225.amzn2023.aarch64,6,1,134,amzn,2023,2023,cortex-a72,64.0,1.0,Og,6530.0,116390.0,79795.0,46.476
hpc7g.16xlarge.cortex-a72-Og.1.0,false,31,54273,ARM,6.1.134-152.225.amzn2023.aarch64,6,1,134,amzn,2023,2023,cortex-a72,64.0,1.0,Og,6530.0,116390.0,79795.0,43.1781
hpc7g.16xlarge.cortex-a72-Og.2.0,false,31,54273,ARM,6.1.134-152.225.amzn2023.aarch64,6,1,134,amzn,2023,2023,cortex-a72,64.0,1.0,Og,6530.0,116390.0,79795.0,48.4539
hpc7g.16xlarge.neoverse-v2-O3.0.0,false,31,54273,ARM,6.1.134-152.225.amzn2023.aarch64,6,1,134,amzn,2023,2023,neoverse-v2,64.0,1.0,O3,5958.0,134215.6666666667,129003.0,46.42
hpc7g.16xlarge.neoverse-v2-O3.1.0,false,31,54273,ARM,6.1.134-152.225.amzn2023.aarch64,6,1,134,amzn,2023,2023,neoverse-v2,64.0,1.0,O3,5958.0,134215.6666666667,129003.0,48.9633
hpc7g.16xlarge.neoverse-v2-O3.2.0,false,31,54273,ARM,6.1.134-152.225.amzn2023.aarch64,6,1,134,amzn,2023,2023,neoverse-v2,64.0,1.0,O3,5958.0,134215.6666666667,129003.0,47.9295
hpc7g.16xlarge.cortex-x1-Og.0.0,false,31,54273,ARM,6.1.134-152.225.amzn2023.aarch64,6,1,134,amzn,2023,2023,cortex-x1,64.0,1.0,Og,6594.0,98084.0,39788.0,46.8706
hpc7g.16xlarge.cortex-x1-Og.1.0,false,31,54273,ARM,6.1.134-152.225.amzn2023.aarch64,6,1,134,amzn,2023,2023,cortex-x1,64.0,1.0,Og,6594.0,98084.0,39788.0,48.0736
hpc7g.16xlarge.cortex-x1-Og.2.0,false,31,54273,ARM,6.1.134-152.225.amzn2023.aarch64,6,1,134,amzn,2023,2023,cortex-x1,64.0,1.0,Og,6594.0,98084.0,39788.0,50.2812
hpc7g.16xlarge.cortex-a72-O2.0.0,false,31,54273,ARM,6.1.134-152.225.amzn2023.aarch64,6,1,134,amzn,2023,2023,cortex-a72,64.0,1.0,O2,6518.0,20769.0,444680.6666666667,43.4944
hpc7g.16xlarge.cortex-a72-O2.1.0,false,31,54273,ARM,6.1.134-152.225.amzn2023.aarch64,6,1,134,amzn,2023,2023,cortex-a72,64.0,1.0,O2,6518.0,20769.0,444680.6666666667,45.8821
hpc7g.16xlarge.cortex-a72-O2.2.0,false,31,54273,ARM,6.1.134-152.225.amzn2023.aarch64,6,1,134,amzn,2023,2023,cortex-a72,64.0,1.0,O2,6518.0,20769.0,444680.6666666667,48.9795
hpc7g.16xlarge.neoverse-n2-O0.0.0,false,31,54273,ARM,6.1.134-152.225.amzn2023.aarch64,6,1,134,amzn,2023,2023,neoverse-n2,64.0,1.0,O0,6215.0,5707.0,2523.875,30.4795
hpc7g.16xlarge.neoverse-n2-O0.1.0,false,31,54273,ARM,6.1.134-152.225.amzn2023.aarch64,6,1,134,amzn,2023,2023,neoverse-n2,64.0,1.0,O0,6215.0,5707.0,2523.875,38.1826
hpc7g.16xlarge.neoverse-n2-O0.2.0,false,31,54273,ARM,6.1.134-152.225.amzn2023.aarch64,6,1,134,amzn,2023,2023,neoverse-n2,64.0,1.0,O0,6215.0,5707.0,2523.875,38.9308
hpc7g.16xlarge.cortex-x1-O0.0.0,false,31,54273,ARM,6.1.134-152.225.amzn2023.aarch64,6,1,134,amzn,2023,2023,cortex-x1,64.0,1.0,O0,6245.0,78588.0,49152.0,35.3046
hpc7g.16xlarge.cortex-x1-O0.1.0,false,31,54273,ARM,6.1.134-152.225.amzn2023.aarch64,6,1,134,amzn,2023,2023,cortex-x1,64.0,1.0,O0,6245.0,78588.0,49152.0,38.2187
hpc7g.16xlarge.cortex-x1-O0.2.0,false,31,54273,ARM,6.1.134-152.225.amzn2023.aarch64,6,1,134,amzn,2023,2023,cortex-x1,64.0,1.0,O0,6245.0,78588.0,49152.0,37.4176
hpc7g.16xlarge.cortex-a53-Os.0.0,false,31,54273,ARM,6.1.134-152.225.amzn2023.aarch64,6,1,134,amzn,2023,2023,cortex-a53,64.0,1.0,Os,5939.0,95535.0,55215.0,46.432
hpc7g.16xlarge.cortex-a53-Os.1.0,false,31,54273,ARM,6.1.134-152.225.amzn2023.aarch64,6,1,134,amzn,2023,2023,cortex-a53,64.0,1.0,Os,5939.0,95535.0,55215.0,49.189
hpc7g.16xlarge.cortex-a53-Os.2.0,false,31,54273,ARM,6.1.134-152.225.amzn2023.aarch64,6,1,134,amzn,2023,2023,cortex-a53,64.0,1.0,Os,5939.0,95535.0,55215.0,49.1276
hpc7g.16xlarge.neoverse-n2-O2.0.0,false,31,54273,ARM,6.1.134-152.225.amzn2023.aarch64,6,1,134,amzn,2023,2023,neoverse-n2,64.0,1.0,O2,6555.0,107955.0,79350.0,44.3633
hpc7g.16xlarge.neoverse-n2-O2.1.0,false,31,54273,ARM,6.1.134-152.225.amzn2023.aarch64,6,1,134,amzn,2023,2023,neoverse-n2,64.0,1.0,O2,6555.0,107955.0,79350.0,39.4286
hpc7g.16xlarge.neoverse-n2-O2.2.0,false,31,54273,ARM,6.1.134-152.225.amzn2023.aarch64,6,1,134,amzn,2023,2023,neoverse-n2,64.0,1.0,O2,6555.0,107955.0,79350.0,48.8209
hpc7g.16xlarge.neoverse-n2-Ofast.0.0,false,31,54273,ARM,6.1.134-152.225.amzn2023.aarch64,6,1,134,amzn,2023,2023,neoverse-n2,64.0,1.0,Ofast,5742.0,132088.0,116856.0,45.0601
hpc7g.16xlarge.neoverse-n2-Ofast.1.0,false,31,54273,ARM,6.1.134-152.225.amzn2023.aarch64,6,1,134,amzn,2023,2023,neoverse-n2,64.0,1.0,Ofast,5742.0,132088.0,116856.0,49.2902
hpc7g.16xlarge.neoverse-n2-Ofast.2.0,false,31,54273,ARM,6.1.134-152.225.amzn2023.aarch64,6,1,134,amzn,2023,2023,neoverse-n2,64.0,1.0,Ofast,5742.0,132088.0,116856.0,49.8919
hpc7g.16xlarge.cortex-a57-Og.0.0,false,31,54273,ARM,6.1.134-152.225.amzn2023.aarch64,6,1,134,amzn,2023,2023,cortex-a57,64.0,1.0,Og,6464.0,122481.77777777778,103800.0,40.3022
hpc7g.16xlarge.cortex-a57-Og.1.0,false,31,54273,ARM,6.1.134-152.225.amzn2023.aarch64,6,1,134,amzn,2023,2023,cortex-a57,64.0,1.0,Og,6464.0,122481.77777777778,103800.0,50.5774
hpc7g.16xlarge.cortex-a57-Og.2.0,false,31,54273,ARM,6.1.134-152.225.amzn2023.aarch64,6,1,134,amzn,2023,2023,cortex-a57,64.0,1.0,Og,6464.0,122481.77777777778,103800.0,50.6564
hpc7g.16xlarge.a64fx-Ofast.0.0,false,31,54273,ARM,6.1.134-152.225.amzn2023.aarch64,6,1,134,amzn,2023,2023,a64fx,64.0,1.0,Ofast,6213.0,127142.00000000001,75075.0,43.644
hpc7g.16xlarge.a64fx-Ofast.1.0,false,31,54273,ARM,6.1.134-152.225.amzn2023.aarch64,6,1,134,amzn,2023,2023,a64fx,64.0,1.0,Ofast,6213.0,127142.00000000001,75075.0,46.5928
hpc7g.16xlarge.a64fx-Ofast.2.0,false,31,54273,ARM,6.1.134-152.225.amzn2023.aarch64,6,1,134,amzn,2023,2023,a64fx,64.0,1.0,Ofast,6213.0,127142.00000000001,75075.0,48.9624
hpc7g.16xlarge.neoverse-v1-O0.0.0,false,31,54273,ARM,6.1.134-152.225.amzn2023.aarch64,6,1,134,amzn,2023,2023,neoverse-v1,64.0,1.0,O0,6547.0,56095.0,51760.0,35.7662
hpc7g.16xlarge.neoverse-v1-O0.1.0,false,31,54273,ARM,6.1.134-152.225.amzn2023.aarch64,6,1,134,amzn,2023,2023,neoverse-v1,64.0,1.0,O0,6547.0,56095.0,51760.0,38.5432
hpc7g.16xlarge.neoverse-v1-O0.2.0,false,31,54273,ARM,6.1.134-152.225.amzn2023.aarch64,6,1,134,amzn,2023,2023,neoverse-v1,64.0,1.0,O0,6547.0,56095.0,51760.0,38.4899
hpc7g.16xlarge.native-Os.0.0,false,31,54273,ARM,6.1.134-152.225.amzn2023.aarch64,6,1,134,amzn,2023,2023,native,64.0,1.0,Os,6035.0,107232.0,70350.0,46.2219
hpc7g.16xlarge.native-Os.1.0,false,31,54273,ARM,6.1.134-152.225.amzn2023.aarch64,6,1,134,amzn,2023,2023,native,64.0,1.0,Os,6035.0,107232.0,70350.0,49.1367
hpc7g.16xlarge.native-Os.2.0,false,31,54273,ARM,6.1.134-152.225.amzn2023.aarch64,6,1,134,amzn,2023,2023,native,64.0,1.0,Os,6035.0,107232.0,70350.0,48.2637
hpc7g.16xlarge.generic-O2.0.0,false,31,54273,ARM,6.1.134-152.225.amzn2023.aarch64,6,1,134,amzn,2023,2023,generic,64.0,1.0,O2,6663.0,90824.0,56088.0,43.9436
hpc7g.16xlarge.generic-O2.1.0,false,31,54273,ARM,6.1.134-152.225.amzn2023.aarch64,6,1,134,amzn,2023,2023,generic,64.0,1.0,O2,6663.0,90824.0,56088.0,40.0385
hpc7g.16xlarge.generic-O2.2.0,false,31,54273,ARM,6.1.134-152.225.amzn2023.aarch64,6,1,134,amzn,2023,2023,generic,64.0,1.0,O2,6663.0,90824.0,56088.0,48.4791
hpc7g.16xlarge.cortex-a57-Ofast.0.0,false,31,54273,ARM,6.1.134-152.225.amzn2023.aarch64,6,1,134,amzn,2023,2023,cortex-a57,64.0,1.0,Ofast,6416.0,62633.0,486397.0,40.0337
hpc7g.16xlarge.cortex-a57-Ofast.1.0,false,31,54273,ARM,6.1.134-152.225.amzn2023.aarch64,6,1,134,amzn,2023,2023,cortex-a57,64.0,1.0,Ofast,6416.0,62633.0,486397.0,49.5313
hpc7g.16xlarge.cortex-a57-Ofast.2.0,false,31,54273,ARM,6.1.134-152.225.amzn2023.aarch64,6,1,134,amzn,2023,2023,cortex-a57,64.0,1.0,Ofast,6416.0,62633.0,486397.0,48.8378
hpc7g.16xlarge.cortex-a72-O0.0.0,false,31,54273,ARM,6.1.134-152.225.amzn2023.aarch64,6,1,134,amzn,2023,2023,cortex-a72,64.0,1.0,O0,6121.0,129920.0,52100.0,35.867
hpc7g.16xlarge.cortex-a72-O0.1.0,false,31,54273,ARM,6.1.134-152.225.amzn2023.aarch64,6,1,134,amzn,2023,2023,cortex-a72,64.0,1.0,O0,6121.0,129920.0,52100.0,38.2445
hpc7g.16xlarge.cortex-a72-O0.2.0,false,31,54273,ARM,6.1.134-152.225.amzn2023.aarch64,6,1,134,amzn,2023,2023,cortex-a72,64.0,1.0,O0,6121.0,129920.0,52100.0,38.3491
hpc7g.16xlarge.cortex-x1-Os.0.0,false,31,54273,ARM,6.1.134-152.225.amzn2023.aarch64,6,1,134,amzn,2023,2023,cortex-x1,64.0,1.0,Os,5981.0,291724.51408585324,68554.6232510288,45.906
hpc7g.16xlarge.cortex-x1-Os.1.0,false,31,54273,ARM,6.1.134-152.225.amzn2023.aarch64,6,1,134,amzn,2023,2023,cortex-x1,64.0,1.0,Os,5981.0,291724.51408585324,68554.6232510288,49.9376
hpc7g.16xlarge.cortex-x1-Os.2.0,false,31,54273,ARM,6.1.134-152.225.amzn2023.aarch64,6,1,134,amzn,2023,2023,cortex-x1,64.0,1.0,Os,5981.0,291724.51408585324,68554.6232510288,48.9312
hpc7g.16xlarge.neoverse-n1-Os.0.0,false,31,54273,ARM,6.1.134-152.225.amzn2023.aarch64,6,1,134,amzn,2023,2023,neoverse-n1,64.0,1.0,Os,6162.0,30541.0,4603.0,42.468
hpc7g.16xlarge.neoverse-n1-Os.1.0,false,31,54273,ARM,6.1.134-152.225.amzn2023.aarch64,6,1,134,amzn,2023,2023,neoverse-n1,64.0,1.0,Os,6162.0,30541.0,4603.0,48.9106
hpc7g.16xlarge.neoverse-n1-Os.2.0,false,31,54273,ARM,6.1.134-152.225.amzn2023.aarch64,6,1,134,amzn,2023,2023,neoverse-n1,64.0,1.0,Os,6162.0,30541.0,4603.0,48.9393
hpc7g.16xlarge.a64fx-O3.0.0,false,31,54273,ARM,6.1.134-152.225.amzn2023.aarch64,6,1,134,amzn,2023,2023,a64fx,64.0,1.0,O3,6197.0,59658.0,47079.0,47.1921
hpc7g.16xlarge.a64fx-O3.1.0,false,31,54273,ARM,6.1.134-152.225.amzn2023.aarch64,6,1,134,amzn,2023,2023,a64fx,64.0,1.0,O3,6197.0,59658.0,47079.0,48.6712
hpc7g.16xlarge.a64fx-O3.2.0,false,31,54273,ARM,6.1.134-152.225.amzn2023.aarch64,6,1,134,amzn,2023,2023,a64fx,64.0,1.0,O3,6197.0,59658.0,47079.0,48.8491
hpc7g.16xlarge.cortex-x1-O3.0.0,false,31,54273,ARM,6.1.134-152.225.amzn2023.aarch64,6,1,134,amzn,2023,2023,cortex-x1,64.0,1.0,O3,6330.0,81070.0,62085.0,46.4329
hpc7g.16xlarge.cortex-x1-O3.1.0,false,31,54273,ARM,6.1.134-152.225.amzn2023.aarch64,6,1,134,amzn,2023,2023,cortex-x1,64.0,1.0,O3,6330.0,81070.0,62085.0,49.247
hpc7g.16xlarge.cortex-x1-O3.2.0,false,31,54273,ARM,6.1.134-152.225.amzn2023.aarch64,6,1,134,amzn,2023,2023,cortex-x1,64.0,1.0,O3,6330.0,81070.0,62085.0,48.9934
hpc7g.16xlarge.native-O1.0.0,false,31,54273,ARM,6.1.134-152.225.amzn2023.aarch64,6,1,134,amzn,2023,2023,native,64.0,1.0,O1,6387.0,67254.0,71940.0,45.3638
hpc7g.16xlarge.native-O1.1.0,false,31,54273,ARM,6.1.134-152.225.amzn2023.aarch64,6,1,134,amzn,2023,2023,native,64.0,1.0,O1,6387.0,67254.0,71940.0,48.8186
hpc7g.16xlarge.native-O1.2.0,false,31,54273,ARM,6.1.134-152.225.amzn2023.aarch64,6,1,134,amzn,2023,2023,native,64.0,1.0,O1,6387.0,67254.0,71940.0,48.9216
hpc7g.16xlarge.generic-O1.0.0,false,31,54273,ARM,6.1.134-152.225.amzn2023.aarch64,6,1,134,amzn,2023,2023,generic,64.0,1.0,O1,6369.0,100602.0,61572.0,48.1995
hpc7g.16xlarge.generic-O1.1.0,false,31,54273,ARM,6.1.134-152.225.amzn2023.aarch64,6,1,134,amzn,2023,2023,generic,64.0,1.0,O1,6369.0,100602.0,61572.0,50.6722
hpc7g.16xlarge.generic-O1.2.0,false,31,54273,ARM,6.1.134-152.225.amzn2023.aarch64,6,1,134,amzn,2023,2023,generic,64.0,1.0,O1,6369.0,100602.0,61572.0,50.9371
hpc7g.16xlarge.neoverse-v1-O1.0.0,false,31,54273,ARM,6.1.134-152.225.amzn2023.aarch64,6,1,134,amzn,2023,2023,neoverse-v1,64.0,1.0,O1,6590.0,111954.0,99426.0,45.7744
hpc7g.16xlarge.neoverse-v1-O1.1.0,false,31,54273,ARM,6.1.134-152.225.amzn2023.aarch64,6,1,134,amzn,2023,2023,neoverse-v1,64.0,1.0,O1,6590.0,111954.0,99426.0,49.0202
hpc7g.16xlarge.neoverse-v1-O1.2.0,false,31,54273,ARM,6.1.134-152.225.amzn2023.aarch64,6,1,134,amzn,2023,2023,neoverse-v1,64.0,1.0,O1,6590.0,111954.0,99426.0,49.2059
hpc7g.16xlarge.generic-Os.0.0,false,31,54273,ARM,6.1.134-152.225.amzn2023.aarch64,6,1,134,amzn,2023,2023,generic,64.0,1.0,Os,5998.0,150464.88888888888,116320.0,43.801
hpc7g.16xlarge.generic-Os.1.0,false,31,54273,ARM,6.1.134-152.225.amzn2023.aarch64,6,1,134,amzn,2023,2023,generic,64.0,1.0,Os,5998.0,150464.88888888888,116320.0,43.2066
hpc7g.16xlarge.generic-Os.2.0,false,31,54273,ARM,6.1.134-152.225.amzn2023.aarch64,6,1,134,amzn,2023,2023,generic,64.0,1.0,Os,5998.0,150464.88888888888,116320.0,49.9622
hpc7g.16xlarge.generic-O3.0.0,false,31,54273,ARM,6.1.134-152.225.amzn2023.aarch64,6,1,134,amzn,2023,2023,generic,64.0,1.0,O3,6770.0,84836.0,52284.0,46.6974
hpc7g.16xlarge.generic-O3.1.0,false,31,54273,ARM,6.1.134-152.225.amzn2023.aarch64,6,1,134,amzn,2023,2023,generic,64.0,1.0,O3,6770.0,84836.0,52284.0,49.0358
hpc7g.16xlarge.generic-O3.2.0,false,31,54273,ARM,6.1.134-152.225.amzn2023.aarch64,6,1,134,amzn,2023,2023,generic,64.0,1.0,O3,6770.0,84836.0,52284.0,48.9255
hpc7g.16xlarge.cortex-a76-Ofast.0.0,false,31,54273,ARM,6.1.134-152.225.amzn2023.aarch64,6,1,134,amzn,2023,2023,cortex-a76,64.0,1.0,Ofast,6659.0,129716.45000000001,111394.8,46.4286
hpc7g.16xlarge.cortex-a76-Ofast.1.0,false,31,54273,ARM,6.1.134-152.225.amzn2023.aarch64,6,1,134,amzn,2023,2023,cortex-a76,64.0,1.0,Ofast,6659.0,129716.45000000001,111394.8,43.6572
hpc7g.16xlarge.cortex-a76-Ofast.2.0,false,31,54273,ARM,6.1.134-152.225.amzn2023.aarch64,6,1,134,amzn,2023,2023,cortex-a76,64.0,1.0,Ofast,6659.0,129716.45000000001,111394.8,48.2672
hpc7g.16xlarge.cortex-a53-O2.0.0,false,31,54273,ARM,6.1.134-152.225.amzn2023.aarch64,6,1,134,amzn,2023,2023,cortex-a53,64.0,1.0,O2,6802.0,6889.0,67679.0,46.7677
hpc7g.16xlarge.cortex-a53-O2.1.0,false,31,54273,ARM,6.1.134-152.225.amzn2023.aarch64,6,1,134,amzn,2023,2023,cortex-a53,64.0,1.0,O2,6802.0,6889.0,67679.0,49.193
hpc7g.16xlarge.cortex-a53-O2.2.0,false,31,54273,ARM,6.1.134-152.225.amzn2023.aarch64,6,1,134,amzn,2023,2023,cortex-a53,64.0,1.0,O2,6802.0,6889.0,67679.0,49.155
hpc7g.16xlarge.neoverse-v2-Ofast.0.0,false,31,54273,ARM,6.1.134-152.225.amzn2023.aarch64,6,1,134,amzn,2023,2023,neoverse-v2,64.0,1.0,Ofast,6419.0,19296.75,5245.75,46.3156
hpc7g.16xlarge.neoverse-v2-Ofast.1.0,false,31,54273,ARM,6.1.134-152.225.amzn2023.aarch64,6,1,134,amzn,2023,2023,neoverse-v2,64.0,1.0,Ofast,6419.0,19296.75,5245.75,48.8164
hpc7g.16xlarge.neoverse-v2-Ofast.2.0,false,31,54273,ARM,6.1.134-152.225.amzn2023.aarch64,6,1,134,amzn,2023,2023,neoverse-v2,64.0,1.0,Ofast,6419.0,19296.75,5245.75,49.0329
hpc7g.16xlarge.ampere1-O3.0.0,false,31,54273,ARM,6.1.134-152.225.amzn2023.aarch64,6,1,134,amzn,2023,2023,ampere1,64.0,1.0,O3,6256.0,62865.0,46600.0,41.2408
hpc7g.16xlarge.ampere1-O3.1.0,false,31,54273,ARM,6.1.134-152.225.amzn2023.aarch64,6,1,134,amzn,2023,2023,ampere1,64.0,1.0,O3,6256.0,62865.0,46600.0,49.2269
hpc7g.16xlarge.ampere1-O3.2.0,false,31,54273,ARM,6.1.134-152.225.amzn2023.aarch64,6,1,134,amzn,2023,2023,ampere1,64.0,1.0,O3,6256.0,62865.0,46600.0,49.1138
hpc7g.16xlarge.ampere1-O2.0.0,false,31,54273,ARM,6.1.134-152.225.amzn2023.aarch64,6,1,134,amzn,2023,2023,ampere1,64.0,1.0,O2,6284.0,100380.0,89454.0,46.5248
hpc7g.16xlarge.ampere1-O2.1.0,false,31,54273,ARM,6.1.134-152.225.amzn2023.aarch64,6,1,134,amzn,2023,2023,ampere1,64.0,1.0,O2,6284.0,100380.0,89454.0,48.9557
hpc7g.16xlarge.ampere1-O2.2.0,false,31,54273,ARM,6.1.134-152.225.amzn2023.aarch64,6,1,134,amzn,2023,2023,ampere1,64.0,1.0,O2,6284.0,100380.0,89454.0,48.8827
hpc7g.16xlarge.cortex-a76-O0.0.0,false,31,54273,ARM,6.1.134-152.225.amzn2023.aarch64,6,1,134,amzn,2023,2023,cortex-a76,64.0,1.0,O0,6413.0,12728.5,4171.0,35.1408
hpc7g.16xlarge.cortex-a76-O0.1.0,false,31,54273,ARM,6.1.134-152.225.amzn2023.aarch64,6,1,134,amzn,2023,2023,cortex-a76,64.0,1.0,O0,6413.0,12728.5,4171.0,39.222
hpc7g.16xlarge.cortex-a76-O0.2.0,false,31,54273,ARM,6.1.134-152.225.amzn2023.aarch64,6,1,134,amzn,2023,2023,cortex-a76,64.0,1.0,O0,6413.0,12728.5,4171.0,39.1742
hpc7g.16xlarge.generic-Ofast.0.0,false,31,54273,ARM,6.1.134-152.225.amzn2023.aarch64,6,1,134,amzn,2023,2023,generic,64.0,1.0,Ofast,6953.0,168818.6111111111,86103.33333333334,42.1456
hpc7g.16xlarge.generic-Ofast.1.0,false,31,54273,ARM,6.1.134-152.225.amzn2023.aarch64,6,1,134,amzn,2023,2023,generic,64.0,1.0,Ofast,6953.0,168818.6111111111,86103.33333333334,50.2267
hpc7g.16xlarge.generic-Ofast.2.0,false,31,54273,ARM,6.1.134-152.225.amzn2023.aarch64,6,1,134,amzn,2023,2023,generic,64.0,1.0,Ofast,6953.0,168818.6111111111,86103.33333333334,49.9605
hpc7g.16xlarge.cortex-a76-O2.0.0,false,31,54273,ARM,6.1.134-152.225.amzn2023.aarch64,6,1,134,amzn,2023,2023,cortex-a76,64.0,1.0,O2,6443.0,26820.8,9767.2,43.3971
hpc7g.16xlarge.cortex-a76-O2.1.0,false,31,54273,ARM,6.1.134-152.225.amzn2023.aarch64,6,1,134,amzn,2023,2023,cortex-a76,64.0,1.0,O2,6443.0,26820.8,9767.2,42.9722
hpc7g.16xlarge.cortex-a76-O2.2.0,false,31,54273,ARM,6.1.134-152.225.amzn2023.aarch64,6,1,134,amzn,2023,2023,cortex-a76,64.0,1.0,O2,6443.0,26820.8,9767.2,50.4943
hpc7g.16xlarge.cortex-a53-O0.0.0,false,31,54273,ARM,6.1.134-152.225.amzn2023.aarch64,6,1,134,amzn,2023,2023,cortex-a53,64.0,1.0,O0,6980.0,44928.0,40940.0,33.856
hpc7g.16xlarge.cortex-a53-O0.1.0,false,31,54273,ARM,6.1.134-152.225.amzn2023.aarch64,6,1,134,amzn,2023,2023,cortex-a53,64.0,1.0,O0,6980.0,44928.0,40940.0,39.6282
hpc7g.16xlarge.cortex-a53-O0.2.0,false,31,54273,ARM,6.1.134-152.225.amzn2023.aarch64,6,1,134,amzn,2023,2023,cortex-a53,64.0,1.0,O0,6980.0,44928.0,40940.0,38.6278
hpc7g.16xlarge.neoverse-n2-Og.0.0,false,31,54273,ARM,6.1.134-152.225.amzn2023.aarch64,6,1,134,amzn,2023,2023,neoverse-n2,64.0,1.0,Og,6969.0,11297.714285714286,3607.714285714286,42.5895
hpc7g.16xlarge.neoverse-n2-Og.1.0,false,31,54273,ARM,6.1.134-152.225.amzn2023.aarch64,6,1,134,amzn,2023,2023,neoverse-n2,64.0,1.0,Og,6969.0,11297.714285714286,3607.714285714286,42.3326
hpc7g.16xlarge.neoverse-n2-Og.2.0,false,31,54273,ARM,6.1.134-152.225.amzn2023.aarch64,6,1,134,amzn,2023,2023,neoverse-n2,64.0,1.0,Og,6969.0,11297.714285714286,3607.714285714286,50.943
hpc7g.16xlarge.generic-O0.0.0,false,31,54273,ARM,6.1.134-152.225.amzn2023.aarch64,6,1,134,amzn,2023,2023,generic,64.0,1.0,O0,6692.0,112066.0,15422.0,31.8363
hpc7g.16xlarge.generic-O0.1.0,false,31,54273,ARM,6.1.134-152.225.amzn2023.aarch64,6,1,134,amzn,2023,2023,generic,64.0,1.0,O0,6692.0,112066.0,15422.0,38.5047
hpc7g.16xlarge.generic-O0.2.0,false,31,54273,ARM,6.1.134-152.225.amzn2023.aarch64,6,1,134,amzn,2023,2023,generic,64.0,1.0,O0,6692.0,112066.0,15422.0,39.3512
hpc7g.16xlarge.native-Og.0.0,false,31,54273,ARM,6.1.134-152.225.amzn2023.aarch64,6,1,134,amzn,2023,2023,native,64.0,1.0,Og,6538.0,50584.0,15720.0,45.7469
hpc7g.16xlarge.native-Og.1.0,false,31,54273,ARM,6.1.134-152.225.amzn2023.aarch64,6,1,134,amzn,2023,2023,native,64.0,1.0,Og,6538.0,50584.0,15720.0,48.8198
hpc7g.16xlarge.native-Og.2.0,false,31,54273,ARM,6.1.134-152.225.amzn2023.aarch64,6,1,134,amzn,2023,2023,native,64.0,1.0,Og,6538.0,50584.0,15720.0,48.8182
hpc7g.16xlarge.ampere1-O0.0.0,false,31,54273,ARM,6.1.134-152.225.amzn2023.aarch64,6,1,134,amzn,2023,2023,ampere1,64.0,1.0,O0,7115.0,6042.75,3010.75,32.3019
hpc7g.16xlarge.ampere1-O0.1.0,false,31,54273,ARM,6.1.134-152.225.amzn2023.aarch64,6,1,134,amzn,2023,2023,ampere1,64.0,1.0,O0,7115.0,6042.75,3010.75,39.5912
hpc7g.16xlarge.ampere1-O0.2.0,false,31,54273,ARM,6.1.134-152.225.amzn2023.aarch64,6,1,134,amzn,2023,2023,ampere1,64.0,1.0,O0,7115.0,6042.75,3010.75,39.193
hpc7g.16xlarge.cortex-a76-Og.0.0,false,31,54273,ARM,6.1.134-152.225.amzn2023.aarch64,6,1,134,amzn,2023,2023,cortex-a76,64.0,1.0,Og,6185.0,13036.714285714286,6167.714285714285,44.1203
hpc7g.16xlarge.cortex-a76-Og.1.0,false,31,54273,ARM,6.1.134-152.225.amzn2023.aarch64,6,1,134,amzn,2023,2023,cortex-a76,64.0,1.0,Og,6185.0,13036.714285714286,6167.714285714285,40.151
hpc7g.16xlarge.cortex-a76-Og.2.0,false,31,54273,ARM,6.1.134-152.225.amzn2023.aarch64,6,1,134,amzn,2023,2023,cortex-a76,64.0,1.0,Og,6185.0,13036.714285714286,6167.714285714285,48.8768
hpc7g.16xlarge.cortex-a57-O3.0.0,false,31,54273,ARM,6.1.134-152.225.amzn2023.aarch64,6,1,134,amzn,2023,2023,cortex-a57,64.0,1.0,O3,6671.0,8118.333333333333,4132.833333333333,47.0675
hpc7g.16xlarge.cortex-a57-O3.1.0,false,31,54273,ARM,6.1.134-152.225.amzn2023.aarch64,6,1,134,amzn,2023,2023,cortex-a57,64.0,1.0,O3,6671.0,8118.333333333333,4132.833333333333,48.9914
hpc7g.16xlarge.cortex-a57-O3.2.0,false,31,54273,ARM,6.1.134-152.225.amzn2023.aarch64,6,1,134,amzn,2023,2023,cortex-a57,64.0,1.0,O3,6671.0,8118.333333333333,4132.833333333333,47.9635
hpc7g.16xlarge.neoverse-v2-Os.0.0,false,31,54273,ARM,6.1.134-152.225.amzn2023.aarch64,6,1,134,amzn,2023,2023,neoverse-v2,64.0,1.0,Os,7661.0,44158.0,1396826.0,43.4844
hpc7g.16xlarge.neoverse-v2-Os.1.0,false,31,54273,ARM,6.1.134-152.225.amzn2023.aarch64,6,1,134,amzn,2023,2023,neoverse-v2,64.0,1.0,Os,7661.0,44158.0,1396826.0,48.9059
hpc7g.16xlarge.neoverse-v2-Os.2.0,false,31,54273,ARM,6.1.134-152.225.amzn2023.aarch64,6,1,134,amzn,2023,2023,neoverse-v2,64.0,1.0,Os,7661.0,44158.0,1396826.0,47.9975
hpc7g.16xlarge.neoverse-n1-O1.0.0,false,31,54273,ARM,6.1.134-152.225.amzn2023.aarch64,6,1,134,amzn,2023,2023,neoverse-n1,64.0,1.0,O1,6299.0,24911.0,397574.0,40.8832
hpc7g.16xlarge.neoverse-n1-O1.1.0,false,31,54273,ARM,6.1.134-152.225.amzn2023.aarch64,6,1,134,amzn,2023,2023,neoverse-n1,64.0,1.0,O1,6299.0,24911.0,397574.0,48.075
hpc7g.16xlarge.neoverse-n1-O1.2.0,false,31,54273,ARM,6.1.134-152.225.amzn2023.aarch64,6,1,134,amzn,2023,2023,neoverse-n1,64.0,1.0,O1,6299.0,24911.0,397574.0,49.533
hpc7g.16xlarge.cortex-a72-Ofast.0.0,false,31,54273,ARM,6.1.134-152.225.amzn2023.aarch64,6,1,134,amzn,2023,2023,cortex-a72,64.0,1.0,Ofast,6808.0,9294.5,57017.5,49.0334
hpc7g.16xlarge.cortex-a72-Ofast.1.0,false,31,54273,ARM,6.1.134-152.225.amzn2023.aarch64,6,1,134,amzn,2023,2023,cortex-a72,64.0,1.0,Ofast,6808.0,9294.5,57017.5,50.8428
hpc7g.16xlarge.cortex-a72-Ofast.2.0,false,31,54273,ARM,6.1.134-152.225.amzn2023.aarch64,6,1,134,amzn,2023,2023,cortex-a72,64.0,1.0,Ofast,6808.0,9294.5,57017.5,51.0431
hpc7g.16xlarge.a64fx-O2.0.0,false,31,54273,ARM,6.1.134-152.225.amzn2023.aarch64,6,1,134,amzn,2023,2023,a64fx,64.0,1.0,O2,6543.0,60073.0,673268.0,43.5822
hpc7g.16xlarge.a64fx-O2.1.0,false,31,54273,ARM,6.1.134-152.225.amzn2023.aarch64,6,1,134,amzn,2023,2023,a64fx,64.0,1.0,O2,6543.0,60073.0,673268.0,49.1514
hpc7g.16xlarge.a64fx-O2.2.0,false,31,54273,ARM,6.1.134-152.225.amzn2023.aarch64,6,1,134,amzn,2023,2023,a64fx,64.0,1.0,O2,6543.0,60073.0,673268.0,49.9612
hpc7g.16xlarge.native-Ofast.0.0,false,31,54273,ARM,6.1.134-152.225.amzn2023.aarch64,6,1,134,amzn,2023,2023,native,64.0,1.0,Ofast,6476.0,122127.0,86490.0,43.9824
hpc7g.16xlarge.native-Ofast.1.0,false,31,54273,ARM,6.1.134-152.225.amzn2023.aarch64,6,1,134,amzn,2023,2023,native,64.0,1.0,Ofast,6476.0,122127.0,86490.0,44.5283
hpc7g.16xlarge.native-Ofast.2.0,false,31,54273,ARM,6.1.134-152.225.amzn2023.aarch64,6,1,134,amzn,2023,2023,native,64.0,1.0,Ofast,6476.0,122127.0,86490.0,48.6423
hpc7g.16xlarge.ampere1-Og.0.0,false,31,54273,ARM,6.1.134-152.225.amzn2023.aarch64,6,1,134,amzn,2023,2023,ampere1,64.0,1.0,Og,6644.0,62955.0,72165.0,40.6185
hpc7g.16xlarge.ampere1-Og.1.0,false,31,54273,ARM,6.1.134-152.225.amzn2023.aarch64,6,1,134,amzn,2023,2023,ampere1,64.0,1.0,Og,6644.0,62955.0,72165.0,50.6818
hpc7g.16xlarge.ampere1-Og.2.0,false,31,54273,ARM,6.1.134-152.225.amzn2023.aarch64,6,1,134,amzn,2023,2023,ampere1,64.0,1.0,Og,6644.0,62955.0,72165.0,50.663
hpc7g.16xlarge.generic-Og.0.0,false,31,54273,ARM,6.1.134-152.225.amzn2023.aarch64,6,1,134,amzn,2023,2023,generic,64.0,1.0,Og,6219.0,120330.0,90138.0,46.6104
hpc7g.16xlarge.generic-Og.1.0,false,31,54273,ARM,6.1.134-152.225.amzn2023.aarch64,6,1,134,amzn,2023,2023,generic,64.0,1.0,Og,6219.0,120330.0,90138.0,48.762
hpc7g.16xlarge.generic-Og.2.0,false,31,54273,ARM,6.1.134-152.225.amzn2023.aarch64,6,1,134,amzn,2023,2023,generic,64.0,1.0,Og,6219.0,120330.0,90138.0,49.0082
hpc7g.16xlarge.cortex-a76-O1.0.0,false,31,54273,ARM,6.1.134-152.225.amzn2023.aarch64,6,1,134,amzn,2023,2023,cortex-a76,64.0,1.0,O1,6475.0,115899.0,85540.0,46.9695
hpc7g.16xlarge.cortex-a76-O1.1.0,false,31,54273,ARM,6.1.134-152.225.amzn2023.aarch64,6,1,134,amzn,2023,2023,cortex-a76,64.0,1.0,O1,6475.0,115899.0,85540.0,48.7479
hpc7g.16xlarge.cortex-a76-O1.2.0,false,31,54273,ARM,6.1.134-152.225.amzn2023.aarch64,6,1,134,amzn,2023,2023,cortex-a76,64.0,1.0,O1,6475.0,115899.0,85540.0,47.8828
hpc7g.16xlarge.neoverse-v1-O3.0.0,false,31,54273,ARM,6.1.134-152.225.amzn2023.aarch64,6,1,134,amzn,2023,2023,neoverse-v1,64.0,1.0,O3,6199.0,99468.0,63978.0,42.9135
hpc7g.16xlarge.neoverse-v1-O3.1.0,false,31,54273,ARM,6.1.134-152.225.amzn2023.aarch64,6,1,134,amzn,2023,2023,neoverse-v1,64.0,1.0,O3,6199.0,99468.0,63978.0,48.902
hpc7g.16xlarge.neoverse-v1-O3.2.0,false,31,54273,ARM,6.1.134-152.225.amzn2023.aarch64,6,1,134,amzn,2023,2023,neoverse-v1,64.0,1.0,O3,6199.0,99468.0,63978.0,49.2874
hpc7g.16xlarge.neoverse-v2-Og.0.0,false,31,54273,ARM,6.1.134-152.225.amzn2023.aarch64,6,1,134,amzn,2023,2023,neoverse-v2,64.0,1.0,Og,5300.0,114552.0,86694.0,43.1388
hpc7g.16xlarge.neoverse-v2-Og.1.0,false,31,54273,ARM,6.1.134-152.225.amzn2023.aarch64,6,1,134,amzn,2023,2023,neoverse-v2,64.0,1.0,Og,5300.0,114552.0,86694.0,48.603
hpc7g.16xlarge.neoverse-v2-Og.2.0,false,31,54273,ARM,6.1.134-152.225.amzn2023.aarch64,6,1,134,amzn,2023,2023,neoverse-v2,64.0,1.0,Og,5300.0,114552.0,86694.0,48.902
hpc7g.16xlarge.cortex-x1-O1.0.0,false,31,54273,ARM,6.1.134-152.225.amzn2023.aarch64,6,1,134,amzn,2023,2023,cortex-x1,64.0,1.0,O1,6570.0,128183.0,15551.0,45.7315
hpc7g.16xlarge.cortex-x1-O1.1.0,false,31,54273,ARM,6.1.134-152.225.amzn2023.aarch64,6,1,134,amzn,2023,2023,cortex-x1,64.0,1.0,O1,6570.0,128183.0,15551.0,48.812
hpc7g.16xlarge.cortex-x1-O1.2.0,false,31,54273,ARM,6.1.134-152.225.amzn2023.aarch64,6,1,134,amzn,2023,2023,cortex-x1,64.0,1.0,O1,6570.0,128183.0,15551.0,48.8948
hpc7g.16xlarge.native-O2.0.0,false,31,54273,ARM,6.1.134-152.225.amzn2023.aarch64,6,1,134,amzn,2023,2023,native,64.0,1.0,O2,6428.0,85548.0,81384.0,46.9079
hpc7g.16xlarge.native-O2.1.0,false,31,54273,ARM,6.1.134-152.225.amzn2023.aarch64,6,1,134,amzn,2023,2023,native,64.0,1.0,O2,6428.0,85548.0,81384.0,48.68
hpc7g.16xlarge.native-O2.2.0,false,31,54273,ARM,6.1.134-152.225.amzn2023.aarch64,6,1,134,amzn,2023,2023,native,64.0,1.0,O2,6428.0,85548.0,81384.0,49.1917
hpc7g.16xlarge.neoverse-v2-O2.0.0,false,31,54273,ARM,6.1.134-152.225.amzn2023.aarch64,6,1,134,amzn,2023,2023,neoverse-v2,64.0,1.0,O2,5939.0,31969.0,357446.0,40.4205
hpc7g.16xlarge.neoverse-v2-O2.1.0,false,31,54273,ARM,6.1.134-152.225.amzn2023.aarch64,6,1,134,amzn,2023,2023,neoverse-v2,64.0,1.0,O2,5939.0,31969.0,357446.0,50.2862
hpc7g.16xlarge.neoverse-v2-O2.2.0,false,31,54273,ARM,6.1.134-152.225.amzn2023.aarch64,6,1,134,amzn,2023,2023,neoverse-v2,64.0,1.0,O2,5939.0,31969.0,357446.0,49.4283
hpc7g.16xlarge.neoverse-n1-Ofast.0.0,false,31,54273,ARM,6.1.134-152.225.amzn2023.aarch64,6,1,134,amzn,2023,2023,neoverse-n1,64.0,1.0,Ofast,6752.0,103428.0,39870.0,40.6593
hpc7g.16xlarge.neoverse-n1-Ofast.1.0,false,31,54273,ARM,6.1.134-152.225.amzn2023.aarch64,6,1,134,amzn,2023,2023,neoverse-n1,64.0,1.0,Ofast,6752.0,103428.0,39870.0,48.4966
hpc7g.16xlarge.neoverse-n1-Ofast.2.0,false,31,54273,ARM,6.1.134-152.225.amzn2023.aarch64,6,1,134,amzn,2023,2023,neoverse-n1,64.0,1.0,Ofast,6752.0,103428.0,39870.0,49.303
hpc7g.16xlarge.cortex-a53-Ofast.0.0,false,31,54273,ARM,6.1.134-152.225.amzn2023.aarch64,6,1,134,amzn,2023,2023,cortex-a53,64.0,1.0,Ofast,6408.0,8096.0,349406.0,43.8602
hpc7g.16xlarge.cortex-a53-Ofast.1.0,false,31,54273,ARM,6.1.134-152.225.amzn2023.aarch64,6,1,134,amzn,2023,2023,cortex-a53,64.0,1.0,Ofast,6408.0,8096.0,349406.0,42.5181
hpc7g.16xlarge.cortex-a53-Ofast.2.0,false,31,54273,ARM,6.1.134-152.225.amzn2023.aarch64,6,1,134,amzn,2023,2023,cortex-a53,64.0,1.0,Ofast,6408.0,8096.0,349406.0,48.5887
hpc7g.16xlarge.cortex-a57-O2.0.0,false,31,54273,ARM,6.1.134-152.225.amzn2023.aarch64,6,1,134,amzn,2023,2023,cortex-a57,64.0,1.0,O2,6322.0,9740.0,1020570.0,46.4082
hpc7g.16xlarge.cortex-a57-O2.1.0,false,31,54273,ARM,6.1.134-152.225.amzn2023.aarch64,6,1,134,amzn,2023,2023,cortex-a57,64.0,1.0,O2,6322.0,9740.0,1020570.0,48.7056
hpc7g.16xlarge.cortex-a57-O2.2.0,false,31,54273,ARM,6.1.134-152.225.amzn2023.aarch64,6,1,134,amzn,2023,2023,cortex-a57,64.0,1.0,O2,6322.0,9740.0,1020570.0,49.0867
hpc7g.16xlarge.native-O3.0.0,false,31,54273,ARM,6.1.134-152.225.amzn2023.aarch64,6,1,134,amzn,2023,2023,native,64.0,1.0,O3,6395.0,231972.27555555556,160029.1,42.1038
hpc7g.16xlarge.native-O3.1.0,false,31,54273,ARM,6.1.134-152.225.amzn2023.aarch64,6,1,134,amzn,2023,2023,native,64.0,1.0,O3,6395.0,231972.27555555556,160029.1,48.8409
hpc7g.16xlarge.native-O3.2.0,false,31,54273,ARM,6.1.134-152.225.amzn2023.aarch64,6,1,134,amzn,2023,2023,native,64.0,1.0,O3,6395.0,231972.27555555556,160029.1,49.0326
hpc7g.16xlarge.neoverse-n1-Og.0.0,false,31,54273,ARM,6.1.134-152.225.amzn2023.aarch64,6,1,134,amzn,2023,2023,neoverse-n1,64.0,1.0,Og,6508.0,6843.625,3651.625,40.3257
hpc7g.16xlarge.neoverse-n1-Og.1.0,false,31,54273,ARM,6.1.134-152.225.amzn2023.aarch64,6,1,134,amzn,2023,2023,neoverse-n1,64.0,1.0,Og,6508.0,6843.625,3651.625,50.9276
hpc7g.16xlarge.neoverse-n1-Og.2.0,false,31,54273,ARM,6.1.134-152.225.amzn2023.aarch64,6,1,134,amzn,2023,2023,neoverse-n1,64.0,1.0,Og,6508.0,6843.625,3651.625,50.6935
hpc7g.16xlarge.cortex-x1-Ofast.0.0,false,31,54273,ARM,6.1.134-152.225.amzn2023.aarch64,6,1,134,amzn,2023,2023,cortex-x1,64.0,1.0,Ofast,5316.0,83595.0,68420.0,46.0108
hpc7g.16xlarge.cortex-x1-Ofast.1.0,false,31,54273,ARM,6.1.134-152.225.amzn2023.aarch64,6,1,134,amzn,2023,2023,cortex-x1,64.0,1.0,Ofast,5316.0,83595.0,68420.0,49.0188
hpc7g.16xlarge.cortex-x1-Ofast.2.0,false,31,54273,ARM,6.1.134-152.225.amzn2023.aarch64,6,1,134,amzn,2023,2023,cortex-x1,64.0,1.0,Ofast,5316.0,83595.0,68420.0,49.1042
hpc7g.16xlarge.neoverse-v1-Og.0.0,false,31,54273,ARM,6.1.134-152.225.amzn2023.aarch64,6,1,134,amzn,2023,2023,neoverse-v1,64.0,1.0,Og,6829.0,128224.0,107701.33333333333,48.7557
hpc7g.16xlarge.neoverse-v1-Og.1.0,false,31,54273,ARM,6.1.134-152.225.amzn2023.aarch64,6,1,134,amzn,2023,2023,neoverse-v1,64.0,1.0,Og,6829.0,128224.0,107701.33333333333,50.824
hpc7g.16xlarge.neoverse-v1-Og.2.0,false,31,54273,ARM,6.1.134-152.225.amzn2023.aarch64,6,1,134,amzn,2023,2023,neoverse-v1,64.0,1.0,Og,6829.0,128224.0,107701.33333333333,50.9526
hpc7g.16xlarge.neoverse-v1-Os.0.0,false,31,54273,ARM,6.1.134-152.225.amzn2023.aarch64,6,1,134,amzn,2023,2023,neoverse-v1,64.0,1.0,Os,6117.0,78144.0,58184.0,45.9675
hpc7g.16xlarge.neoverse-v1-Os.1.0,false,31,54273,ARM,6.1.134-152.225.amzn2023.aarch64,6,1,134,amzn,2023,2023,neoverse-v1,64.0,1.0,Os,6117.0,78144.0,58184.0,49.1527
hpc7g.16xlarge.neoverse-v1-Os.2.0,false,31,54273,ARM,6.1.134-152.225.amzn2023.aarch64,6,1,134,amzn,2023,2023,neoverse-v1,64.0,1.0,Os,6117.0,78144.0,58184.0,49.5633
hpc7g.16xlarge.cortex-x1-O2.0.0,false,31,54273,ARM,6.1.134-152.225.amzn2023.aarch64,6,1,134,amzn,2023,2023,cortex-x1,64.0,1.0,O2,5767.0,97464.0,50592.0,46.1685
hpc7g.16xlarge.cortex-x1-O2.1.0,false,31,54273,ARM,6.1.134-152.225.amzn2023.aarch64,6,1,134,amzn,2023,2023,cortex-x1,64.0,1.0,O2,5767.0,97464.0,50592.0,49.0131
hpc7g.16xlarge.cortex-x1-O2.2.0,false,31,54273,ARM,6.1.134-152.225.amzn2023.aarch64,6,1,134,amzn,2023,2023,cortex-x1,64.0,1.0,O2,5767.0,97464.0,50592.0,49.9898
hpc7g.16xlarge.neoverse-n2-Os.0.0,false,31,54273,ARM,6.1.134-152.225.amzn2023.aarch64,6,1,134,amzn,2023,2023,neoverse-n2,64.0,1.0,Os,6656.0,10915.625,4106.5,46.7039
hpc7g.16xlarge.neoverse-n2-Os.1.0,false,31,54273,ARM,6.1.134-152.225.amzn2023.aarch64,6,1,134,amzn,2023,2023,neoverse-n2,64.0,1.0,Os,6656.0,10915.625,4106.5,48.5853
hpc7g.16xlarge.neoverse-n2-Os.2.0,false,31,54273,ARM,6.1.134-152.225.amzn2023.aarch64,6,1,134,amzn,2023,2023,neoverse-n2,64.0,1.0,Os,6656.0,10915.625,4106.5,48.8221
hpc7g.16xlarge.a64fx-O1.0.0,false,31,54273,ARM,6.1.134-152.225.amzn2023.aarch64,6,1,134,amzn,2023,2023,a64fx,64.0,1.0,O1,6864.0,216041.33333333334,6506.0,48.7237
hpc7g.16xlarge.a64fx-O1.1.0,false,31,54273,ARM,6.1.134-152.225.amzn2023.aarch64,6,1,134,amzn,2023,2023,a64fx,64.0,1.0,O1,6864.0,216041.33333333334,6506.0,50.9497
hpc7g.16xlarge.a64fx-O1.2.0,false,31,54273,ARM,6.1.134-152.225.amzn2023.aarch64,6,1,134,amzn,2023,2023,a64fx,64.0,1.0,O1,6864.0,216041.33333333334,6506.0,50.0562
hpc7g.16xlarge.a64fx-Os.0.0,false,31,54273,ARM,6.1.134-152.225.amzn2023.aarch64,6,1,134,amzn,2023,2023,a64fx,64.0,1.0,Os,5885.0,52340.0,17308.666666666668,40.4125
hpc7g.16xlarge.a64fx-Os.1.0,false,31,54273,ARM,6.1.134-152.225.amzn2023.aarch64,6,1,134,amzn,2023,2023,a64fx,64.0,1.0,Os,5885.0,52340.0,17308.666666666668,49.4908
hpc7g.16xlarge.a64fx-Os.2.0,false,31,54273,ARM,6.1.134-152.225.amzn2023.aarch64,6,1,134,amzn,2023,2023,a64fx,64.0,1.0,Os,5885.0,52340.0,17308.666666666668,48.9871
hpc7g.16xlarge.cortex-a57-Os.0.0,false,31,54273,ARM,6.1.134-152.225.amzn2023.aarch64,6,1,134,amzn,2023,2023,cortex-a57,64.0,1.0,Os,6159.0,20343.5,1611.0,46.4792
hpc7g.16xlarge.cortex-a57-Os.1.0,false,31,54273,ARM,6.1.134-152.225.amzn2023.aarch64,6,1,134,amzn,2023,2023,cortex-a57,64.0,1.0,Os,6159.0,20343.5,1611.0,48.1722
hpc7g.16xlarge.cortex-a57-Os.2.0,false,31,54273,ARM,6.1.134-152.225.amzn2023.aarch64,6,1,134,amzn,2023,2023,cortex-a57,64.0,1.0,Os,6159.0,20343.5,1611.0,48.9841
hpc7g.16xlarge.cortex-a53-O1.0.0,false,31,54273,ARM,6.1.134-152.225.amzn2023.aarch64,6,1,134,amzn,2023,2023,cortex-a53,64.0,1.0,O1,6585.0,20862.0,498466.0,47.4671
hpc7g.16xlarge.cortex-a53-O1.1.0,false,31,54273,ARM,6.1.134-152.225.amzn2023.aarch64,6,1,134,amzn,2023,2023,cortex-a53,64.0,1.0,O1,6585.0,20862.0,498466.0,48.798
hpc7g.16xlarge.cortex-a53-O1.2.0,false,31,54273,ARM,6.1.134-152.225.amzn2023.aarch64,6,1,134,amzn,2023,2023,cortex-a53,64.0,1.0,O1,6585.0,20862.0,498466.0,48.8637
hpc7g.16xlarge.neoverse-v1-O2.0.0,false,31,54273,ARM,6.1.134-152.225.amzn2023.aarch64,6,1,134,amzn,2023,2023,neoverse-v1,64.0,1.0,O2,6423.0,20032.0,6405.666666666667,46.2748
hpc7g.16xlarge.neoverse-v1-O2.1.0,false,31,54273,ARM,6.1.134-152.225.amzn2023.aarch64,6,1,134,amzn,2023,2023,neoverse-v1,64.0,1.0,O2,6423.0,20032.0,6405.666666666667,48.9603
hpc7g.16xlarge.neoverse-v1-O2.2.0,false,31,54273,ARM,6.1.134-152.225.amzn2023.aarch64,6,1,134,amzn,2023,2023,neoverse-v1,64.0,1.0,O2,6423.0,20032.0,6405.666666666667,49.104
hpc7g.16xlarge.ampere1-O1.0.0,false,31,54273,ARM,6.1.134-152.225.amzn2023.aarch64,6,1,134,amzn,2023,2023,ampere1,64.0,1.0,O1,6337.0,127962.0,68262.0,46.7197
hpc7g.16xlarge.ampere1-O1.1.0,false,31,54273,ARM,6.1.134-152.225.amzn2023.aarch64,6,1,134,amzn,2023,2023,ampere1,64.0,1.0,O1,6337.0,127962.0,68262.0,47.8873
hpc7g.16xlarge.ampere1-O1.2.0,false,31,54273,ARM,6.1.134-152.225.amzn2023.aarch64,6,1,134,amzn,2023,2023,ampere1,64.0,1.0,O1,6337.0,127962.0,68262.0,49.0615
hpc7g.16xlarge.neoverse-n2-O3.0.0,false,31,54273,ARM,6.1.134-152.225.amzn2023.aarch64,6,1,134,amzn,2023,2023,neoverse-n2,64.0,1.0,O3,6236.0,132972.0,79791.44444444444,42.8176
hpc7g.16xlarge.neoverse-n2-O3.1.0,false,31,54273,ARM,6.1.134-152.225.amzn2023.aarch64,6,1,134,amzn,2023,2023,neoverse-n2,64.0,1.0,O3,6236.0,132972.0,79791.44444444444,42.4395
hpc7g.16xlarge.neoverse-n2-O3.2.0,false,31,54273,ARM,6.1.134-152.225.amzn2023.aarch64,6,1,134,amzn,2023,2023,neoverse-n2,64.0,1.0,O3,6236.0,132972.0,79791.44444444444,48.5936
hpc7g.16xlarge.neoverse-n2-O1.0.0,false,31,54273,ARM,6.1.134-152.225.amzn2023.aarch64,6,1,134,amzn,2023,2023,neoverse-n2,64.0,1.0,O1,6392.0,107233.0,87276.93333333333,46.6013
hpc7g.16xlarge.neoverse-n2-O1.1.0,false,31,54273,ARM,6.1.134-152.225.amzn2023.aarch64,6,1,134,amzn,2023,2023,neoverse-n2,64.0,1.0,O1,6392.0,107233.0,87276.93333333333,48.8958
hpc7g.16xlarge.neoverse-n2-O1.2.0,false,31,54273,ARM,6.1.134-152.225.amzn2023.aarch64,6,1,134,amzn,2023,2023,neoverse-n2,64.0,1.0,O1,6392.0,107233.0,87276.93333333333,48.7499
hpc7g.16xlarge.neoverse-v2-O0.0.0,false,31,54273,ARM,6.1.134-152.225.amzn2023.aarch64,6,1,134,amzn,2023,2023,neoverse-v2,64.0,1.0,O0,6468.0,9823.625,1803.0,35.3136
hpc7g.16xlarge.neoverse-v2-O0.1.0,false,31,54273,ARM,6.1.134-152.225.amzn2023.aarch64,6,1,134,amzn,2023,2023,neoverse-v2,64.0,1.0,O0,6468.0,9823.625,1803.0,38.4888
hpc7g.16xlarge.neoverse-v2-O0.2.0,false,31,54273,ARM,6.1.134-152.225.amzn2023.aarch64,6,1,134,amzn,2023,2023,neoverse-v2,64.0,1.0,O0,6468.0,9823.625,1803.0,39.3467
hpc7g.16xlarge.ampere1-Os.0.0,false,31,54273,ARM,6.1.134-152.225.amzn2023.aarch64,6,1,134,amzn,2023,2023,ampere1,64.0,1.0,Os,6387.0,33894.0,96522.0,43.1029
hpc7g.16xlarge.ampere1-Os.1.0,false,31,54273,ARM,6.1.134-152.225.amzn2023.aarch64,6,1,134,amzn,2023,2023,ampere1,64.0,1.0,Os,6387.0,33894.0,96522.0,41.89
hpc7g.16xlarge.ampere1-Os.2.0,false,31,54273,ARM,6.1.134-152.225.amzn2023.aarch64,6,1,134,amzn,2023,2023,ampere1,64.0,1.0,Os,6387.0,33894.0,96522.0,49.0468
hpc7g.16xlarge.cortex-a76-O3.0.0,false,31,54273,ARM,6.1.134-152.225.amzn2023.aarch64,6,1,134,amzn,2023,2023,cortex-a76,64.0,1.0,O3,5959.0,10182.75,5291.25,44.5932
hpc7g.16xlarge.cortex-a76-O3.1.0,false,31,54273,ARM,6.1.134-152.225.amzn2023.aarch64,6,1,134,amzn,2023,2023,cortex-a76,64.0,1.0,O3,5959.0,10182.75,5291.25,43.4457
hpc7g.16xlarge.cortex-a76-O3.2.0,false,31,54273,ARM,6.1.134-152.225.amzn2023.aarch64,6,1,134,amzn,2023,2023,cortex-a76,64.0,1.0,O3,5959.0,10182.75,5291.25,49.2566
hpc7g.16xlarge.a64fx-O0.0.0,false,31,54273,ARM,6.1.134-152.225.amzn2023.aarch64,6,1,134,amzn,2023,2023,a64fx,64.0,1.0,O0,6013.0,54132.629519400354,26836.940120065123,37.6921
hpc7g.16xlarge.a64fx-O0.1.0,false,31,54273,ARM,6.1.134-152.225.amzn2023.aarch64,6,1,134,amzn,2023,2023,a64fx,64.0,1.0,O0,6013.0,54132.629519400354,26836.940120065123,38.7005
hpc7g.16xlarge.a64fx-O0.2.0,false,31,54273,ARM,6.1.134-152.225.amzn2023.aarch64,6,1,134,amzn,2023,2023,a64fx,64.0,1.0,O0,6013.0,54132.629519400354,26836.940120065123,38.7083
hpc7g.16xlarge.cortex-a53-Og.0.0,false,31,54273,ARM,6.1.134-152.225.amzn2023.aarch64,6,1,134,amzn,2023,2023,cortex-a53,64.0,1.0,Og,6036.0,73867.0,931641.0,40.8126
hpc7g.16xlarge.cortex-a53-Og.1.0,false,31,54273,ARM,6.1.134-152.225.amzn2023.aarch64,6,1,134,amzn,2023,2023,cortex-a53,64.0,1.0,Og,6036.0,73867.0,931641.0,49.3822
hpc7g.16xlarge.cortex-a53-Og.2.0,false,31,54273,ARM,6.1.134-152.225.amzn2023.aarch64,6,1,134,amzn,2023,2023,cortex-a53,64.0,1.0,Og,6036.0,73867.0,931641.0,49.0797
hpc7g.16xlarge.neoverse-n1-O0.0.0,false,31,54273,ARM,6.1.134-152.225.amzn2023.aarch64,6,1,134,amzn,2023,2023,neoverse-n1,64.0,1.0,O0,5647.0,3571.875,1409.0,30.4276
hpc7g.16xlarge.neoverse-n1-O0.1.0,false,31,54273,ARM,6.1.134-152.225.amzn2023.aarch64,6,1,134,amzn,2023,2023,neoverse-n1,64.0,1.0,O0,5647.0,3571.875,1409.0,38.4549
hpc7g.16xlarge.neoverse-n1-O0.2.0,false,31,54273,ARM,6.1.134-152.225.amzn2023.aarch64,6,1,134,amzn,2023,2023,neoverse-n1,64.0,1.0,O0,5647.0,3571.875,1409.0,38.6595
hpc7g.16xlarge.cortex-a72-O3.0.0,false,31,54273,ARM,6.1.134-152.225.amzn2023.aarch64,6,1,134,amzn,2023,2023,cortex-a72,64.0,1.0,O3,6620.0,5628.5,2678165.5,42.3674
hpc7g.16xlarge.cortex-a72-O3.1.0,false,31,54273,ARM,6.1.134-152.225.amzn2023.aarch64,6,1,134,amzn,2023,2023,cortex-a72,64.0,1.0,O3,6620.0,5628.5,2678165.5,48.8471
hpc7g.16xlarge.cortex-a72-O3.2.0,false,31,54273,ARM,6.1.134-152.225.amzn2023.aarch64,6,1,134,amzn,2023,2023,cortex-a72,64.0,1.0,O3,6620.0,5628.5,2678165.5,49.2894
hpc7g.16xlarge.neoverse-v1-Ofast.0.0,false,31,54273,ARM,6.1.134-152.225.amzn2023.aarch64,6,1,134,amzn,2023,2023,neoverse-v1,64.0,1.0,Ofast,6538.0,139055.0,87355.72222222222,46.8727
hpc7g.16xlarge.neoverse-v1-Ofast.1.0,false,31,54273,ARM,6.1.134-152.225.amzn2023.aarch64,6,1,134,amzn,2023,2023,neoverse-v1,64.0,1.0,Ofast,6538.0,139055.0,87355.72222222222,48.4517
hpc7g.16xlarge.neoverse-v1-Ofast.2.0,false,31,54273,ARM,6.1.134-152.225.amzn2023.aarch64,6,1,134,amzn,2023,2023,neoverse-v1,64.0,1.0,Ofast,6538.0,139055.0,87355.72222222222,49.991
hpc7g.16xlarge.cortex-a53-O3.0.0,false,31,54273,ARM,6.1.134-152.225.amzn2023.aarch64,6,1,134,amzn,2023,2023,cortex-a53,64.0,1.0,O3,5021.0,199473.33194444442,102337.7616803666,38.0737
hpc7g.16xlarge.cortex-a53-O3.1.0,false,31,54273,ARM,6.1.134-152.225.amzn2023.aarch64,6,1,134,amzn,2023,2023,cortex-a53,64.0,1.0,O3,5021.0,199473.33194444442,102337.7616803666,50.8084
hpc7g.16xlarge.cortex-a53-O3.2.0,false,31,54273,ARM,6.1.134-152.225.amzn2023.aarch64,6,1,134,amzn,2023,2023,cortex-a53,64.0,1.0,O3,5021.0,199473.33194444442,102337.7616803666,41.4646
hpc7g.16xlarge.cortex-a72-O1.0.0,false,31,54273,ARM,6.1.134-152.225.amzn2023.aarch64,6,1,134,amzn,2023,2023,cortex-a72,64.0,1.0,O1,6526.0,96054.0,42534.0,43.8473
hpc7g.16xlarge.cortex-a72-O1.1.0,false,31,54273,ARM,6.1.134-152.225.amzn2023.aarch64,6,1,134,amzn,2023,2023,cortex-a72,64.0,1.0,O1,6526.0,96054.0,42534.0,39.6656
hpc7g.16xlarge.cortex-a72-O1.2.0,false,31,54273,ARM,6.1.134-152.225.amzn2023.aarch64,6,1,134,amzn,2023,2023,cortex-a72,64.0,1.0,O1,6526.0,96054.0,42534.0,48.3955
hpc7g.16xlarge.a64fx-Og.0.0,false,31,54273,ARM,6.1.134-152.225.amzn2023.aarch64,6,1,134,amzn,2023,2023,a64fx,64.0,1.0,Og,6172.0,5285.5,3951.0,47.1715
hpc7g.16xlarge.a64fx-Og.1.0,false,31,54273,ARM,6.1.134-152.225.amzn2023.aarch64,6,1,134,amzn,2023,2023,a64fx,64.0,1.0,Og,6172.0,5285.5,3951.0,48.8537
hpc7g.16xlarge.a64fx-Og.2.0,false,31,54273,ARM,6.1.134-152.225.amzn2023.aarch64,6,1,134,amzn,2023,2023,a64fx,64.0,1.0,Og,6172.0,5285.5,3951.0,49.6276
hpc7g.16xlarge.ampere1-Ofast.0.0,false,31,54273,ARM,6.1.134-152.225.amzn2023.aarch64,6,1,134,amzn,2023,2023,ampere1,64.0,1.0,Ofast,6266.0,110918.5,80801.0,49.3685
hpc7g.16xlarge.ampere1-Ofast.1.0,false,31,54273,ARM,6.1.134-152.225.amzn2023.aarch64,6,1,134,amzn,2023,2023,ampere1,64.0,1.0,Ofast,6266.0,110918.5,80801.0,49.6396
hpc7g.16xlarge.ampere1-Ofast.2.0,false,31,54273,ARM,6.1.134-152.225.amzn2023.aarch64,6,1,134,amzn,2023,2023,ampere1,64.0,1.0,Ofast,6266.0,110918.5,80801.0,49.4489
hpc7g.16xlarge.cortex-a76-Os.0.0,false,31,54273,ARM,6.1.134-152.225.amzn2023.aarch64,6,1,134,amzn,2023,2023,cortex-a76,64.0,1.0,Os,6597.0,103632.0,72402.0,43.962
hpc7g.16xlarge.cortex-a76-Os.1.0,false,31,54273,ARM,6.1.134-152.225.amzn2023.aarch64,6,1,134,amzn,2023,2023,cortex-a76,64.0,1.0,Os,6597.0,103632.0,72402.0,44.6727
hpc7g.16xlarge.cortex-a76-Os.2.0,false,31,54273,ARM,6.1.134-152.225.amzn2023.aarch64,6,1,134,amzn,2023,2023,cortex-a76,64.0,1.0,Os,6597.0,103632.0,72402.0,49.5932
hpc7g.16xlarge.neoverse-n1-O2.0.0,false,31,54273,ARM,6.1.134-152.225.amzn2023.aarch64,6,1,134,amzn,2023,2023,neoverse-n1,64.0,1.0,O2,6854.0,30803.0,3061.0,42.4622
hpc7g.16xlarge.neoverse-n1-O2.1.0,false,31,54273,ARM,6.1.134-152.225.amzn2023.aarch64,6,1,134,amzn,2023,2023,neoverse-n1,64.0,1.0,O2,6854.0,30803.0,3061.0,47.9959
hpc7g.16xlarge.neoverse-n1-O2.2.0,false,31,54273,ARM,6.1.134-152.225.amzn2023.aarch64,6,1,134,amzn,2023,2023,neoverse-n1,64.0,1.0,O2,6854.0,30803.0,3061.0,48.8506
hpc7g.16xlarge.native-O0.0.0,false,31,54273,ARM,6.1.134-152.225.amzn2023.aarch64,6,1,134,amzn,2023,2023,native,64.0,1.0,O0,6937.0,118068.37499999999,98271.0,32.3811
hpc7g.16xlarge.native-O0.1.0,false,31,54273,ARM,6.1.134-152.225.amzn2023.aarch64,6,1,134,amzn,2023,2023,native,64.0,1.0,O0,6937.0,118068.37499999999,98271.0,33.6833
hpc7g.16xlarge.native-O0.2.0,false,31,54273,ARM,6.1.134-152.225.amzn2023.aarch64,6,1,134,amzn,2023,2023,native,64.0,1.0,O0,6937.0,118068.37499999999,98271.0,38.5217
hpc7g.16xlarge.cortex-a57-O0.0.0,false,31,54273,ARM,6.1.134-152.225.amzn2023.aarch64,6,1,134,amzn,2023,2023,cortex-a57,64.0,1.0,O0,5804.0,14405.0,3571.375,33.153
hpc7g.16xlarge.cortex-a57-O0.1.0,false,31,54273,ARM,6.1.134-152.225.amzn2023.aarch64,6,1,134,amzn,2023,2023,cortex-a57,64.0,1.0,O0,5804.0,14405.0,3571.375,38.5182
hpc7g.16xlarge.cortex-a57-O0.2.0,false,31,54273,ARM,6.1.134-152.225.amzn2023.aarch64,6,1,134,amzn,2023,2023,cortex-a57,64.0,1.0,O0,5804.0,14405.0,3571.375,38.3565
hpc7g.16xlarge.cortex-a57-O1.0.0,false,31,54273,ARM,6.1.134-152.225.amzn2023.aarch64,6,1,134,amzn,2023,2023,cortex-a57,64.0,1.0,O1,6664.0,93870.0,30726.0,36.1582
hpc7g.16xlarge.cortex-a57-O1.1.0,false,31,54273,ARM,6.1.134-152.225.amzn2023.aarch64,6,1,134,amzn,2023,2023,cortex-a57,64.0,1.0,O1,6664.0,93870.0,30726.0,49.917
hpc7g.16xlarge.cortex-a57-O1.2.0,false,31,54273,ARM,6.1.134-152.225.amzn2023.aarch64,6,1,134,amzn,2023,2023,cortex-a57,64.0,1.0,O1,6664.0,93870.0,30726.0,48.8866
hpc7g.16xlarge.neoverse-v2-O1.0.0,false,31,54273,ARM,6.1.134-152.225.amzn2023.aarch64,6,1,134,amzn,2023,2023,neoverse-v2,64.0,1.0,O1,6597.0,102460.0,86135.0,38.729
hpc7g.16xlarge.neoverse-v2-O1.1.0,false,31,54273,ARM,6.1.134-152.225.amzn2023.aarch64,6,1,134,amzn,2023,2023,neoverse-v2,64.0,1.0,O1,6597.0,102460.0,86135.0,48.4714
hpc7g.16xlarge.neoverse-v2-O1.2.0,false,31,54273,ARM,6.1.134-152.225.amzn2023.aarch64,6,1,134,amzn,2023,2023,neoverse-v2,64.0,1.0,O1,6597.0,102460.0,86135.0,49.1034
hpc7g.16xlarge.neoverse-n1-O3.0.0,false,31,54273,ARM,6.1.134-152.225.amzn2023.aarch64,6,1,134,amzn,2023,2023,neoverse-n1,64.0,1.0,O3,6444.0,12706.0,5438.625,42.4304
hpc7g.16xlarge.neoverse-n1-O3.1.0,false,31,54273,ARM,6.1.134-152.225.amzn2023.aarch64,6,1,134,amzn,2023,2023,neoverse-n1,64.0,1.0,O3,6444.0,12706.0,5438.625,48.3163
hpc7g.16xlarge.neoverse-n1-O3.2.0,false,31,54273,ARM,6.1.134-152.225.amzn2023.aarch64,6,1,134,amzn,2023,2023,neoverse-n1,64.0,1.0,O3,6444.0,12706.0,5438.625,48.9525
hpc6a.48xlarge.znver4-Og.0.0,false,25,1,AMD,6.1.134-152.225.amzn2023.x86_64,6,1,134,amzn,2023,2023,znver4,96.0,1.0,Og,10160.0,144768.20345679013,29354.33086419753,51.4168
hpc6a.48xlarge.znver4-Og.1.0,false,25,1,AMD,6.1.134-152.225.amzn2023.x86_64,6,1,134,amzn,2023,2023,znver4,96.0,1.0,Og,10160.0,144768.20345679013,29354.33086419753,51.2829
hpc6a.48xlarge.znver4-Og.2.0,false,25,1,AMD,6.1.134-152.225.amzn2023.x86_64,6,1,134,amzn,2023,2023,znver4,96.0,1.0,Og,10160.0,144768.20345679013,29354.33086419753,51.9964
hpc6a.48xlarge.haswell-O0.0.0,false,25,1,AMD,6.1.134-152.225.amzn2023.x86_64,6,1,134,amzn,2023,2023,haswell,96.0,1.0,O0,9840.0,32219.5,15770.25,36.1792
hpc6a.48xlarge.haswell-O0.1.0,false,25,1,AMD,6.1.134-152.225.amzn2023.x86_64,6,1,134,amzn,2023,2023,haswell,96.0,1.0,O0,9840.0,32219.5,15770.25,46.7252
hpc6a.48xlarge.haswell-O0.2.0,false,25,1,AMD,6.1.134-152.225.amzn2023.x86_64,6,1,134,amzn,2023,2023,haswell,96.0,1.0,O0,9840.0,32219.5,15770.25,43.9535
hpc6a.48xlarge.znver1-O0.0.0,false,25,1,AMD,6.1.134-152.225.amzn2023.x86_64,6,1,134,amzn,2023,2023,znver1,96.0,1.0,O0,9761.0,66962.0,52562.0,43.996
hpc6a.48xlarge.znver1-O0.1.0,false,25,1,AMD,6.1.134-152.225.amzn2023.x86_64,6,1,134,amzn,2023,2023,znver1,96.0,1.0,O0,9761.0,66962.0,52562.0,44.3203
hpc6a.48xlarge.znver1-O0.2.0,false,25,1,AMD,6.1.134-152.225.amzn2023.x86_64,6,1,134,amzn,2023,2023,znver1,96.0,1.0,O0,9761.0,66962.0,52562.0,45.0326
hpc6a.48xlarge.skylake-O1.0.0,false,25,1,AMD,6.1.134-152.225.amzn2023.x86_64,6,1,134,amzn,2023,2023,skylake,96.0,1.0,O1,10160.0,283830.01995175844,47124.0013642494,53.3148
hpc6a.48xlarge.skylake-O1.1.0,false,25,1,AMD,6.1.134-152.225.amzn2023.x86_64,6,1,134,amzn,2023,2023,skylake,96.0,1.0,O1,10160.0,283830.01995175844,47124.0013642494,51.2371
hpc6a.48xlarge.skylake-O1.2.0,false,25,1,AMD,6.1.134-152.225.amzn2023.x86_64,6,1,134,amzn,2023,2023,skylake,96.0,1.0,O1,10160.0,283830.01995175844,47124.0013642494,52.2976
hpc6a.48xlarge.ivybridge-Os.0.0,false,25,1,AMD,6.1.134-152.225.amzn2023.x86_64,6,1,134,amzn,2023,2023,ivybridge,96.0,1.0,Os,10190.0,293059.48749999993,62116.24236366424,52.4488
hpc6a.48xlarge.ivybridge-Os.1.0,false,25,1,AMD,6.1.134-152.225.amzn2023.x86_64,6,1,134,amzn,2023,2023,ivybridge,96.0,1.0,Os,10190.0,293059.48749999993,62116.24236366424,51.3113
hpc6a.48xlarge.ivybridge-Os.2.0,false,25,1,AMD,6.1.134-152.225.amzn2023.x86_64,6,1,134,amzn,2023,2023,ivybridge,96.0,1.0,Os,10190.0,293059.48749999993,62116.24236366424,49.5438
hpc6a.48xlarge.haswell-Ofast.0.0,false,25,1,AMD,6.1.134-152.225.amzn2023.x86_64,6,1,134,amzn,2023,2023,haswell,96.0,1.0,Ofast,9980.0,22690.0,60751.0,50.0797
hpc6a.48xlarge.haswell-Ofast.1.0,false,25,1,AMD,6.1.134-152.225.amzn2023.x86_64,6,1,134,amzn,2023,2023,haswell,96.0,1.0,Ofast,9980.0,22690.0,60751.0,53.0491
hpc6a.48xlarge.haswell-Ofast.2.0,false,25,1,AMD,6.1.134-152.225.amzn2023.x86_64,6,1,134,amzn,2023,2023,haswell,96.0,1.0,Ofast,9980.0,22690.0,60751.0,51.7697
hpc6a.48xlarge.znver2-O3.0.0,false,25,1,AMD,6.1.134-152.225.amzn2023.x86_64,6,1,134,amzn,2023,2023,znver2,96.0,1.0,O3,9990.0,58771.0,6130.0,47.8332
hpc6a.48xlarge.znver2-O3.1.0,false,25,1,AMD,6.1.134-152.225.amzn2023.x86_64,6,1,134,amzn,2023,2023,znver2,96.0,1.0,O3,9990.0,58771.0,6130.0,43.9245
hpc6a.48xlarge.znver2-O3.2.0,false,25,1,AMD,6.1.134-152.225.amzn2023.x86_64,6,1,134,amzn,2023,2023,znver2,96.0,1.0,O3,9990.0,58771.0,6130.0,53.8334
hpc6a.48xlarge.x86-64-v3-Os.0.0,false,25,1,AMD,6.1.134-152.225.amzn2023.x86_64,6,1,134,amzn,2023,2023,x86-64-v3,96.0,1.0,Os,9110.0,161373.0,114993.0,51.5153
hpc6a.48xlarge.x86-64-v3-Os.1.0,false,25,1,AMD,6.1.134-152.225.amzn2023.x86_64,6,1,134,amzn,2023,2023,x86-64-v3,96.0,1.0,Os,9110.0,161373.0,114993.0,52.1132
hpc6a.48xlarge.x86-64-v3-Os.2.0,false,25,1,AMD,6.1.134-152.225.amzn2023.x86_64,6,1,134,amzn,2023,2023,x86-64-v3,96.0,1.0,Os,9110.0,161373.0,114993.0,49.3889
hpc6a.48xlarge.znver3-O1.0.0,false,25,1,AMD,6.1.134-152.225.amzn2023.x86_64,6,1,134,amzn,2023,2023,znver3,96.0,1.0,O1,9360.0,213724.0,107524.0,51.1058
hpc6a.48xlarge.znver3-O1.1.0,false,25,1,AMD,6.1.134-152.225.amzn2023.x86_64,6,1,134,amzn,2023,2023,znver3,96.0,1.0,O1,9360.0,213724.0,107524.0,50.441
hpc6a.48xlarge.znver3-O1.2.0,false,25,1,AMD,6.1.134-152.225.amzn2023.x86_64,6,1,134,amzn,2023,2023,znver3,96.0,1.0,O1,9360.0,213724.0,107524.0,51.4649
hpc6a.48xlarge.haswell-O2.0.0,false,25,1,AMD,6.1.134-152.225.amzn2023.x86_64,6,1,134,amzn,2023,2023,haswell,96.0,1.0,O2,10281.0,13070.0,10610.0,40.1609
hpc6a.48xlarge.haswell-O2.1.0,false,25,1,AMD,6.1.134-152.225.amzn2023.x86_64,6,1,134,amzn,2023,2023,haswell,96.0,1.0,O2,10281.0,13070.0,10610.0,51.4898
hpc6a.48xlarge.haswell-O2.2.0,false,25,1,AMD,6.1.134-152.225.amzn2023.x86_64,6,1,134,amzn,2023,2023,haswell,96.0,1.0,O2,10281.0,13070.0,10610.0,51.2043
hpc6a.48xlarge.haswell-Os.0.0,false,25,1,AMD,6.1.134-152.225.amzn2023.x86_64,6,1,134,amzn,2023,2023,haswell,96.0,1.0,Os,9780.0,207639.31995884777,45997.023001175774,49.9142
hpc6a.48xlarge.haswell-Os.1.0,false,25,1,AMD,6.1.134-152.225.amzn2023.x86_64,6,1,134,amzn,2023,2023,haswell,96.0,1.0,Os,9780.0,207639.31995884777,45997.023001175774,53.2437
hpc6a.48xlarge.haswell-Os.2.0,false,25,1,AMD,6.1.134-152.225.amzn2023.x86_64,6,1,134,amzn,2023,2023,haswell,96.0,1.0,Os,9780.0,207639.31995884777,45997.023001175774,50.1282
hpc6a.48xlarge.x86-64-v3-O3.0.0,false,25,1,AMD,6.1.134-152.225.amzn2023.x86_64,6,1,134,amzn,2023,2023,x86-64-v3,96.0,1.0,O3,9100.0,24031.0,54761.0,50.098
hpc6a.48xlarge.x86-64-v3-O3.1.0,false,25,1,AMD,6.1.134-152.225.amzn2023.x86_64,6,1,134,amzn,2023,2023,x86-64-v3,96.0,1.0,O3,9100.0,24031.0,54761.0,48.9431
hpc6a.48xlarge.x86-64-v3-O3.2.0,false,25,1,AMD,6.1.134-152.225.amzn2023.x86_64,6,1,134,amzn,2023,2023,x86-64-v3,96.0,1.0,O3,9100.0,24031.0,54761.0,53.2993
hpc6a.48xlarge.znver1-Os.0.0,false,25,1,AMD,6.1.134-152.225.amzn2023.x86_64,6,1,134,amzn,2023,2023,znver1,96.0,1.0,Os,10020.0,288343.3534312307,112981.86064814814,50.3009
hpc6a.48xlarge.znver1-Os.1.0,false,25,1,AMD,6.1.134-152.225.amzn2023.x86_64,6,1,134,amzn,2023,2023,znver1,96.0,1.0,Os,10020.0,288343.3534312307,112981.86064814814,51.3984
hpc6a.48xlarge.znver1-Os.2.0,false,25,1,AMD,6.1.134-152.225.amzn2023.x86_64,6,1,134,amzn,2023,2023,znver1,96.0,1.0,Os,10020.0,288343.3534312307,112981.86064814814,53.9184
hpc6a.48xlarge.sandybridge-O1.0.0,false,25,1,AMD,6.1.134-152.225.amzn2023.x86_64,6,1,134,amzn,2023,2023,sandybridge,96.0,1.0,O1,9990.0,59151.0,2280135.0,51.1659
hpc6a.48xlarge.sandybridge-O1.1.0,false,25,1,AMD,6.1.134-152.225.amzn2023.x86_64,6,1,134,amzn,2023,2023,sandybridge,96.0,1.0,O1,9990.0,59151.0,2280135.0,49.7256
hpc6a.48xlarge.sandybridge-O1.2.0,false,25,1,AMD,6.1.134-152.225.amzn2023.x86_64,6,1,134,amzn,2023,2023,sandybridge,96.0,1.0,O1,9990.0,59151.0,2280135.0,52.6537
hpc6a.48xlarge.x86-64-v2-O0.0.0,false,25,1,AMD,6.1.134-152.225.amzn2023.x86_64,6,1,134,amzn,2023,2023,x86-64-v2,96.0,1.0,O0,9940.0,52161.0,704244.0,43.7012
hpc6a.48xlarge.x86-64-v2-O0.1.0,false,25,1,AMD,6.1.134-152.225.amzn2023.x86_64,6,1,134,amzn,2023,2023,x86-64-v2,96.0,1.0,O0,9940.0,52161.0,704244.0,42.1202
hpc6a.48xlarge.x86-64-v2-O0.2.0,false,25,1,AMD,6.1.134-152.225.amzn2023.x86_64,6,1,134,amzn,2023,2023,x86-64-v2,96.0,1.0,O0,9940.0,52161.0,704244.0,44.0125
hpc6a.48xlarge.skylake-Og.0.0,false,25,1,AMD,6.1.134-152.225.amzn2023.x86_64,6,1,134,amzn,2023,2023,skylake,96.0,1.0,Og,10030.0,64492.0,56871.0,40.6453
hpc6a.48xlarge.skylake-Og.1.0,false,25,1,AMD,6.1.134-152.225.amzn2023.x86_64,6,1,134,amzn,2023,2023,skylake,96.0,1.0,Og,10030.0,64492.0,56871.0,51.2347
hpc6a.48xlarge.skylake-Og.2.0,false,25,1,AMD,6.1.134-152.225.amzn2023.x86_64,6,1,134,amzn,2023,2023,skylake,96.0,1.0,Og,10030.0,64492.0,56871.0,51.5909
hpc6a.48xlarge.ivybridge-O3.0.0,false,25,1,AMD,6.1.134-152.225.amzn2023.x86_64,6,1,134,amzn,2023,2023,ivybridge,96.0,1.0,O3,9880.0,126962.0,101304.0,51.7809
hpc6a.48xlarge.ivybridge-O3.1.0,false,25,1,AMD,6.1.134-152.225.amzn2023.x86_64,6,1,134,amzn,2023,2023,ivybridge,96.0,1.0,O3,9880.0,126962.0,101304.0,49.8195
hpc6a.48xlarge.ivybridge-O3.2.0,false,25,1,AMD,6.1.134-152.225.amzn2023.x86_64,6,1,134,amzn,2023,2023,ivybridge,96.0,1.0,O3,9880.0,126962.0,101304.0,50.8136
hpc6a.48xlarge.broadwell-Ofast.0.0,false,25,1,AMD,6.1.134-152.225.amzn2023.x86_64,6,1,134,amzn,2023,2023,broadwell,96.0,1.0,Ofast,9860.0,14030.0,45411.0,49.7145
hpc6a.48xlarge.broadwell-Ofast.1.0,false,25,1,AMD,6.1.134-152.225.amzn2023.x86_64,6,1,134,amzn,2023,2023,broadwell,96.0,1.0,Ofast,9860.0,14030.0,45411.0,51.7562
hpc6a.48xlarge.broadwell-Ofast.2.0,false,25,1,AMD,6.1.134-152.225.amzn2023.x86_64,6,1,134,amzn,2023,2023,broadwell,96.0,1.0,Ofast,9860.0,14030.0,45411.0,53.3343
hpc6a.48xlarge.znver4-O2.0.0,false,25,1,AMD,6.1.134-152.225.amzn2023.x86_64,6,1,134,amzn,2023,2023,znver4,96.0,1.0,O2,9860.0,25700.0,73412.0,53.4764
hpc6a.48xlarge.znver4-O2.1.0,false,25,1,AMD,6.1.134-152.225.amzn2023.x86_64,6,1,134,amzn,2023,2023,znver4,96.0,1.0,O2,9860.0,25700.0,73412.0,49.7502
hpc6a.48xlarge.znver4-O2.2.0,false,25,1,AMD,6.1.134-152.225.amzn2023.x86_64,6,1,134,amzn,2023,2023,znver4,96.0,1.0,O2,9860.0,25700.0,73412.0,51.0451
hpc6a.48xlarge.znver3-Os.0.0,false,25,1,AMD,6.1.134-152.225.amzn2023.x86_64,6,1,134,amzn,2023,2023,znver3,96.0,1.0,Os,10170.0,187007.2,60958.0,48.8117
hpc6a.48xlarge.znver3-Os.1.0,false,25,1,AMD,6.1.134-152.225.amzn2023.x86_64,6,1,134,amzn,2023,2023,znver3,96.0,1.0,Os,10170.0,187007.2,60958.0,51.5032
hpc6a.48xlarge.znver3-Os.2.0,false,25,1,AMD,6.1.134-152.225.amzn2023.x86_64,6,1,134,amzn,2023,2023,znver3,96.0,1.0,Os,10170.0,187007.2,60958.0,50.7105
hpc6a.48xlarge.znver1-O1.0.0,false,25,1,AMD,6.1.134-152.225.amzn2023.x86_64,6,1,134,amzn,2023,2023,znver1,96.0,1.0,O1,10110.0,229136.8,66241.6,45.3489
hpc6a.48xlarge.znver1-O1.1.0,false,25,1,AMD,6.1.134-152.225.amzn2023.x86_64,6,1,134,amzn,2023,2023,znver1,96.0,1.0,O1,10110.0,229136.8,66241.6,50.6589
hpc6a.48xlarge.znver1-O1.2.0,false,25,1,AMD,6.1.134-152.225.amzn2023.x86_64,6,1,134,amzn,2023,2023,znver1,96.0,1.0,O1,10110.0,229136.8,66241.6,52.3856
hpc6a.48xlarge.sandybridge-Os.0.0,false,25,1,AMD,6.1.134-152.225.amzn2023.x86_64,6,1,134,amzn,2023,2023,sandybridge,96.0,1.0,Os,10190.0,45960.0,39420.0,51.6801
hpc6a.48xlarge.sandybridge-Os.1.0,false,25,1,AMD,6.1.134-152.225.amzn2023.x86_64,6,1,134,amzn,2023,2023,sandybridge,96.0,1.0,Os,10190.0,45960.0,39420.0,52.4146
hpc6a.48xlarge.sandybridge-Os.2.0,false,25,1,AMD,6.1.134-152.225.amzn2023.x86_64,6,1,134,amzn,2023,2023,sandybridge,96.0,1.0,Os,10190.0,45960.0,39420.0,52.2275
hpc6a.48xlarge.btver2-Os.0.0,false,25,1,AMD,6.1.134-152.225.amzn2023.x86_64,6,1,134,amzn,2023,2023,btver2,96.0,1.0,Os,10370.0,210144.4034900285,40522.74394586894,40.5496
hpc6a.48xlarge.btver2-Os.1.0,false,25,1,AMD,6.1.134-152.225.amzn2023.x86_64,6,1,134,amzn,2023,2023,btver2,96.0,1.0,Os,10370.0,210144.4034900285,40522.74394586894,51.486
hpc6a.48xlarge.btver2-Os.2.0,false,25,1,AMD,6.1.134-152.225.amzn2023.x86_64,6,1,134,amzn,2023,2023,btver2,96.0,1.0,Os,10370.0,210144.4034900285,40522.74394586894,51.3088
hpc6a.48xlarge.znver2-Os.0.0,false,25,1,AMD,6.1.134-152.225.amzn2023.x86_64,6,1,134,amzn,2023,2023,znver2,96.0,1.0,Os,9771.0,337002.0604260377,93904.78957297586,37.2578
hpc6a.48xlarge.znver2-Os.1.0,false,25,1,AMD,6.1.134-152.225.amzn2023.x86_64,6,1,134,amzn,2023,2023,znver2,96.0,1.0,Os,9771.0,337002.0604260377,93904.78957297586,50.3928
hpc6a.48xlarge.znver2-Os.2.0,false,25,1,AMD,6.1.134-152.225.amzn2023.x86_64,6,1,134,amzn,2023,2023,znver2,96.0,1.0,Os,9771.0,337002.0604260377,93904.78957297586,53.3019
hpc6a.48xlarge.znver3-Ofast.0.0,false,25,1,AMD,6.1.134-152.225.amzn2023.x86_64,6,1,134,amzn,2023,2023,znver3,96.0,1.0,Ofast,10340.0,23530.0,59481.0,50.0099
hpc6a.48xlarge.znver3-Ofast.1.0,false,25,1,AMD,6.1.134-152.225.amzn2023.x86_64,6,1,134,amzn,2023,2023,znver3,96.0,1.0,Ofast,10340.0,23530.0,59481.0,51.8677
hpc6a.48xlarge.znver3-Ofast.2.0,false,25,1,AMD,6.1.134-152.225.amzn2023.x86_64,6,1,134,amzn,2023,2023,znver3,96.0,1.0,Ofast,10340.0,23530.0,59481.0,53.9232
hpc6a.48xlarge.broadwell-Os.0.0,false,25,1,AMD,6.1.134-152.225.amzn2023.x86_64,6,1,134,amzn,2023,2023,broadwell,96.0,1.0,Os,10080.0,199506.0,44160.0,51.3496
hpc6a.48xlarge.broadwell-Os.1.0,false,25,1,AMD,6.1.134-152.225.amzn2023.x86_64,6,1,134,amzn,2023,2023,broadwell,96.0,1.0,Os,10080.0,199506.0,44160.0,51.29
hpc6a.48xlarge.broadwell-Os.2.0,false,25,1,AMD,6.1.134-152.225.amzn2023.x86_64,6,1,134,amzn,2023,2023,broadwell,96.0,1.0,Os,10080.0,199506.0,44160.0,51.5877
hpc6a.48xlarge.znver3-O3.0.0,false,25,1,AMD,6.1.134-152.225.amzn2023.x86_64,6,1,134,amzn,2023,2023,znver3,96.0,1.0,O3,10051.0,14551.0,14320.0,48.6957
hpc6a.48xlarge.znver3-O3.1.0,false,25,1,AMD,6.1.134-152.225.amzn2023.x86_64,6,1,134,amzn,2023,2023,znver3,96.0,1.0,O3,10051.0,14551.0,14320.0,51.8639
hpc6a.48xlarge.znver3-O3.2.0,false,25,1,AMD,6.1.134-152.225.amzn2023.x86_64,6,1,134,amzn,2023,2023,znver3,96.0,1.0,O3,10051.0,14551.0,14320.0,51.6519
hpc6a.48xlarge.haswell-O3.0.0,false,25,1,AMD,6.1.134-152.225.amzn2023.x86_64,6,1,134,amzn,2023,2023,haswell,96.0,1.0,O3,10570.0,13232.75,6070.0,36.0246
hpc6a.48xlarge.haswell-O3.1.0,false,25,1,AMD,6.1.134-152.225.amzn2023.x86_64,6,1,134,amzn,2023,2023,haswell,96.0,1.0,O3,10570.0,13232.75,6070.0,51.0673
hpc6a.48xlarge.haswell-O3.2.0,false,25,1,AMD,6.1.134-152.225.amzn2023.x86_64,6,1,134,amzn,2023,2023,haswell,96.0,1.0,O3,10570.0,13232.75,6070.0,50.8617
hpc6a.48xlarge.znver3-O0.0.0,false,25,1,AMD,6.1.134-152.225.amzn2023.x86_64,6,1,134,amzn,2023,2023,znver3,96.0,1.0,O0,9890.0,83580.0,50760.0,42.7726
hpc6a.48xlarge.znver3-O0.1.0,false,25,1,AMD,6.1.134-152.225.amzn2023.x86_64,6,1,134,amzn,2023,2023,znver3,96.0,1.0,O0,9890.0,83580.0,50760.0,43.1399
hpc6a.48xlarge.znver3-O0.2.0,false,25,1,AMD,6.1.134-152.225.amzn2023.x86_64,6,1,134,amzn,2023,2023,znver3,96.0,1.0,O0,9890.0,83580.0,50760.0,42.2702
hpc6a.48xlarge.sapphirerapids-O0.0.0,false,25,1,AMD,6.1.134-152.225.amzn2023.x86_64,6,1,134,amzn,2023,2023,sapphirerapids,96.0,1.0,O0,9580.0,292311.9589321789,119862.73008658008,34.539
hpc6a.48xlarge.sapphirerapids-O0.1.0,false,25,1,AMD,6.1.134-152.225.amzn2023.x86_64,6,1,134,amzn,2023,2023,sapphirerapids,96.0,1.0,O0,9580.0,292311.9589321789,119862.73008658008,44.5701
hpc6a.48xlarge.sapphirerapids-O0.2.0,false,25,1,AMD,6.1.134-152.225.amzn2023.x86_64,6,1,134,amzn,2023,2023,sapphirerapids,96.0,1.0,O0,9580.0,292311.9589321789,119862.73008658008,43.054
hpc6a.48xlarge.haswell-Og.0.0,false,25,1,AMD,6.1.134-152.225.amzn2023.x86_64,6,1,134,amzn,2023,2023,haswell,96.0,1.0,Og,9761.0,12541.5,3785.0,51.0719
hpc6a.48xlarge.haswell-Og.1.0,false,25,1,AMD,6.1.134-152.225.amzn2023.x86_64,6,1,134,amzn,2023,2023,haswell,96.0,1.0,Og,9761.0,12541.5,3785.0,53.3841
hpc6a.48xlarge.haswell-Og.2.0,false,25,1,AMD,6.1.134-152.225.amzn2023.x86_64,6,1,134,amzn,2023,2023,haswell,96.0,1.0,Og,9761.0,12541.5,3785.0,51.7462
hpc6a.48xlarge.znver1-Og.0.0,false,25,1,AMD,6.1.134-152.225.amzn2023.x86_64,6,1,134,amzn,2023,2023,znver1,96.0,1.0,Og,9910.0,337566.0,148084.0,49.4209
hpc6a.48xlarge.znver1-Og.1.0,false,25,1,AMD,6.1.134-152.225.amzn2023.x86_64,6,1,134,amzn,2023,2023,znver1,96.0,1.0,Og,9910.0,337566.0,148084.0,50.7397
hpc6a.48xlarge.znver1-Og.2.0,false,25,1,AMD,6.1.134-152.225.amzn2023.x86_64,6,1,134,amzn,2023,2023,znver1,96.0,1.0,Og,9910.0,337566.0,148084.0,51.3291
hpc6a.48xlarge.ivybridge-Ofast.0.0,false,25,1,AMD,6.1.134-152.225.amzn2023.x86_64,6,1,134,amzn,2023,2023,ivybridge,96.0,1.0,Ofast,9800.0,348026.6095238095,59622.58531746031,50.9825
hpc6a.48xlarge.ivybridge-Ofast.1.0,false,25,1,AMD,6.1.134-152.225.amzn2023.x86_64,6,1,134,amzn,2023,2023,ivybridge,96.0,1.0,Ofast,9800.0,348026.6095238095,59622.58531746031,51.6062
hpc6a.48xlarge.ivybridge-Ofast.2.0,false,25,1,AMD,6.1.134-152.225.amzn2023.x86_64,6,1,134,amzn,2023,2023,ivybridge,96.0,1.0,Ofast,9800.0,348026.6095238095,59622.58531746031,48.9913
hpc6a.48xlarge.znver1-Ofast.0.0,false,25,1,AMD,6.1.134-152.225.amzn2023.x86_64,6,1,134,amzn,2023,2023,znver1,96.0,1.0,Ofast,10010.0,110541.71428571428,40402.46031746032,51.5065
hpc6a.48xlarge.znver1-Ofast.1.0,false,25,1,AMD,6.1.134-152.225.amzn2023.x86_64,6,1,134,amzn,2023,2023,znver1,96.0,1.0,Ofast,10010.0,110541.71428571428,40402.46031746032,53.2425
hpc6a.48xlarge.znver1-Ofast.2.0,false,25,1,AMD,6.1.134-152.225.amzn2023.x86_64,6,1,134,amzn,2023,2023,znver1,96.0,1.0,Ofast,10010.0,110541.71428571428,40402.46031746032,51.3931
hpc6a.48xlarge.btver2-Ofast.0.0,false,25,1,AMD,6.1.134-152.225.amzn2023.x86_64,6,1,134,amzn,2023,2023,btver2,96.0,1.0,Ofast,9850.0,40971.0,34660.0,39.1632
hpc6a.48xlarge.btver2-Ofast.1.0,false,25,1,AMD,6.1.134-152.225.amzn2023.x86_64,6,1,134,amzn,2023,2023,btver2,96.0,1.0,Ofast,9850.0,40971.0,34660.0,51.501
hpc6a.48xlarge.btver2-Ofast.2.0,false,25,1,AMD,6.1.134-152.225.amzn2023.x86_64,6,1,134,amzn,2023,2023,btver2,96.0,1.0,Ofast,9850.0,40971.0,34660.0,50.4005
hpc6a.48xlarge.znver4-Ofast.0.0,false,25,1,AMD,6.1.134-152.225.amzn2023.x86_64,6,1,134,amzn,2023,2023,znver4,96.0,1.0,Ofast,10120.0,195869.93155609822,73623.74983041649,50.7227
hpc6a.48xlarge.znver4-Ofast.1.0,false,25,1,AMD,6.1.134-152.225.amzn2023.x86_64,6,1,134,amzn,2023,2023,znver4,96.0,1.0,Ofast,10120.0,195869.93155609822,73623.74983041649,51.6642
hpc6a.48xlarge.znver4-Ofast.2.0,false,25,1,AMD,6.1.134-152.225.amzn2023.x86_64,6,1,134,amzn,2023,2023,znver4,96.0,1.0,Ofast,10120.0,195869.93155609822,73623.74983041649,50.3212
hpc6a.48xlarge.skylake-Ofast.0.0,false,25,1,AMD,6.1.134-152.225.amzn2023.x86_64,6,1,134,amzn,2023,2023,skylake,96.0,1.0,Ofast,9740.0,17973.333333333332,4876.666666666667,41.0256
hpc6a.48xlarge.skylake-Ofast.1.0,false,25,1,AMD,6.1.134-152.225.amzn2023.x86_64,6,1,134,amzn,2023,2023,skylake,96.0,1.0,Ofast,9740.0,17973.333333333332,4876.666666666667,52.7885
hpc6a.48xlarge.skylake-Ofast.2.0,false,25,1,AMD,6.1.134-152.225.amzn2023.x86_64,6,1,134,amzn,2023,2023,skylake,96.0,1.0,Ofast,9740.0,17973.333333333332,4876.666666666667,49.6296
hpc6a.48xlarge.x86-64-v3-O2.0.0,false,25,1,AMD,6.1.134-152.225.amzn2023.x86_64,6,1,134,amzn,2023,2023,x86-64-v3,96.0,1.0,O2,9780.0,43181.0,28771.0,51.9246
hpc6a.48xlarge.x86-64-v3-O2.1.0,false,25,1,AMD,6.1.134-152.225.amzn2023.x86_64,6,1,134,amzn,2023,2023,x86-64-v3,96.0,1.0,O2,9780.0,43181.0,28771.0,50.7472
hpc6a.48xlarge.x86-64-v3-O2.2.0,false,25,1,AMD,6.1.134-152.225.amzn2023.x86_64,6,1,134,amzn,2023,2023,x86-64-v3,96.0,1.0,O2,9780.0,43181.0,28771.0,52.5823
hpc6a.48xlarge.x86-64-v3-Ofast.0.0,false,25,1,AMD,6.1.134-152.225.amzn2023.x86_64,6,1,134,amzn,2023,2023,x86-64-v3,96.0,1.0,Ofast,10270.0,172927.78306878306,55736.84876543209,50.3157
hpc6a.48xlarge.x86-64-v3-Ofast.1.0,false,25,1,AMD,6.1.134-152.225.amzn2023.x86_64,6,1,134,amzn,2023,2023,x86-64-v3,96.0,1.0,Ofast,10270.0,172927.78306878306,55736.84876543209,51.2034
hpc6a.48xlarge.x86-64-v3-Ofast.2.0,false,25,1,AMD,6.1.134-152.225.amzn2023.x86_64,6,1,134,amzn,2023,2023,x86-64-v3,96.0,1.0,Ofast,10270.0,172927.78306878306,55736.84876543209,51.2537
hpc6a.48xlarge.znver4-O0.0.0,false,25,1,AMD,6.1.134-152.225.amzn2023.x86_64,6,1,134,amzn,2023,2023,znver4,96.0,1.0,O0,9860.0,117753.0,89370.0,41.9349
hpc6a.48xlarge.znver4-O0.1.0,false,25,1,AMD,6.1.134-152.225.amzn2023.x86_64,6,1,134,amzn,2023,2023,znver4,96.0,1.0,O0,9860.0,117753.0,89370.0,44.2126
hpc6a.48xlarge.znver4-O0.2.0,false,25,1,AMD,6.1.134-152.225.amzn2023.x86_64,6,1,134,amzn,2023,2023,znver4,96.0,1.0,O0,9860.0,117753.0,89370.0,43.2094
hpc6a.48xlarge.znver4-Os.0.0,false,25,1,AMD,6.1.134-152.225.amzn2023.x86_64,6,1,134,amzn,2023,2023,znver4,96.0,1.0,Os,9901.0,145204.0,110382.0,51.3521
hpc6a.48xlarge.znver4-Os.1.0,false,25,1,AMD,6.1.134-152.225.amzn2023.x86_64,6,1,134,amzn,2023,2023,znver4,96.0,1.0,Os,9901.0,145204.0,110382.0,51.9397
hpc6a.48xlarge.znver4-Os.2.0,false,25,1,AMD,6.1.134-152.225.amzn2023.x86_64,6,1,134,amzn,2023,2023,znver4,96.0,1.0,Os,9901.0,145204.0,110382.0,50.9981
hpc6a.48xlarge.skylake-O2.0.0,false,25,1,AMD,6.1.134-152.225.amzn2023.x86_64,6,1,134,amzn,2023,2023,skylake,96.0,1.0,O2,9720.0,54412.0,6730.0,46.0435
hpc6a.48xlarge.skylake-O2.1.0,false,25,1,AMD,6.1.134-152.225.amzn2023.x86_64,6,1,134,amzn,2023,2023,skylake,96.0,1.0,O2,9720.0,54412.0,6730.0,49.188
hpc6a.48xlarge.skylake-O2.2.0,false,25,1,AMD,6.1.134-152.225.amzn2023.x86_64,6,1,134,amzn,2023,2023,skylake,96.0,1.0,O2,9720.0,54412.0,6730.0,49.2275
hpc6a.48xlarge.native-O0.0.0,false,25,1,AMD,6.1.134-152.225.amzn2023.x86_64,6,1,134,amzn,2023,2023,native,96.0,1.0,O0,10290.0,92500.0,70682.0,44.491
hpc6a.48xlarge.native-O0.1.0,false,25,1,AMD,6.1.134-152.225.amzn2023.x86_64,6,1,134,amzn,2023,2023,native,96.0,1.0,O0,10290.0,92500.0,70682.0,42.7173
hpc6a.48xlarge.native-O0.2.0,false,25,1,AMD,6.1.134-152.225.amzn2023.x86_64,6,1,134,amzn,2023,2023,native,96.0,1.0,O0,10290.0,92500.0,70682.0,45.41
hpc6a.48xlarge.sandybridge-O3.0.0,false,25,1,AMD,6.1.134-152.225.amzn2023.x86_64,6,1,134,amzn,2023,2023,sandybridge,96.0,1.0,O3,9620.0,142923.0,120753.0,50.1194
hpc6a.48xlarge.sandybridge-O3.1.0,false,25,1,AMD,6.1.134-152.225.amzn2023.x86_64,6,1,134,amzn,2023,2023,sandybridge,96.0,1.0,O3,9620.0,142923.0,120753.0,53.0122
hpc6a.48xlarge.sandybridge-O3.2.0,false,25,1,AMD,6.1.134-152.225.amzn2023.x86_64,6,1,134,amzn,2023,2023,sandybridge,96.0,1.0,O3,9620.0,142923.0,120753.0,50.0346
hpc6a.48xlarge.skylake-Os.0.0,false,25,1,AMD,6.1.134-152.225.amzn2023.x86_64,6,1,134,amzn,2023,2023,skylake,96.0,1.0,Os,10130.0,143700.0,61440.0,39.275
hpc6a.48xlarge.skylake-Os.1.0,false,25,1,AMD,6.1.134-152.225.amzn2023.x86_64,6,1,134,amzn,2023,2023,skylake,96.0,1.0,Os,10130.0,143700.0,61440.0,49.1975
hpc6a.48xlarge.skylake-Os.2.0,false,25,1,AMD,6.1.134-152.225.amzn2023.x86_64,6,1,134,amzn,2023,2023,skylake,96.0,1.0,Os,10130.0,143700.0,61440.0,51.0901
hpc6a.48xlarge.znver4-O3.0.0,false,25,1,AMD,6.1.134-152.225.amzn2023.x86_64,6,1,134,amzn,2023,2023,znver4,96.0,1.0,O3,9440.0,277033.5,165932.25,51.0088
hpc6a.48xlarge.znver4-O3.1.0,false,25,1,AMD,6.1.134-152.225.amzn2023.x86_64,6,1,134,amzn,2023,2023,znver4,96.0,1.0,O3,9440.0,277033.5,165932.25,50.9658
hpc6a.48xlarge.znver4-O3.2.0,false,25,1,AMD,6.1.134-152.225.amzn2023.x86_64,6,1,134,amzn,2023,2023,znver4,96.0,1.0,O3,9440.0,277033.5,165932.25,51.0446
hpc6a.48xlarge.btver2-O3.0.0,false,25,1,AMD,6.1.134-152.225.amzn2023.x86_64,6,1,134,amzn,2023,2023,btver2,96.0,1.0,O3,9340.0,137073.0,92373.0,42.961
hpc6a.48xlarge.btver2-O3.1.0,false,25,1,AMD,6.1.134-152.225.amzn2023.x86_64,6,1,134,amzn,2023,2023,btver2,96.0,1.0,O3,9340.0,137073.0,92373.0,52.31
hpc6a.48xlarge.btver2-O3.2.0,false,25,1,AMD,6.1.134-152.225.amzn2023.x86_64,6,1,134,amzn,2023,2023,btver2,96.0,1.0,O3,9340.0,137073.0,92373.0,52.9664
hpc6a.48xlarge.znver2-Ofast.0.0,false,25,1,AMD,6.1.134-152.225.amzn2023.x86_64,6,1,134,amzn,2023,2023,znver2,96.0,1.0,Ofast,10390.0,396468.0,100002.0,45.1627
hpc6a.48xlarge.znver2-Ofast.1.0,false,25,1,AMD,6.1.134-152.225.amzn2023.x86_64,6,1,134,amzn,2023,2023,znver2,96.0,1.0,Ofast,10390.0,396468.0,100002.0,52.8398
hpc6a.48xlarge.znver2-Ofast.2.0,false,25,1,AMD,6.1.134-152.225.amzn2023.x86_64,6,1,134,amzn,2023,2023,znver2,96.0,1.0,Ofast,10390.0,396468.0,100002.0,51.2255
hpc6a.48xlarge.x86-64-v4-O0.0.0,false,25,1,AMD,6.1.134-152.225.amzn2023.x86_64,6,1,134,amzn,2023,2023,x86-64-v4,96.0,1.0,O0,9650.0,70742.0,21000.0,43.7148
hpc6a.48xlarge.x86-64-v4-O0.1.0,false,25,1,AMD,6.1.134-152.225.amzn2023.x86_64,6,1,134,amzn,2023,2023,x86-64-v4,96.0,1.0,O0,9650.0,70742.0,21000.0,43.3785
hpc6a.48xlarge.x86-64-v4-O0.2.0,false,25,1,AMD,6.1.134-152.225.amzn2023.x86_64,6,1,134,amzn,2023,2023,x86-64-v4,96.0,1.0,O0,9650.0,70742.0,21000.0,43.241
hpc6a.48xlarge.x86-64-v3-O0.0.0,false,25,1,AMD,6.1.134-152.225.amzn2023.x86_64,6,1,134,amzn,2023,2023,x86-64-v3,96.0,1.0,O0,10130.0,319343.76127133967,57724.07098234954,43.7907
hpc6a.48xlarge.x86-64-v3-O0.1.0,false,25,1,AMD,6.1.134-152.225.amzn2023.x86_64,6,1,134,amzn,2023,2023,x86-64-v3,96.0,1.0,O0,10130.0,319343.76127133967,57724.07098234954,43.9225
hpc6a.48xlarge.x86-64-v3-O0.2.0,false,25,1,AMD,6.1.134-152.225.amzn2023.x86_64,6,1,134,amzn,2023,2023,x86-64-v3,96.0,1.0,O0,10130.0,319343.76127133967,57724.07098234954,44.7686
hpc6a.48xlarge.x86-64-v2-Ofast.0.0,false,25,1,AMD,6.1.134-152.225.amzn2023.x86_64,6,1,134,amzn,2023,2023,x86-64-v2,96.0,1.0,Ofast,10140.0,223679.0299823633,69721.64021164022,51.0885
hpc6a.48xlarge.x86-64-v2-Ofast.1.0,false,25,1,AMD,6.1.134-152.225.amzn2023.x86_64,6,1,134,amzn,2023,2023,x86-64-v2,96.0,1.0,Ofast,10140.0,223679.0299823633,69721.64021164022,49.929
hpc6a.48xlarge.x86-64-v2-Ofast.2.0,false,25,1,AMD,6.1.134-152.225.amzn2023.x86_64,6,1,134,amzn,2023,2023,x86-64-v2,96.0,1.0,Ofast,10140.0,223679.0299823633,69721.64021164022,50.9457
hpc6a.48xlarge.znver2-O1.0.0,false,25,1,AMD,6.1.134-152.225.amzn2023.x86_64,6,1,134,amzn,2023,2023,znver2,96.0,1.0,O1,10120.0,249381.4862914863,52755.544733044735,51.5346
hpc6a.48xlarge.znver2-O1.1.0,false,25,1,AMD,6.1.134-152.225.amzn2023.x86_64,6,1,134,amzn,2023,2023,znver2,96.0,1.0,O1,10120.0,249381.4862914863,52755.544733044735,51.3715
hpc6a.48xlarge.znver2-O1.2.0,false,25,1,AMD,6.1.134-152.225.amzn2023.x86_64,6,1,134,amzn,2023,2023,znver2,96.0,1.0,O1,10120.0,249381.4862914863,52755.544733044735,52.7774
hpc6a.48xlarge.broadwell-Og.0.0,false,25,1,AMD,6.1.134-152.225.amzn2023.x86_64,6,1,134,amzn,2023,2023,broadwell,96.0,1.0,Og,9601.0,75496.25,39920.0,49.8607
hpc6a.48xlarge.broadwell-Og.1.0,false,25,1,AMD,6.1.134-152.225.amzn2023.x86_64,6,1,134,amzn,2023,2023,broadwell,96.0,1.0,Og,9601.0,75496.25,39920.0,51.1416
hpc6a.48xlarge.broadwell-Og.2.0,false,25,1,AMD,6.1.134-152.225.amzn2023.x86_64,6,1,134,amzn,2023,2023,broadwell,96.0,1.0,Og,9601.0,75496.25,39920.0,51.6545
hpc6a.48xlarge.icelake-server-O0.0.0,false,25,1,AMD,6.1.134-152.225.amzn2023.x86_64,6,1,134,amzn,2023,2023,icelake-server,96.0,1.0,O0,9660.0,27082.0,27980.0,34.5122
hpc6a.48xlarge.icelake-server-O0.1.0,false,25,1,AMD,6.1.134-152.225.amzn2023.x86_64,6,1,134,amzn,2023,2023,icelake-server,96.0,1.0,O0,9660.0,27082.0,27980.0,44.0259
hpc6a.48xlarge.icelake-server-O0.2.0,false,25,1,AMD,6.1.134-152.225.amzn2023.x86_64,6,1,134,amzn,2023,2023,icelake-server,96.0,1.0,O0,9660.0,27082.0,27980.0,44.9785
hpc6a.48xlarge.x86-64-v3-O1.0.0,false,25,1,AMD,6.1.134-152.225.amzn2023.x86_64,6,1,134,amzn,2023,2023,x86-64-v3,96.0,1.0,O1,9940.0,304291.34996118007,99258.08646767885,50.9595
hpc6a.48xlarge.x86-64-v3-O1.1.0,false,25,1,AMD,6.1.134-152.225.amzn2023.x86_64,6,1,134,amzn,2023,2023,x86-64-v3,96.0,1.0,O1,9940.0,304291.34996118007,99258.08646767885,49.283
hpc6a.48xlarge.x86-64-v3-O1.2.0,false,25,1,AMD,6.1.134-152.225.amzn2023.x86_64,6,1,134,amzn,2023,2023,x86-64-v3,96.0,1.0,O1,9940.0,304291.34996118007,99258.08646767885,50.8787
hpc6a.48xlarge.skylake-O0.0.0,false,25,1,AMD,6.1.134-152.225.amzn2023.x86_64,6,1,134,amzn,2023,2023,skylake,96.0,1.0,O0,9750.0,71343.0,22950.0,33.5284
hpc6a.48xlarge.skylake-O0.1.0,false,25,1,AMD,6.1.134-152.225.amzn2023.x86_64,6,1,134,amzn,2023,2023,skylake,96.0,1.0,O0,9750.0,71343.0,22950.0,43.0965
hpc6a.48xlarge.skylake-O0.2.0,false,25,1,AMD,6.1.134-152.225.amzn2023.x86_64,6,1,134,amzn,2023,2023,skylake,96.0,1.0,O0,9750.0,71343.0,22950.0,44.5698
hpc6a.48xlarge.bdver4-O1.0.0,false,25,1,AMD,6.1.134-152.225.amzn2023.x86_64,6,1,134,amzn,2023,2023,bdver4,96.0,1.0,O1,10260.0,137508.5,16051.5,52.195
hpc6a.48xlarge.bdver4-O1.1.0,false,25,1,AMD,6.1.134-152.225.amzn2023.x86_64,6,1,134,amzn,2023,2023,bdver4,96.0,1.0,O1,10260.0,137508.5,16051.5,51.5319
hpc6a.48xlarge.bdver4-O1.2.0,false,25,1,AMD,6.1.134-152.225.amzn2023.x86_64,6,1,134,amzn,2023,2023,bdver4,96.0,1.0,O1,10260.0,137508.5,16051.5,52.1763
hpc6a.48xlarge.x86-64-v2-O3.0.0,false,25,1,AMD,6.1.134-152.225.amzn2023.x86_64,6,1,134,amzn,2023,2023,x86-64-v2,96.0,1.0,O3,10020.0,175339.96745897003,26780.419354838712,51.4819
hpc6a.48xlarge.x86-64-v2-O3.1.0,false,25,1,AMD,6.1.134-152.225.amzn2023.x86_64,6,1,134,amzn,2023,2023,x86-64-v2,96.0,1.0,O3,10020.0,175339.96745897003,26780.419354838712,52.7817
hpc6a.48xlarge.x86-64-v2-O3.2.0,false,25,1,AMD,6.1.134-152.225.amzn2023.x86_64,6,1,134,amzn,2023,2023,x86-64-v2,96.0,1.0,O3,10020.0,175339.96745897003,26780.419354838712,50.8371
hpc6a.48xlarge.skylake-avx512-O0.0.0,false,25,1,AMD,6.1.134-152.225.amzn2023.x86_64,6,1,134,amzn,2023,2023,skylake-avx512,96.0,1.0,O0,9861.0,35303.57142857143,12559.0,40.3841
hpc6a.48xlarge.skylake-avx512-O0.1.0,false,25,1,AMD,6.1.134-152.225.amzn2023.x86_64,6,1,134,amzn,2023,2023,skylake-avx512,96.0,1.0,O0,9861.0,35303.57142857143,12559.0,44.6947
hpc6a.48xlarge.skylake-avx512-O0.2.0,false,25,1,AMD,6.1.134-152.225.amzn2023.x86_64,6,1,134,amzn,2023,2023,skylake-avx512,96.0,1.0,O0,9861.0,35303.57142857143,12559.0,44.4405
hpc6a.48xlarge.broadwell-O2.0.0,false,25,1,AMD,6.1.134-152.225.amzn2023.x86_64,6,1,134,amzn,2023,2023,broadwell,96.0,1.0,O2,10330.0,53638.5,91180.0,40.0379
hpc6a.48xlarge.broadwell-O2.1.0,false,25,1,AMD,6.1.134-152.225.amzn2023.x86_64,6,1,134,amzn,2023,2023,broadwell,96.0,1.0,O2,10330.0,53638.5,91180.0,50.98
hpc6a.48xlarge.broadwell-O2.2.0,false,25,1,AMD,6.1.134-152.225.amzn2023.x86_64,6,1,134,amzn,2023,2023,broadwell,96.0,1.0,O2,10330.0,53638.5,91180.0,51.3073
hpc6a.48xlarge.znver3-Og.0.0,false,25,1,AMD,6.1.134-152.225.amzn2023.x86_64,6,1,134,amzn,2023,2023,znver3,96.0,1.0,Og,9830.0,94923.0,56820.0,50.2149
hpc6a.48xlarge.znver3-Og.1.0,false,25,1,AMD,6.1.134-152.225.amzn2023.x86_64,6,1,134,amzn,2023,2023,znver3,96.0,1.0,Og,9830.0,94923.0,56820.0,49.7127
hpc6a.48xlarge.znver3-Og.2.0,false,25,1,AMD,6.1.134-152.225.amzn2023.x86_64,6,1,134,amzn,2023,2023,znver3,96.0,1.0,Og,9830.0,94923.0,56820.0,51.0707
hpc6a.48xlarge.sandybridge-O0.0.0,false,25,1,AMD,6.1.134-152.225.amzn2023.x86_64,6,1,134,amzn,2023,2023,sandybridge,96.0,1.0,O0,9750.0,160086.0,81720.0,42.2417
hpc6a.48xlarge.sandybridge-O0.1.0,false,25,1,AMD,6.1.134-152.225.amzn2023.x86_64,6,1,134,amzn,2023,2023,sandybridge,96.0,1.0,O0,9750.0,160086.0,81720.0,43.5422
hpc6a.48xlarge.sandybridge-O0.2.0,false,25,1,AMD,6.1.134-152.225.amzn2023.x86_64,6,1,134,amzn,2023,2023,sandybridge,96.0,1.0,O0,9750.0,160086.0,81720.0,43.2539
hpc6a.48xlarge.skylake-O3.0.0,false,25,1,AMD,6.1.134-152.225.amzn2023.x86_64,6,1,134,amzn,2023,2023,skylake,96.0,1.0,O3,9700.0,57472.0,4924597.0,38.0536
hpc6a.48xlarge.skylake-O3.1.0,false,25,1,AMD,6.1.134-152.225.amzn2023.x86_64,6,1,134,amzn,2023,2023,skylake,96.0,1.0,O3,9700.0,57472.0,4924597.0,50.6995
hpc6a.48xlarge.skylake-O3.2.0,false,25,1,AMD,6.1.134-152.225.amzn2023.x86_64,6,1,134,amzn,2023,2023,skylake,96.0,1.0,O3,9700.0,57472.0,4924597.0,51.1517
hpc6a.48xlarge.ivybridge-O2.0.0,false,25,1,AMD,6.1.134-152.225.amzn2023.x86_64,6,1,134,amzn,2023,2023,ivybridge,96.0,1.0,O2,10070.0,208749.23995127252,72331.18055555556,49.4032
hpc6a.48xlarge.ivybridge-O2.1.0,false,25,1,AMD,6.1.134-152.225.amzn2023.x86_64,6,1,134,amzn,2023,2023,ivybridge,96.0,1.0,O2,10070.0,208749.23995127252,72331.18055555556,53.7339
hpc6a.48xlarge.ivybridge-O2.2.0,false,25,1,AMD,6.1.134-152.225.amzn2023.x86_64,6,1,134,amzn,2023,2023,ivybridge,96.0,1.0,O2,10070.0,208749.23995127252,72331.18055555556,51.4242
hpc6a.48xlarge.znver4-O1.0.0,false,25,1,AMD,6.1.134-152.225.amzn2023.x86_64,6,1,134,amzn,2023,2023,znver4,96.0,1.0,O1,10000.0,443383.4215134548,142423.07558645835,50.3009
hpc6a.48xlarge.znver4-O1.1.0,false,25,1,AMD,6.1.134-152.225.amzn2023.x86_64,6,1,134,amzn,2023,2023,znver4,96.0,1.0,O1,10000.0,443383.4215134548,142423.07558645835,50.8044
hpc6a.48xlarge.znver4-O1.2.0,false,25,1,AMD,6.1.134-152.225.amzn2023.x86_64,6,1,134,amzn,2023,2023,znver4,96.0,1.0,O1,10000.0,443383.4215134548,142423.07558645835,53.0128
hpc6a.48xlarge.ivybridge-O0.0.0,false,25,1,AMD,6.1.134-152.225.amzn2023.x86_64,6,1,134,amzn,2023,2023,ivybridge,96.0,1.0,O0,9881.0,196882.70188492065,63109.66269841269,44.1592
hpc6a.48xlarge.ivybridge-O0.1.0,false,25,1,AMD,6.1.134-152.225.amzn2023.x86_64,6,1,134,amzn,2023,2023,ivybridge,96.0,1.0,O0,9881.0,196882.70188492065,63109.66269841269,43.307
hpc6a.48xlarge.ivybridge-O0.2.0,false,25,1,AMD,6.1.134-152.225.amzn2023.x86_64,6,1,134,amzn,2023,2023,ivybridge,96.0,1.0,O0,9881.0,196882.70188492065,63109.66269841269,43.397
hpc6a.48xlarge.znver3-O2.0.0,false,25,1,AMD,6.1.134-152.225.amzn2023.x86_64,6,1,134,amzn,2023,2023,znver3,96.0,1.0,O2,10210.0,236408.0,153800.0,44.0716
hpc6a.48xlarge.znver3-O2.1.0,false,25,1,AMD,6.1.134-152.225.amzn2023.x86_64,6,1,134,amzn,2023,2023,znver3,96.0,1.0,O2,10210.0,236408.0,153800.0,52.8446
hpc6a.48xlarge.znver3-O2.2.0,false,25,1,AMD,6.1.134-152.225.amzn2023.x86_64,6,1,134,amzn,2023,2023,znver3,96.0,1.0,O2,10210.0,236408.0,153800.0,53.3544
hpc6a.48xlarge.znver1-O3.0.0,false,25,1,AMD,6.1.134-152.225.amzn2023.x86_64,6,1,134,amzn,2023,2023,znver1,96.0,1.0,O3,9660.0,76413.86666666667,23508.8,51.1974
hpc6a.48xlarge.znver1-O3.1.0,false,25,1,AMD,6.1.134-152.225.amzn2023.x86_64,6,1,134,amzn,2023,2023,znver1,96.0,1.0,O3,9660.0,76413.86666666667,23508.8,49.7718
hpc6a.48xlarge.znver1-O3.2.0,false,25,1,AMD,6.1.134-152.225.amzn2023.x86_64,6,1,134,amzn,2023,2023,znver1,96.0,1.0,O3,9660.0,76413.86666666667,23508.8,51.5137
hpc6a.48xlarge.znver2-O0.0.0,false,25,1,AMD,6.1.134-152.225.amzn2023.x86_64,6,1,134,amzn,2023,2023,znver2,96.0,1.0,O0,10070.0,173432.20833333334,36696.131944444445,42.731
hpc6a.48xlarge.znver2-O0.1.0,false,25,1,AMD,6.1.134-152.225.amzn2023.x86_64,6,1,134,amzn,2023,2023,znver2,96.0,1.0,O0,10070.0,173432.20833333334,36696.131944444445,44.6386
hpc6a.48xlarge.znver2-O0.2.0,false,25,1,AMD,6.1.134-152.225.amzn2023.x86_64,6,1,134,amzn,2023,2023,znver2,96.0,1.0,O0,10070.0,173432.20833333334,36696.131944444445,43.7474
hpc6a.48xlarge.x86-64-v2-Os.0.0,false,25,1,AMD,6.1.134-152.225.amzn2023.x86_64,6,1,134,amzn,2023,2023,x86-64-v2,96.0,1.0,Os,9870.0,408808.0,239009.33333333334,47.8939
hpc6a.48xlarge.x86-64-v2-Os.1.0,false,25,1,AMD,6.1.134-152.225.amzn2023.x86_64,6,1,134,amzn,2023,2023,x86-64-v2,96.0,1.0,Os,9870.0,408808.0,239009.33333333334,52.8189
hpc6a.48xlarge.x86-64-v2-Os.2.0,false,25,1,AMD,6.1.134-152.225.amzn2023.x86_64,6,1,134,amzn,2023,2023,x86-64-v2,96.0,1.0,Os,9870.0,408808.0,239009.33333333334,51.2543
hpc6a.48xlarge.btver2-O0.0.0,false,25,1,AMD,6.1.134-152.225.amzn2023.x86_64,6,1,134,amzn,2023,2023,btver2,96.0,1.0,O0,10050.0,13040.0,3032.75,42.6391
hpc6a.48xlarge.btver2-O0.1.0,false,25,1,AMD,6.1.134-152.225.amzn2023.x86_64,6,1,134,amzn,2023,2023,btver2,96.0,1.0,O0,10050.0,13040.0,3032.75,44.9227
hpc6a.48xlarge.btver2-O0.2.0,false,25,1,AMD,6.1.134-152.225.amzn2023.x86_64,6,1,134,amzn,2023,2023,btver2,96.0,1.0,O0,10050.0,13040.0,3032.75,45.4848
hpc6a.48xlarge.znver1-O2.0.0,false,25,1,AMD,6.1.134-152.225.amzn2023.x86_64,6,1,134,amzn,2023,2023,znver1,96.0,1.0,O2,9790.0,15420.0,45011.0,45.8976
hpc6a.48xlarge.znver1-O2.1.0,false,25,1,AMD,6.1.134-152.225.amzn2023.x86_64,6,1,134,amzn,2023,2023,znver1,96.0,1.0,O2,9790.0,15420.0,45011.0,50.1839
hpc6a.48xlarge.znver1-O2.2.0,false,25,1,AMD,6.1.134-152.225.amzn2023.x86_64,6,1,134,amzn,2023,2023,znver1,96.0,1.0,O2,9790.0,15420.0,45011.0,49.8692
hpc6a.48xlarge.sandybridge-O2.0.0,false,25,1,AMD,6.1.134-152.225.amzn2023.x86_64,6,1,134,amzn,2023,2023,sandybridge,96.0,1.0,O2,9860.0,68440.0,45762.0,51.3421
hpc6a.48xlarge.sandybridge-O2.1.0,false,25,1,AMD,6.1.134-152.225.amzn2023.x86_64,6,1,134,amzn,2023,2023,sandybridge,96.0,1.0,O2,9860.0,68440.0,45762.0,53.0463
hpc6a.48xlarge.sandybridge-O2.2.0,false,25,1,AMD,6.1.134-152.225.amzn2023.x86_64,6,1,134,amzn,2023,2023,sandybridge,96.0,1.0,O2,9860.0,68440.0,45762.0,50.9433
hpc6a.48xlarge.haswell-O1.0.0,false,25,1,AMD,6.1.134-152.225.amzn2023.x86_64,6,1,134,amzn,2023,2023,haswell,96.0,1.0,O1,9690.0,310728.0,160804.0,40.8491
hpc6a.48xlarge.haswell-O1.1.0,false,25,1,AMD,6.1.134-152.225.amzn2023.x86_64,6,1,134,amzn,2023,2023,haswell,96.0,1.0,O1,9690.0,310728.0,160804.0,51.1764
hpc6a.48xlarge.haswell-O1.2.0,false,25,1,AMD,6.1.134-152.225.amzn2023.x86_64,6,1,134,amzn,2023,2023,haswell,96.0,1.0,O1,9690.0,310728.0,160804.0,50.85
hpc6a.48xlarge.x86-64-v3-Og.0.0,false,25,1,AMD,6.1.134-152.225.amzn2023.x86_64,6,1,134,amzn,2023,2023,x86-64-v3,96.0,1.0,Og,10281.0,247589.6,170498.4,50.5737
hpc6a.48xlarge.x86-64-v3-Og.1.0,false,25,1,AMD,6.1.134-152.225.amzn2023.x86_64,6,1,134,amzn,2023,2023,x86-64-v3,96.0,1.0,Og,10281.0,247589.6,170498.4,53.7337
hpc6a.48xlarge.x86-64-v3-Og.2.0,false,25,1,AMD,6.1.134-152.225.amzn2023.x86_64,6,1,134,amzn,2023,2023,x86-64-v3,96.0,1.0,Og,10281.0,247589.6,170498.4,50.8163
hpc6a.48xlarge.x86-64-v2-O2.0.0,false,25,1,AMD,6.1.134-152.225.amzn2023.x86_64,6,1,134,amzn,2023,2023,x86-64-v2,96.0,1.0,O2,9600.0,225655.27619047617,32439.5,44.8671
hpc6a.48xlarge.x86-64-v2-O2.1.0,false,25,1,AMD,6.1.134-152.225.amzn2023.x86_64,6,1,134,amzn,2023,2023,x86-64-v2,96.0,1.0,O2,9600.0,225655.27619047617,32439.5,51.5364
hpc6a.48xlarge.x86-64-v2-O2.2.0,false,25,1,AMD,6.1.134-152.225.amzn2023.x86_64,6,1,134,amzn,2023,2023,x86-64-v2,96.0,1.0,O2,9600.0,225655.27619047617,32439.5,49.7466
hpc6a.48xlarge.sandybridge-Og.0.0,false,25,1,AMD,6.1.134-152.225.amzn2023.x86_64,6,1,134,amzn,2023,2023,sandybridge,96.0,1.0,Og,9791.0,201854.51903292182,33050.66113624937,50.079
hpc6a.48xlarge.sandybridge-Og.1.0,false,25,1,AMD,6.1.134-152.225.amzn2023.x86_64,6,1,134,amzn,2023,2023,sandybridge,96.0,1.0,Og,9791.0,201854.51903292182,33050.66113624937,49.3533
hpc6a.48xlarge.sandybridge-Og.2.0,false,25,1,AMD,6.1.134-152.225.amzn2023.x86_64,6,1,134,amzn,2023,2023,sandybridge,96.0,1.0,Og,9791.0,201854.51903292182,33050.66113624937,51.3342
hpc6a.48xlarge.ivybridge-Og.0.0,false,25,1,AMD,6.1.134-152.225.amzn2023.x86_64,6,1,134,amzn,2023,2023,ivybridge,96.0,1.0,Og,9410.0,228058.7,35721.11111111111,49.8535
hpc6a.48xlarge.ivybridge-Og.1.0,false,25,1,AMD,6.1.134-152.225.amzn2023.x86_64,6,1,134,amzn,2023,2023,ivybridge,96.0,1.0,Og,9410.0,228058.7,35721.11111111111,41.0259
hpc6a.48xlarge.ivybridge-Og.2.0,false,25,1,AMD,6.1.134-152.225.amzn2023.x86_64,6,1,134,amzn,2023,2023,ivybridge,96.0,1.0,Og,9410.0,228058.7,35721.11111111111,51.5806
hpc6a.48xlarge.btver2-O2.0.0,false,25,1,AMD,6.1.134-152.225.amzn2023.x86_64,6,1,134,amzn,2023,2023,btver2,96.0,1.0,O2,9610.0,16190.0,57382.0,49.0699
hpc6a.48xlarge.btver2-O2.1.0,false,25,1,AMD,6.1.134-152.225.amzn2023.x86_64,6,1,134,amzn,2023,2023,btver2,96.0,1.0,O2,9610.0,16190.0,57382.0,51.3007
hpc6a.48xlarge.btver2-O2.2.0,false,25,1,AMD,6.1.134-152.225.amzn2023.x86_64,6,1,134,amzn,2023,2023,btver2,96.0,1.0,O2,9610.0,16190.0,57382.0,53.8927
hpc6a.48xlarge.broadwell-O1.0.0,false,25,1,AMD,6.1.134-152.225.amzn2023.x86_64,6,1,134,amzn,2023,2023,broadwell,96.0,1.0,O1,10031.0,24741.0,43331.0,40.3121
hpc6a.48xlarge.broadwell-O1.1.0,false,25,1,AMD,6.1.134-152.225.amzn2023.x86_64,6,1,134,amzn,2023,2023,broadwell,96.0,1.0,O1,10031.0,24741.0,43331.0,52.2308
hpc6a.48xlarge.broadwell-O1.2.0,false,25,1,AMD,6.1.134-152.225.amzn2023.x86_64,6,1,134,amzn,2023,2023,broadwell,96.0,1.0,O1,10031.0,24741.0,43331.0,50.9697
hpc6a.48xlarge.ivybridge-O1.0.0,false,25,1,AMD,6.1.134-152.225.amzn2023.x86_64,6,1,134,amzn,2023,2023,ivybridge,96.0,1.0,O1,10081.0,155703.0,102573.0,50.6763
hpc6a.48xlarge.ivybridge-O1.1.0,false,25,1,AMD,6.1.134-152.225.amzn2023.x86_64,6,1,134,amzn,2023,2023,ivybridge,96.0,1.0,O1,10081.0,155703.0,102573.0,51.3788
hpc6a.48xlarge.ivybridge-O1.2.0,false,25,1,AMD,6.1.134-152.225.amzn2023.x86_64,6,1,134,amzn,2023,2023,ivybridge,96.0,1.0,O1,10081.0,155703.0,102573.0,51.3568
hpc6a.48xlarge.bdver4-O0.0.0,false,25,1,AMD,6.1.134-152.225.amzn2023.x86_64,6,1,134,amzn,2023,2023,bdver4,96.0,1.0,O0,9850.0,197526.1111111111,32149.751927599144,36.8912
hpc6a.48xlarge.bdver4-O0.1.0,false,25,1,AMD,6.1.134-152.225.amzn2023.x86_64,6,1,134,amzn,2023,2023,bdver4,96.0,1.0,O0,9850.0,197526.1111111111,32149.751927599144,44.1039
hpc6a.48xlarge.bdver4-O0.2.0,false,25,1,AMD,6.1.134-152.225.amzn2023.x86_64,6,1,134,amzn,2023,2023,bdver4,96.0,1.0,O0,9850.0,197526.1111111111,32149.751927599144,44.6176
hpc6a.48xlarge.x86-64-v2-Og.0.0,false,25,1,AMD,6.1.134-152.225.amzn2023.x86_64,6,1,134,amzn,2023,2023,x86-64-v2,96.0,1.0,Og,10120.0,271404.67791005294,109568.2671957672,50.0839
hpc6a.48xlarge.x86-64-v2-Og.1.0,false,25,1,AMD,6.1.134-152.225.amzn2023.x86_64,6,1,134,amzn,2023,2023,x86-64-v2,96.0,1.0,Og,10120.0,271404.67791005294,109568.2671957672,51.7374
hpc6a.48xlarge.x86-64-v2-Og.2.0,false,25,1,AMD,6.1.134-152.225.amzn2023.x86_64,6,1,134,amzn,2023,2023,x86-64-v2,96.0,1.0,Og,10120.0,271404.67791005294,109568.2671957672,51.2553
hpc6a.48xlarge.sandybridge-Ofast.0.0,false,25,1,AMD,6.1.134-152.225.amzn2023.x86_64,6,1,134,amzn,2023,2023,sandybridge,96.0,1.0,Ofast,9980.0,58501.0,640902.0,51.2617
hpc6a.48xlarge.sandybridge-Ofast.1.0,false,25,1,AMD,6.1.134-152.225.amzn2023.x86_64,6,1,134,amzn,2023,2023,sandybridge,96.0,1.0,Ofast,9980.0,58501.0,640902.0,51.7707
hpc6a.48xlarge.sandybridge-Ofast.2.0,false,25,1,AMD,6.1.134-152.225.amzn2023.x86_64,6,1,134,amzn,2023,2023,sandybridge,96.0,1.0,Ofast,9980.0,58501.0,640902.0,50.2813
hpc6a.48xlarge.znver2-Og.0.0,false,25,1,AMD,6.1.134-152.225.amzn2023.x86_64,6,1,134,amzn,2023,2023,znver2,96.0,1.0,Og,9790.0,158930.99000129933,48071.65904365904,52.7141
hpc6a.48xlarge.znver2-Og.1.0,false,25,1,AMD,6.1.134-152.225.amzn2023.x86_64,6,1,134,amzn,2023,2023,znver2,96.0,1.0,Og,9790.0,158930.99000129933,48071.65904365904,50.9872
hpc6a.48xlarge.znver2-Og.2.0,false,25,1,AMD,6.1.134-152.225.amzn2023.x86_64,6,1,134,amzn,2023,2023,znver2,96.0,1.0,Og,9790.0,158930.99000129933,48071.65904365904,51.2623
hpc6a.48xlarge.x86-64-v2-O1.0.0,false,25,1,AMD,6.1.134-152.225.amzn2023.x86_64,6,1,134,amzn,2023,2023,x86-64-v2,96.0,1.0,O1,9520.0,127083.0,65130.0,51.6949
hpc6a.48xlarge.x86-64-v2-O1.1.0,false,25,1,AMD,6.1.134-152.225.amzn2023.x86_64,6,1,134,amzn,2023,2023,x86-64-v2,96.0,1.0,O1,9520.0,127083.0,65130.0,51.1908
hpc6a.48xlarge.x86-64-v2-O1.2.0,false,25,1,AMD,6.1.134-152.225.amzn2023.x86_64,6,1,134,amzn,2023,2023,x86-64-v2,96.0,1.0,O1,9520.0,127083.0,65130.0,51.2075
hpc6a.48xlarge.btver2-Og.0.0,false,25,1,AMD,6.1.134-152.225.amzn2023.x86_64,6,1,134,amzn,2023,2023,btver2,96.0,1.0,Og,9730.0,272333.5642738067,88901.17801340697,41.0598
hpc6a.48xlarge.btver2-Og.1.0,false,25,1,AMD,6.1.134-152.225.amzn2023.x86_64,6,1,134,amzn,2023,2023,btver2,96.0,1.0,Og,9730.0,272333.5642738067,88901.17801340697,53.047
hpc6a.48xlarge.btver2-Og.2.0,false,25,1,AMD,6.1.134-152.225.amzn2023.x86_64,6,1,134,amzn,2023,2023,btver2,96.0,1.0,Og,9730.0,272333.5642738067,88901.17801340697,49.0713
hpc6a.48xlarge.broadwell-O0.0.0,false,25,1,AMD,6.1.134-152.225.amzn2023.x86_64,6,1,134,amzn,2023,2023,broadwell,96.0,1.0,O0,10370.0,166604.0,75880.0,33.9151
hpc6a.48xlarge.broadwell-O0.1.0,false,25,1,AMD,6.1.134-152.225.amzn2023.x86_64,6,1,134,amzn,2023,2023,broadwell,96.0,1.0,O0,10370.0,166604.0,75880.0,43.9578
hpc6a.48xlarge.broadwell-O0.2.0,false,25,1,AMD,6.1.134-152.225.amzn2023.x86_64,6,1,134,amzn,2023,2023,broadwell,96.0,1.0,O0,10370.0,166604.0,75880.0,46.2147
hpc6a.48xlarge.znver2-O2.0.0,false,25,1,AMD,6.1.134-152.225.amzn2023.x86_64,6,1,134,amzn,2023,2023,znver2,96.0,1.0,O2,9380.0,229690.517567791,391931.42156084656,48.3605
hpc6a.48xlarge.znver2-O2.1.0,false,25,1,AMD,6.1.134-152.225.amzn2023.x86_64,6,1,134,amzn,2023,2023,znver2,96.0,1.0,O2,9380.0,229690.517567791,391931.42156084656,51.8188
hpc6a.48xlarge.znver2-O2.2.0,false,25,1,AMD,6.1.134-152.225.amzn2023.x86_64,6,1,134,amzn,2023,2023,znver2,96.0,1.0,O2,9380.0,229690.517567791,391931.42156084656,51.5161
hpc6a.48xlarge.btver2-O1.0.0,false,25,1,AMD,6.1.134-152.225.amzn2023.x86_64,6,1,134,amzn,2023,2023,btver2,96.0,1.0,O1,10251.0,15210.0,14490.0,49.4642
hpc6a.48xlarge.btver2-O1.1.0,false,25,1,AMD,6.1.134-152.225.amzn2023.x86_64,6,1,134,amzn,2023,2023,btver2,96.0,1.0,O1,10251.0,15210.0,14490.0,53.4845
hpc6a.48xlarge.btver2-O1.2.0,false,25,1,AMD,6.1.134-152.225.amzn2023.x86_64,6,1,134,amzn,2023,2023,btver2,96.0,1.0,O1,10251.0,15210.0,14490.0,51.1722
hpc6a.48xlarge.broadwell-O3.0.0,false,25,1,AMD,6.1.134-152.225.amzn2023.x86_64,6,1,134,amzn,2023,2023,broadwell,96.0,1.0,O3,9900.0,100107.0,3585.0,50.5628
hpc6a.48xlarge.broadwell-O3.1.0,false,25,1,AMD,6.1.134-152.225.amzn2023.x86_64,6,1,134,amzn,2023,2023,broadwell,96.0,1.0,O3,9900.0,100107.0,3585.0,51.2098
hpc6a.48xlarge.broadwell-O3.2.0,false,25,1,AMD,6.1.134-152.225.amzn2023.x86_64,6,1,134,amzn,2023,2023,broadwell,96.0,1.0,O3,9900.0,100107.0,3585.0,50.7372
t3a.2xlarge.znver4-Og.0.0,true,23,1,AMD,6.1.134-152.225.amzn2023.x86_64,6,1,134,amzn,2023,2023,znver4,4.0,2.0,Og,1210516367.4174929,713010.2923759114,286101.3368866872,1.8918
t3a.2xlarge.znver4-Og.1.0,true,23,1,AMD,6.1.134-152.225.amzn2023.x86_64,6,1,134,amzn,2023,2023,znver4,4.0,2.0,Og,1210516367.4174929,713010.2923759114,286101.3368866872,3.27813
t3a.2xlarge.znver4-Og.2.0,true,23,1,AMD,6.1.134-152.225.amzn2023.x86_64,6,1,134,amzn,2023,2023,znver4,4.0,2.0,Og,1210516367.4174929,713010.2923759114,286101.3368866872,3.00597
t3a.2xlarge.haswell-O0.0.0,true,23,1,AMD,6.1.134-152.225.amzn2023.x86_64,6,1,134,amzn,2023,2023,haswell,4.0,2.0,O0,2202912554.463537,80228.25,26397.882352941175,1.28772
t3a.2xlarge.haswell-O0.1.0,true,23,1,AMD,6.1.134-152.225.amzn2023.x86_64,6,1,134,amzn,2023,2023,haswell,4.0,2.0,O0,2202912554.463537,80228.25,26397.882352941175,1.25749
t3a.2xlarge.haswell-O0.2.0,true,23,1,AMD,6.1.134-152.225.amzn2023.x86_64,6,1,134,amzn,2023,2023,haswell,4.0,2.0,O0,2202912554.463537,80228.25,26397.882352941175,1.28757
t3a.2xlarge.bdver4-Ofast.0.0,true,23,1,AMD,6.1.134-152.225.amzn2023.x86_64,6,1,134,amzn,2023,2023,bdver4,4.0,2.0,Ofast,1132378349.6881473,349970.08793268155,273713.0400133191,1.87308
t3a.2xlarge.bdver4-Ofast.1.0,true,23,1,AMD,6.1.134-152.225.amzn2023.x86_64,6,1,134,amzn,2023,2023,bdver4,4.0,2.0,Ofast,1132378349.6881473,349970.08793268155,273713.0400133191,3.15935
t3a.2xlarge.bdver4-Ofast.2.0,true,23,1,AMD,6.1.134-152.225.amzn2023.x86_64,6,1,134,amzn,2023,2023,bdver4,4.0,2.0,Ofast,1132378349.6881473,349970.08793268155,273713.0400133191,2.91205
t3a.2xlarge.skylake-O1.0.0,true,23,1,AMD,6.1.134-152.225.amzn2023.x86_64,6,1,134,amzn,2023,2023,skylake,4.0,2.0,O1,1008757863.3940595,10032.625,2945.0,3.48013
t3a.2xlarge.skylake-O1.1.0,true,23,1,AMD,6.1.134-152.225.amzn2023.x86_64,6,1,134,amzn,2023,2023,skylake,4.0,2.0,O1,1008757863.3940595,10032.625,2945.0,3.04781
t3a.2xlarge.skylake-O1.2.0,true,23,1,AMD,6.1.134-152.225.amzn2023.x86_64,6,1,134,amzn,2023,2023,skylake,4.0,2.0,O1,1008757863.3940595,10032.625,2945.0,3.42553
t3a.2xlarge.ivybridge-Os.0.0,true,23,1,AMD,6.1.134-152.225.amzn2023.x86_64,6,1,134,amzn,2023,2023,ivybridge,4.0,2.0,Os,1030350294.2042433,647204.2221807538,431989.207099085,2.9252
t3a.2xlarge.ivybridge-Os.1.0,true,23,1,AMD,6.1.134-152.225.amzn2023.x86_64,6,1,134,amzn,2023,2023,ivybridge,4.0,2.0,Os,1030350294.2042433,647204.2221807538,431989.207099085,3.18897
t3a.2xlarge.ivybridge-Os.2.0,true,23,1,AMD,6.1.134-152.225.amzn2023.x86_64,6,1,134,amzn,2023,2023,ivybridge,4.0,2.0,Os,1030350294.2042433,647204.2221807538,431989.207099085,3.28218
t3a.2xlarge.haswell-Ofast.0.0,true,23,1,AMD,6.1.134-152.225.amzn2023.x86_64,6,1,134,amzn,2023,2023,haswell,4.0,2.0,Ofast,1084673388.8143315,157757.03703703702,114168.26058201058,1.86286
t3a.2xlarge.haswell-Ofast.1.0,true,23,1,AMD,6.1.134-152.225.amzn2023.x86_64,6,1,134,amzn,2023,2023,haswell,4.0,2.0,Ofast,1084673388.8143315,157757.03703703702,114168.26058201058,3.07038
t3a.2xlarge.haswell-Ofast.2.0,true,23,1,AMD,6.1.134-152.225.amzn2023.x86_64,6,1,134,amzn,2023,2023,haswell,4.0,2.0,Ofast,1084673388.8143315,157757.03703703702,114168.26058201058,3.16448
t3a.2xlarge.znver2-O3.0.0,true,23,1,AMD,6.1.134-152.225.amzn2023.x86_64,6,1,134,amzn,2023,2023,znver2,4.0,2.0,O3,936682623.8548449,115514.875,14798.875,3.0671
t3a.2xlarge.znver2-O3.1.0,true,23,1,AMD,6.1.134-152.225.amzn2023.x86_64,6,1,134,amzn,2023,2023,znver2,4.0,2.0,O3,936682623.8548449,115514.875,14798.875,3.20685
t3a.2xlarge.znver2-O3.2.0,true,23,1,AMD,6.1.134-152.225.amzn2023.x86_64,6,1,134,amzn,2023,2023,znver2,4.0,2.0,O3,936682623.8548449,115514.875,14798.875,3.2647
t3a.2xlarge.bdver4-Os.0.0,true,23,1,AMD,6.1.134-152.225.amzn2023.x86_64,6,1,134,amzn,2023,2023,bdver4,4.0,2.0,Os,727519130.3737481,67757.33333333333,895013.6666666666,1.73355
t3a.2xlarge.bdver4-Os.1.0,true,23,1,AMD,6.1.134-152.225.amzn2023.x86_64,6,1,134,amzn,2023,2023,bdver4,4.0,2.0,Os,727519130.3737481,67757.33333333333,895013.6666666666,3.21143
t3a.2xlarge.bdver4-Os.2.0,true,23,1,AMD,6.1.134-152.225.amzn2023.x86_64,6,1,134,amzn,2023,2023,bdver4,4.0,2.0,Os,727519130.3737481,67757.33333333333,895013.6666666666,3.86034
t3a.2xlarge.x86-64-v3-Os.0.0,true,23,1,AMD,6.1.134-152.225.amzn2023.x86_64,6,1,134,amzn,2023,2023,x86-64-v3,4.0,2.0,Os,1265151292.8869777,471935.74798644165,356219.70659278205,3.07804
t3a.2xlarge.x86-64-v3-Os.1.0,true,23,1,AMD,6.1.134-152.225.amzn2023.x86_64,6,1,134,amzn,2023,2023,x86-64-v3,4.0,2.0,Os,1265151292.8869777,471935.74798644165,356219.70659278205,2.80325
t3a.2xlarge.x86-64-v3-Os.2.0,true,23,1,AMD,6.1.134-152.225.amzn2023.x86_64,6,1,134,amzn,2023,2023,x86-64-v3,4.0,2.0,Os,1265151292.8869777,471935.74798644165,356219.70659278205,3.17369
t3a.2xlarge.znver3-O1.0.0,true,23,1,AMD,6.1.134-152.225.amzn2023.x86_64,6,1,134,amzn,2023,2023,znver3,4.0,2.0,O1,700931236.6631025,17330.0,317783.0,3.03166
t3a.2xlarge.znver3-O1.1.0,true,23,1,AMD,6.1.134-152.225.amzn2023.x86_64,6,1,134,amzn,2023,2023,znver3,4.0,2.0,O1,700931236.6631025,17330.0,317783.0,3.63519
t3a.2xlarge.znver3-O1.2.0,true,23,1,AMD,6.1.134-152.225.amzn2023.x86_64,6,1,134,amzn,2023,2023,znver3,4.0,2.0,O1,700931236.6631025,17330.0,317783.0,3.16733
t3a.2xlarge.x86-64-v3-O3.0.0,true,23,1,AMD,6.1.134-152.225.amzn2023.x86_64,6,1,134,amzn,2023,2023,x86-64-v3,4.0,2.0,O3,545993471.7154843,433903.06889631663,300114.58994322707,2.83472
t3a.2xlarge.x86-64-v3-O3.1.0,true,23,1,AMD,6.1.134-152.225.amzn2023.x86_64,6,1,134,amzn,2023,2023,x86-64-v3,4.0,2.0,O3,545993471.7154843,433903.06889631663,300114.58994322707,2.75924
t3a.2xlarge.x86-64-v3-O3.2.0,true,23,1,AMD,6.1.134-152.225.amzn2023.x86_64,6,1,134,amzn,2023,2023,x86-64-v3,4.0,2.0,O3,545993471.7154843,433903.06889631663,300114.58994322707,3.8914
t3a.2xlarge.znver1-Os.0.0,true,23,1,AMD,6.1.134-152.225.amzn2023.x86_64,6,1,134,amzn,2023,2023,znver1,4.0,2.0,Os,1239736553.5909014,11160.0,209597.0,3.29304
t3a.2xlarge.znver1-Os.1.0,true,23,1,AMD,6.1.134-152.225.amzn2023.x86_64,6,1,134,amzn,2023,2023,znver1,4.0,2.0,Os,1239736553.5909014,11160.0,209597.0,3.53004
t3a.2xlarge.znver1-Os.2.0,true,23,1,AMD,6.1.134-152.225.amzn2023.x86_64,6,1,134,amzn,2023,2023,znver1,4.0,2.0,Os,1239736553.5909014,11160.0,209597.0,3.42982
t3a.2xlarge.x86-64-v2-O0.0.0,true,23,1,AMD,6.1.134-152.225.amzn2023.x86_64,6,1,134,amzn,2023,2023,x86-64-v2,4.0,2.0,O0,1451775697.2697306,321553.89402967185,180714.39272362998,1.2225
t3a.2xlarge.x86-64-v2-O0.1.0,true,23,1,AMD,6.1.134-152.225.amzn2023.x86_64,6,1,134,amzn,2023,2023,x86-64-v2,4.0,2.0,O0,1451775697.2697306,321553.89402967185,180714.39272362998,1.32613
t3a.2xlarge.x86-64-v2-O0.2.0,true,23,1,AMD,6.1.134-152.225.amzn2023.x86_64,6,1,134,amzn,2023,2023,x86-64-v2,4.0,2.0,O0,1451775697.2697306,321553.89402967185,180714.39272362998,1.4115
t3a.2xlarge.skylake-Og.0.0,true,23,1,AMD,6.1.134-152.225.amzn2023.x86_64,6,1,134,amzn,2023,2023,skylake,4.0,2.0,Og,696242407.8229964,444137.94754415593,333912.3749491765,3.3201
t3a.2xlarge.skylake-Og.1.0,true,23,1,AMD,6.1.134-152.225.amzn2023.x86_64,6,1,134,amzn,2023,2023,skylake,4.0,2.0,Og,696242407.8229964,444137.94754415593,333912.3749491765,3.46568
t3a.2xlarge.skylake-Og.2.0,true,23,1,AMD,6.1.134-152.225.amzn2023.x86_64,6,1,134,amzn,2023,2023,skylake,4.0,2.0,Og,696242407.8229964,444137.94754415593,333912.3749491765,3.23989
t3a.2xlarge.broadwell-Ofast.0.0,true,23,1,AMD,6.1.134-152.225.amzn2023.x86_64,6,1,134,amzn,2023,2023,broadwell,4.0,2.0,Ofast,1417766207.7800813,35236.4,13208.0,2.55753
t3a.2xlarge.broadwell-Ofast.1.0,true,23,1,AMD,6.1.134-152.225.amzn2023.x86_64,6,1,134,amzn,2023,2023,broadwell,4.0,2.0,Ofast,1417766207.7800813,35236.4,13208.0,3.26684
t3a.2xlarge.broadwell-Ofast.2.0,true,23,1,AMD,6.1.134-152.225.amzn2023.x86_64,6,1,134,amzn,2023,2023,broadwell,4.0,2.0,Ofast,1417766207.7800813,35236.4,13208.0,3.1531
t3a.2xlarge.znver4-O2.0.0,true,23,1,AMD,6.1.134-152.225.amzn2023.x86_64,6,1,134,amzn,2023,2023,znver4,4.0,2.0,O2,1147365800.2142785,289705.8461538462,108473.84615384616,4.11582
t3a.2xlarge.znver4-O2.1.0,true,23,1,AMD,6.1.134-152.225.amzn2023.x86_64,6,1,134,amzn,2023,2023,znver4,4.0,2.0,O2,1147365800.2142785,289705.8461538462,108473.84615384616,3.06698
t3a.2xlarge.znver4-O2.2.0,true,23,1,AMD,6.1.134-152.225.amzn2023.x86_64,6,1,134,amzn,2023,2023,znver4,4.0,2.0,O2,1147365800.2142785,289705.8461538462,108473.84615384616,3.4312
t3a.2xlarge.znver1-O1.0.0,true,23,1,AMD,6.1.134-152.225.amzn2023.x86_64,6,1,134,amzn,2023,2023,znver1,4.0,2.0,O1,895518332.1343999,547356.299034857,230861.18810920845,3.34648
t3a.2xlarge.znver1-O1.1.0,true,23,1,AMD,6.1.134-152.225.amzn2023.x86_64,6,1,134,amzn,2023,2023,znver1,4.0,2.0,O1,895518332.1343999,547356.299034857,230861.18810920845,3.23839
t3a.2xlarge.znver1-O1.2.0,true,23,1,AMD,6.1.134-152.225.amzn2023.x86_64,6,1,134,amzn,2023,2023,znver1,4.0,2.0,O1,895518332.1343999,547356.299034857,230861.18810920845,3.33591
t3a.2xlarge.btver2-Os.0.0,true,23,1,AMD,6.1.134-152.225.amzn2023.x86_64,6,1,134,amzn,2023,2023,btver2,4.0,2.0,Os,726684611.3781731,547087.420469328,323538.2934100004,2.72023
t3a.2xlarge.btver2-Os.1.0,true,23,1,AMD,6.1.134-152.225.amzn2023.x86_64,6,1,134,amzn,2023,2023,btver2,4.0,2.0,Os,726684611.3781731,547087.420469328,323538.2934100004,3.23729
t3a.2xlarge.btver2-Os.2.0,true,23,1,AMD,6.1.134-152.225.amzn2023.x86_64,6,1,134,amzn,2023,2023,btver2,4.0,2.0,Os,726684611.3781731,547087.420469328,323538.2934100004,3.29694
t3a.2xlarge.bdver4-O3.0.0,true,23,1,AMD,6.1.134-152.225.amzn2023.x86_64,6,1,134,amzn,2023,2023,bdver4,4.0,2.0,O3,1500661610.3333266,132985.66666666666,56595.0,2.54785
t3a.2xlarge.bdver4-O3.1.0,true,23,1,AMD,6.1.134-152.225.amzn2023.x86_64,6,1,134,amzn,2023,2023,bdver4,4.0,2.0,O3,1500661610.3333266,132985.66666666666,56595.0,3.37838
t3a.2xlarge.bdver4-O3.2.0,true,23,1,AMD,6.1.134-152.225.amzn2023.x86_64,6,1,134,amzn,2023,2023,bdver4,4.0,2.0,O3,1500661610.3333266,132985.66666666666,56595.0,3.6251
t3a.2xlarge.znver2-Os.0.0,true,23,1,AMD,6.1.134-152.225.amzn2023.x86_64,6,1,134,amzn,2023,2023,znver2,4.0,2.0,Os,821445196.5721159,51270.5,259432.0,3.07017
t3a.2xlarge.znver2-Os.1.0,true,23,1,AMD,6.1.134-152.225.amzn2023.x86_64,6,1,134,amzn,2023,2023,znver2,4.0,2.0,Os,821445196.5721159,51270.5,259432.0,3.2238
t3a.2xlarge.znver2-Os.2.0,true,23,1,AMD,6.1.134-152.225.amzn2023.x86_64,6,1,134,amzn,2023,2023,znver2,4.0,2.0,Os,821445196.5721159,51270.5,259432.0,3.1705
t3a.2xlarge.znver3-O3.0.0,true,23,1,AMD,6.1.134-152.225.amzn2023.x86_64,6,1,134,amzn,2023,2023,znver3,4.0,2.0,O3,782668602.8874122,12493.333333333334,406823.0,3.30378
t3a.2xlarge.znver3-O3.1.0,true,23,1,AMD,6.1.134-152.225.amzn2023.x86_64,6,1,134,amzn,2023,2023,znver3,4.0,2.0,O3,782668602.8874122,12493.333333333334,406823.0,3.47759
t3a.2xlarge.znver3-O3.2.0,true,23,1,AMD,6.1.134-152.225.amzn2023.x86_64,6,1,134,amzn,2023,2023,znver3,4.0,2.0,O3,782668602.8874122,12493.333333333334,406823.0,3.29296
t3a.2xlarge.haswell-O3.0.0,true,23,1,AMD,6.1.134-152.225.amzn2023.x86_64,6,1,134,amzn,2023,2023,haswell,4.0,2.0,O3,1352503163.294957,238324.0511533656,175617.23777515563,1.77284
t3a.2xlarge.haswell-O3.1.0,true,23,1,AMD,6.1.134-152.225.amzn2023.x86_64,6,1,134,amzn,2023,2023,haswell,4.0,2.0,O3,1352503163.294957,238324.0511533656,175617.23777515563,3.28858
t3a.2xlarge.haswell-O3.2.0,true,23,1,AMD,6.1.134-152.225.amzn2023.x86_64,6,1,134,amzn,2023,2023,haswell,4.0,2.0,O3,1352503163.294957,238324.0511533656,175617.23777515563,3.0314
t3a.2xlarge.znver3-O0.0.0,true,23,1,AMD,6.1.134-152.225.amzn2023.x86_64,6,1,134,amzn,2023,2023,znver3,4.0,2.0,O0,1293669490.0806198,76731.0,23070.0,1.37736
t3a.2xlarge.znver3-O0.1.0,true,23,1,AMD,6.1.134-152.225.amzn2023.x86_64,6,1,134,amzn,2023,2023,znver3,4.0,2.0,O0,1293669490.0806198,76731.0,23070.0,1.3422
t3a.2xlarge.znver3-O0.2.0,true,23,1,AMD,6.1.134-152.225.amzn2023.x86_64,6,1,134,amzn,2023,2023,znver3,4.0,2.0,O0,1293669490.0806198,76731.0,23070.0,1.34685
t3a.2xlarge.sapphirerapids-O0.0.0,true,23,1,AMD,6.1.134-152.225.amzn2023.x86_64,6,1,134,amzn,2023,2023,sapphirerapids,4.0,2.0,O0,1402952029.2723508,424959.7351496192,271303.0974118708,1.25277
t3a.2xlarge.sapphirerapids-O0.1.0,true,23,1,AMD,6.1.134-152.225.amzn2023.x86_64,6,1,134,amzn,2023,2023,sapphirerapids,4.0,2.0,O0,1402952029.2723508,424959.7351496192,271303.0974118708,1.24171
t3a.2xlarge.sapphirerapids-O0.2.0,true,23,1,AMD,6.1.134-152.225.amzn2023.x86_64,6,1,134,amzn,2023,2023,sapphirerapids,4.0,2.0,O0,1402952029.2723508,424959.7351496192,271303.0974118708,1.3162
t3a.2xlarge.haswell-Og.0.0,true,23,1,AMD,6.1.134-152.225.amzn2023.x86_64,6,1,134,amzn,2023,2023,haswell,4.0,2.0,Og,884603120.3521051,526837.9141091487,200032.21937970404,3.78314
t3a.2xlarge.haswell-Og.1.0,true,23,1,AMD,6.1.134-152.225.amzn2023.x86_64,6,1,134,amzn,2023,2023,haswell,4.0,2.0,Og,884603120.3521051,526837.9141091487,200032.21937970404,3.74857
t3a.2xlarge.haswell-Og.2.0,true,23,1,AMD,6.1.134-152.225.amzn2023.x86_64,6,1,134,amzn,2023,2023,haswell,4.0,2.0,Og,884603120.3521051,526837.9141091487,200032.21937970404,3.51365
t3a.2xlarge.znver1-Og.0.0,true,23,1,AMD,6.1.134-152.225.amzn2023.x86_64,6,1,134,amzn,2023,2023,znver1,4.0,2.0,Og,1009294504.750757,2088627.0,13875.5,2.93277
t3a.2xlarge.znver1-Og.1.0,true,23,1,AMD,6.1.134-152.225.amzn2023.x86_64,6,1,134,amzn,2023,2023,znver1,4.0,2.0,Og,1009294504.750757,2088627.0,13875.5,3.53179
t3a.2xlarge.znver1-Og.2.0,true,23,1,AMD,6.1.134-152.225.amzn2023.x86_64,6,1,134,amzn,2023,2023,znver1,4.0,2.0,Og,1009294504.750757,2088627.0,13875.5,3.23766
t3a.2xlarge.ivybridge-Ofast.0.0,true,23,1,AMD,6.1.134-152.225.amzn2023.x86_64,6,1,134,amzn,2023,2023,ivybridge,4.0,2.0,Ofast,1177427259.380627,98370.0,20500.0,3.15398
t3a.2xlarge.ivybridge-Ofast.1.0,true,23,1,AMD,6.1.134-152.225.amzn2023.x86_64,6,1,134,amzn,2023,2023,ivybridge,4.0,2.0,Ofast,1177427259.380627,98370.0,20500.0,3.18432
t3a.2xlarge.ivybridge-Ofast.2.0,true,23,1,AMD,6.1.134-152.225.amzn2023.x86_64,6,1,134,amzn,2023,2023,ivybridge,4.0,2.0,Ofast,1177427259.380627,98370.0,20500.0,3.23969
t3a.2xlarge.znver4-Ofast.0.0,true,23,1,AMD,6.1.134-152.225.amzn2023.x86_64,6,1,134,amzn,2023,2023,znver4,4.0,2.0,Ofast,1288751185.3226113,238749.68159297048,633663.0055555556,1.90095
t3a.2xlarge.znver4-Ofast.1.0,true,23,1,AMD,6.1.134-152.225.amzn2023.x86_64,6,1,134,amzn,2023,2023,znver4,4.0,2.0,Ofast,1288751185.3226113,238749.68159297048,633663.0055555556,3.31723
t3a.2xlarge.znver4-Ofast.2.0,true,23,1,AMD,6.1.134-152.225.amzn2023.x86_64,6,1,134,amzn,2023,2023,znver4,4.0,2.0,Ofast,1288751185.3226113,238749.68159297048,633663.0055555556,3.2695
t3a.2xlarge.x86-64-v3-Ofast.0.0,true,23,1,AMD,6.1.134-152.225.amzn2023.x86_64,6,1,134,amzn,2023,2023,x86-64-v3,4.0,2.0,Ofast,1317099644.5250027,366983.78927669633,249957.70355683262,2.98722
t3a.2xlarge.x86-64-v3-Ofast.1.0,true,23,1,AMD,6.1.134-152.225.amzn2023.x86_64,6,1,134,amzn,2023,2023,x86-64-v3,4.0,2.0,Ofast,1317099644.5250027,366983.78927669633,249957.70355683262,2.95307
t3a.2xlarge.x86-64-v3-Ofast.2.0,true,23,1,AMD,6.1.134-152.225.amzn2023.x86_64,6,1,134,amzn,2023,2023,x86-64-v3,4.0,2.0,Ofast,1317099644.5250027,366983.78927669633,249957.70355683262,3.22348
t3a.2xlarge.znver4-O0.0.0,true,23,1,AMD,6.1.134-152.225.amzn2023.x86_64,6,1,134,amzn,2023,2023,znver4,4.0,2.0,O0,1672375695.6271372,142525.08316847793,136887.23333333334,1.27012
t3a.2xlarge.znver4-O0.1.0,true,23,1,AMD,6.1.134-152.225.amzn2023.x86_64,6,1,134,amzn,2023,2023,znver4,4.0,2.0,O0,1672375695.6271372,142525.08316847793,136887.23333333334,1.41126
t3a.2xlarge.znver4-O0.2.0,true,23,1,AMD,6.1.134-152.225.amzn2023.x86_64,6,1,134,amzn,2023,2023,znver4,4.0,2.0,O0,1672375695.6271372,142525.08316847793,136887.23333333334,1.48041
t3a.2xlarge.native-O0.0.0,true,23,1,AMD,6.1.134-152.225.amzn2023.x86_64,6,1,134,amzn,2023,2023,native,4.0,2.0,O0,1494428615.416572,114035.53853900157,133181.10693906117,1.31617
t3a.2xlarge.native-O0.1.0,true,23,1,AMD,6.1.134-152.225.amzn2023.x86_64,6,1,134,amzn,2023,2023,native,4.0,2.0,O0,1494428615.416572,114035.53853900157,133181.10693906117,1.45172
t3a.2xlarge.native-O0.2.0,true,23,1,AMD,6.1.134-152.225.amzn2023.x86_64,6,1,134,amzn,2023,2023,native,4.0,2.0,O0,1494428615.416572,114035.53853900157,133181.10693906117,1.40805
t3a.2xlarge.znver2-Ofast.0.0,true,23,1,AMD,6.1.134-152.225.amzn2023.x86_64,6,1,134,amzn,2023,2023,znver2,4.0,2.0,Ofast,1243849331.9675016,16430.5,1149114.5,3.26404
t3a.2xlarge.znver2-Ofast.1.0,true,23,1,AMD,6.1.134-152.225.amzn2023.x86_64,6,1,134,amzn,2023,2023,znver2,4.0,2.0,Ofast,1243849331.9675016,16430.5,1149114.5,3.23156
t3a.2xlarge.znver2-Ofast.2.0,true,23,1,AMD,6.1.134-152.225.amzn2023.x86_64,6,1,134,amzn,2023,2023,znver2,4.0,2.0,Ofast,1243849331.9675016,16430.5,1149114.5,3.31781
t3a.2xlarge.x86-64-v4-O0.0.0,true,23,1,AMD,6.1.134-152.225.amzn2023.x86_64,6,1,134,amzn,2023,2023,x86-64-v4,4.0,2.0,O0,1326336484.6496944,43770.75,3405.25,1.44696
t3a.2xlarge.x86-64-v4-O0.1.0,true,23,1,AMD,6.1.134-152.225.amzn2023.x86_64,6,1,134,amzn,2023,2023,x86-64-v4,4.0,2.0,O0,1326336484.6496944,43770.75,3405.25,1.41391
t3a.2xlarge.x86-64-v4-O0.2.0,true,23,1,AMD,6.1.134-152.225.amzn2023.x86_64,6,1,134,amzn,2023,2023,x86-64-v4,4.0,2.0,O0,1326336484.6496944,43770.75,3405.25,1.41246
t3a.2xlarge.bdver4-O2.0.0,true,23,1,AMD,6.1.134-152.225.amzn2023.x86_64,6,1,134,amzn,2023,2023,bdver4,4.0,2.0,O2,1377997813.9981694,50060.0,1386162.0,3.07517
t3a.2xlarge.bdver4-O2.1.0,true,23,1,AMD,6.1.134-152.225.amzn2023.x86_64,6,1,134,amzn,2023,2023,bdver4,4.0,2.0,O2,1377997813.9981694,50060.0,1386162.0,3.29707
t3a.2xlarge.bdver4-O2.2.0,true,23,1,AMD,6.1.134-152.225.amzn2023.x86_64,6,1,134,amzn,2023,2023,bdver4,4.0,2.0,O2,1377997813.9981694,50060.0,1386162.0,3.21582
t3a.2xlarge.broadwell-Og.0.0,true,23,1,AMD,6.1.134-152.225.amzn2023.x86_64,6,1,134,amzn,2023,2023,broadwell,4.0,2.0,Og,1246642234.852526,528116.9716054561,476039.9211064646,3.05307
t3a.2xlarge.broadwell-Og.1.0,true,23,1,AMD,6.1.134-152.225.amzn2023.x86_64,6,1,134,amzn,2023,2023,broadwell,4.0,2.0,Og,1246642234.852526,528116.9716054561,476039.9211064646,3.21454
t3a.2xlarge.broadwell-Og.2.0,true,23,1,AMD,6.1.134-152.225.amzn2023.x86_64,6,1,134,amzn,2023,2023,broadwell,4.0,2.0,Og,1246642234.852526,528116.9716054561,476039.9211064646,3.26907
t3a.2xlarge.icelake-server-O0.0.0,true,23,1,AMD,6.1.134-152.225.amzn2023.x86_64,6,1,134,amzn,2023,2023,icelake-server,4.0,2.0,O0,1074368484.9648974,41408.375,57477.9375,1.34246
t3a.2xlarge.icelake-server-O0.1.0,true,23,1,AMD,6.1.134-152.225.amzn2023.x86_64,6,1,134,amzn,2023,2023,icelake-server,4.0,2.0,O0,1074368484.9648974,41408.375,57477.9375,1.31289
t3a.2xlarge.icelake-server-O0.2.0,true,23,1,AMD,6.1.134-152.225.amzn2023.x86_64,6,1,134,amzn,2023,2023,icelake-server,4.0,2.0,O0,1074368484.9648974,41408.375,57477.9375,1.37243
t3a.2xlarge.x86-64-v3-O1.0.0,true,23,1,AMD,6.1.134-152.225.amzn2023.x86_64,6,1,134,amzn,2023,2023,x86-64-v3,4.0,2.0,O1,1239509857.4019895,354835.8152822095,327972.90901584254,3.62467
t3a.2xlarge.x86-64-v3-O1.1.0,true,23,1,AMD,6.1.134-152.225.amzn2023.x86_64,6,1,134,amzn,2023,2023,x86-64-v3,4.0,2.0,O1,1239509857.4019895,354835.8152822095,327972.90901584254,3.18695
t3a.2xlarge.x86-64-v3-O1.2.0,true,23,1,AMD,6.1.134-152.225.amzn2023.x86_64,6,1,134,amzn,2023,2023,x86-64-v3,4.0,2.0,O1,1239509857.4019895,354835.8152822095,327972.90901584254,3.26369
t3a.2xlarge.skylake-O0.0.0,true,23,1,AMD,6.1.134-152.225.amzn2023.x86_64,6,1,134,amzn,2023,2023,skylake,4.0,2.0,O0,1429648798.8005788,96438.0,199161.66666666666,1.02325
t3a.2xlarge.skylake-O0.1.0,true,23,1,AMD,6.1.134-152.225.amzn2023.x86_64,6,1,134,amzn,2023,2023,skylake,4.0,2.0,O0,1429648798.8005788,96438.0,199161.66666666666,1.34821
t3a.2xlarge.skylake-O0.2.0,true,23,1,AMD,6.1.134-152.225.amzn2023.x86_64,6,1,134,amzn,2023,2023,skylake,4.0,2.0,O0,1429648798.8005788,96438.0,199161.66666666666,1.34756
t3a.2xlarge.bdver4-O1.0.0,true,23,1,AMD,6.1.134-152.225.amzn2023.x86_64,6,1,134,amzn,2023,2023,bdver4,4.0,2.0,O1,1002636818.2206762,440259.602037037,306471.93976357544,3.61326
t3a.2xlarge.bdver4-O1.1.0,true,23,1,AMD,6.1.134-152.225.amzn2023.x86_64,6,1,134,amzn,2023,2023,bdver4,4.0,2.0,O1,1002636818.2206762,440259.602037037,306471.93976357544,3.50678
t3a.2xlarge.bdver4-O1.2.0,true,23,1,AMD,6.1.134-152.225.amzn2023.x86_64,6,1,134,amzn,2023,2023,bdver4,4.0,2.0,O1,1002636818.2206762,440259.602037037,306471.93976357544,3.60037
t3a.2xlarge.skylake-avx512-O0.0.0,true,23,1,AMD,6.1.134-152.225.amzn2023.x86_64,6,1,134,amzn,2023,2023,skylake-avx512,4.0,2.0,O0,2270694748.1036334,225845.1157865166,251716.15704833932,1.18048
t3a.2xlarge.skylake-avx512-O0.1.0,true,23,1,AMD,6.1.134-152.225.amzn2023.x86_64,6,1,134,amzn,2023,2023,skylake-avx512,4.0,2.0,O0,2270694748.1036334,225845.1157865166,251716.15704833932,1.23191
t3a.2xlarge.skylake-avx512-O0.2.0,true,23,1,AMD,6.1.134-152.225.amzn2023.x86_64,6,1,134,amzn,2023,2023,skylake-avx512,4.0,2.0,O0,2270694748.1036334,225845.1157865166,251716.15704833932,0.877953
t3a.2xlarge.broadwell-O2.0.0,true,23,1,AMD,6.1.134-152.225.amzn2023.x86_64,6,1,134,amzn,2023,2023,broadwell,4.0,2.0,O2,1126814129.4532943,675552.8578181769,271033.8310379299,3.23342
t3a.2xlarge.broadwell-O2.1.0,true,23,1,AMD,6.1.134-152.225.amzn2023.x86_64,6,1,134,amzn,2023,2023,broadwell,4.0,2.0,O2,1126814129.4532943,675552.8578181769,271033.8310379299,3.36269
t3a.2xlarge.broadwell-O2.2.0,true,23,1,AMD,6.1.134-152.225.amzn2023.x86_64,6,1,134,amzn,2023,2023,broadwell,4.0,2.0,O2,1126814129.4532943,675552.8578181769,271033.8310379299,3.16364
t3a.2xlarge.sandybridge-O0.0.0,true,23,1,AMD,6.1.134-152.225.amzn2023.x86_64,6,1,134,amzn,2023,2023,sandybridge,4.0,2.0,O0,1275802677.358752,40556.260869565216,9847.0,1.36776
t3a.2xlarge.sandybridge-O0.1.0,true,23,1,AMD,6.1.134-152.225.amzn2023.x86_64,6,1,134,amzn,2023,2023,sandybridge,4.0,2.0,O0,1275802677.358752,40556.260869565216,9847.0,1.35877
t3a.2xlarge.sandybridge-O0.2.0,true,23,1,AMD,6.1.134-152.225.amzn2023.x86_64,6,1,134,amzn,2023,2023,sandybridge,4.0,2.0,O0,1275802677.358752,40556.260869565216,9847.0,1.33174
t3a.2xlarge.ivybridge-O2.0.0,true,23,1,AMD,6.1.134-152.225.amzn2023.x86_64,6,1,134,amzn,2023,2023,ivybridge,4.0,2.0,O2,1309417058.5020335,819776.5392402803,338458.5186295438,3.39929
t3a.2xlarge.ivybridge-O2.1.0,true,23,1,AMD,6.1.134-152.225.amzn2023.x86_64,6,1,134,amzn,2023,2023,ivybridge,4.0,2.0,O2,1309417058.5020335,819776.5392402803,338458.5186295438,3.55427
t3a.2xlarge.ivybridge-O2.2.0,true,23,1,AMD,6.1.134-152.225.amzn2023.x86_64,6,1,134,amzn,2023,2023,ivybridge,4.0,2.0,O2,1309417058.5020335,819776.5392402803,338458.5186295438,3.41764
t3a.2xlarge.znver4-O1.0.0,true,23,1,AMD,6.1.134-152.225.amzn2023.x86_64,6,1,134,amzn,2023,2023,znver4,4.0,2.0,O1,1335959965.0394254,197389.30715737306,185777.1397199434,1.88319
t3a.2xlarge.znver4-O1.1.0,true,23,1,AMD,6.1.134-152.225.amzn2023.x86_64,6,1,134,amzn,2023,2023,znver4,4.0,2.0,O1,1335959965.0394254,197389.30715737306,185777.1397199434,3.34352
t3a.2xlarge.znver4-O1.2.0,true,23,1,AMD,6.1.134-152.225.amzn2023.x86_64,6,1,134,amzn,2023,2023,znver4,4.0,2.0,O1,1335959965.0394254,197389.30715737306,185777.1397199434,3.1494
t3a.2xlarge.ivybridge-O0.0.0,true,23,1,AMD,6.1.134-152.225.amzn2023.x86_64,6,1,134,amzn,2023,2023,ivybridge,4.0,2.0,O0,1535762664.842772,17940.0,22540.0,1.30653
t3a.2xlarge.ivybridge-O0.1.0,true,23,1,AMD,6.1.134-152.225.amzn2023.x86_64,6,1,134,amzn,2023,2023,ivybridge,4.0,2.0,O0,1535762664.842772,17940.0,22540.0,1.39069
t3a.2xlarge.ivybridge-O0.2.0,true,23,1,AMD,6.1.134-152.225.amzn2023.x86_64,6,1,134,amzn,2023,2023,ivybridge,4.0,2.0,O0,1535762664.842772,17940.0,22540.0,1.40326
t3a.2xlarge.znver2-O0.0.0,true,23,1,AMD,6.1.134-152.225.amzn2023.x86_64,6,1,134,amzn,2023,2023,znver2,4.0,2.0,O0,976897324.2892841,358527.7935034658,216317.15815984018,1.2743
t3a.2xlarge.znver2-O0.1.0,true,23,1,AMD,6.1.134-152.225.amzn2023.x86_64,6,1,134,amzn,2023,2023,znver2,4.0,2.0,O0,976897324.2892841,358527.7935034658,216317.15815984018,1.39266
t3a.2xlarge.znver2-O0.2.0,true,23,1,AMD,6.1.134-152.225.amzn2023.x86_64,6,1,134,amzn,2023,2023,znver2,4.0,2.0,O0,976897324.2892841,358527.7935034658,216317.15815984018,1.42091
t3a.2xlarge.bdver4-Og.0.0,true,23,1,AMD,6.1.134-152.225.amzn2023.x86_64,6,1,134,amzn,2023,2023,bdver4,4.0,2.0,Og,775027250.8871416,36991.0,29570.0,3.70321
t3a.2xlarge.bdver4-Og.1.0,true,23,1,AMD,6.1.134-152.225.amzn2023.x86_64,6,1,134,amzn,2023,2023,bdver4,4.0,2.0,Og,775027250.8871416,36991.0,29570.0,2.99421
t3a.2xlarge.bdver4-Og.2.0,true,23,1,AMD,6.1.134-152.225.amzn2023.x86_64,6,1,134,amzn,2023,2023,bdver4,4.0,2.0,Og,775027250.8871416,36991.0,29570.0,3.63776
t3a.2xlarge.btver2-O0.0.0,true,23,1,AMD,6.1.134-152.225.amzn2023.x86_64,6,1,134,amzn,2023,2023,btver2,4.0,2.0,O0,1039044505.0455145,24785.545454545456,38841.36363636364,1.31274
t3a.2xlarge.btver2-O0.1.0,true,23,1,AMD,6.1.134-152.225.amzn2023.x86_64,6,1,134,amzn,2023,2023,btver2,4.0,2.0,O0,1039044505.0455145,24785.545454545456,38841.36363636364,1.29165
t3a.2xlarge.btver2-O0.2.0,true,23,1,AMD,6.1.134-152.225.amzn2023.x86_64,6,1,134,amzn,2023,2023,btver2,4.0,2.0,O0,1039044505.0455145,24785.545454545456,38841.36363636364,1.41022
t3a.2xlarge.sandybridge-O2.0.0,true,23,1,AMD,6.1.134-152.225.amzn2023.x86_64,6,1,134,amzn,2023,2023,sandybridge,4.0,2.0,O2,889622142.7290374,1864285.7863368313,669183.5776123051,3.15861
t3a.2xlarge.sandybridge-O2.1.0,true,23,1,AMD,6.1.134-152.225.amzn2023.x86_64,6,1,134,amzn,2023,2023,sandybridge,4.0,2.0,O2,889622142.7290374,1864285.7863368313,669183.5776123051,3.45796
t3a.2xlarge.sandybridge-O2.2.0,true,23,1,AMD,6.1.134-152.225.amzn2023.x86_64,6,1,134,amzn,2023,2023,sandybridge,4.0,2.0,O2,889622142.7290374,1864285.7863368313,669183.5776123051,3.33229
t3a.2xlarge.haswell-O1.0.0,true,23,1,AMD,6.1.134-152.225.amzn2023.x86_64,6,1,134,amzn,2023,2023,haswell,4.0,2.0,O1,1343980592.931505,205684.91264880955,149170.37290265935,1.73639
t3a.2xlarge.haswell-O1.1.0,true,23,1,AMD,6.1.134-152.225.amzn2023.x86_64,6,1,134,amzn,2023,2023,haswell,4.0,2.0,O1,1343980592.931505,205684.91264880955,149170.37290265935,3.24328
t3a.2xlarge.haswell-O1.2.0,true,23,1,AMD,6.1.134-152.225.amzn2023.x86_64,6,1,134,amzn,2023,2023,haswell,4.0,2.0,O1,1343980592.931505,205684.91264880955,149170.37290265935,3.29809
t3a.2xlarge.x86-64-v3-Og.0.0,true,23,1,AMD,6.1.134-152.225.amzn2023.x86_64,6,1,134,amzn,2023,2023,x86-64-v3,4.0,2.0,Og,1278260241.9609675,299843.8043447294,160755.4526848967,2.14997
t3a.2xlarge.x86-64-v3-Og.1.0,true,23,1,AMD,6.1.134-152.225.amzn2023.x86_64,6,1,134,amzn,2023,2023,x86-64-v3,4.0,2.0,Og,1278260241.9609675,299843.8043447294,160755.4526848967,3.29212
t3a.2xlarge.x86-64-v3-Og.2.0,true,23,1,AMD,6.1.134-152.225.amzn2023.x86_64,6,1,134,amzn,2023,2023,x86-64-v3,4.0,2.0,Og,1278260241.9609675,299843.8043447294,160755.4526848967,3.04081
t3a.2xlarge.x86-64-v2-O2.0.0,true,23,1,AMD,6.1.134-152.225.amzn2023.x86_64,6,1,134,amzn,2023,2023,x86-64-v2,4.0,2.0,O2,1380602260.8145964,533744.1967659058,191757.93668701468,2.16777
t3a.2xlarge.x86-64-v2-O2.1.0,true,23,1,AMD,6.1.134-152.225.amzn2023.x86_64,6,1,134,amzn,2023,2023,x86-64-v2,4.0,2.0,O2,1380602260.8145964,533744.1967659058,191757.93668701468,3.18348
t3a.2xlarge.x86-64-v2-O2.2.0,true,23,1,AMD,6.1.134-152.225.amzn2023.x86_64,6,1,134,amzn,2023,2023,x86-64-v2,4.0,2.0,O2,1380602260.8145964,533744.1967659058,191757.93668701468,3.38685
t3a.2xlarge.sandybridge-Og.0.0,true,23,1,AMD,6.1.134-152.225.amzn2023.x86_64,6,1,134,amzn,2023,2023,sandybridge,4.0,2.0,Og,1640007158.3888056,19980.0,7701.0,2.96439
t3a.2xlarge.sandybridge-Og.1.0,true,23,1,AMD,6.1.134-152.225.amzn2023.x86_64,6,1,134,amzn,2023,2023,sandybridge,4.0,2.0,Og,1640007158.3888056,19980.0,7701.0,2.94706
t3a.2xlarge.sandybridge-Og.2.0,true,23,1,AMD,6.1.134-152.225.amzn2023.x86_64,6,1,134,amzn,2023,2023,sandybridge,4.0,2.0,Og,1640007158.3888056,19980.0,7701.0,3.22316
t3a.2xlarge.ivybridge-Og.0.0,true,23,1,AMD,6.1.134-152.225.amzn2023.x86_64,6,1,134,amzn,2023,2023,ivybridge,4.0,2.0,Og,823485594.5399679,26810.0,10700.0,3.3578
t3a.2xlarge.ivybridge-Og.1.0,true,23,1,AMD,6.1.134-152.225.amzn2023.x86_64,6,1,134,amzn,2023,2023,ivybridge,4.0,2.0,Og,823485594.5399679,26810.0,10700.0,3.28194
t3a.2xlarge.ivybridge-Og.2.0,true,23,1,AMD,6.1.134-152.225.amzn2023.x86_64,6,1,134,amzn,2023,2023,ivybridge,4.0,2.0,Og,823485594.5399679,26810.0,10700.0,3.24655
t3a.2xlarge.btver2-O2.0.0,true,23,1,AMD,6.1.134-152.225.amzn2023.x86_64,6,1,134,amzn,2023,2023,btver2,4.0,2.0,O2,1524359074.4074776,12945.5,58985.5,3.06768
t3a.2xlarge.btver2-O2.1.0,true,23,1,AMD,6.1.134-152.225.amzn2023.x86_64,6,1,134,amzn,2023,2023,btver2,4.0,2.0,O2,1524359074.4074776,12945.5,58985.5,3.31266
t3a.2xlarge.btver2-O2.2.0,true,23,1,AMD,6.1.134-152.225.amzn2023.x86_64,6,1,134,amzn,2023,2023,btver2,4.0,2.0,O2,1524359074.4074776,12945.5,58985.5,3.22292
t3a.2xlarge.broadwell-O1.0.0,true,23,1,AMD,6.1.134-152.225.amzn2023.x86_64,6,1,134,amzn,2023,2023,broadwell,4.0,2.0,O1,1145805243.789941,110414.37931034483,55950.694923371644,3.25278
t3a.2xlarge.broadwell-O1.1.0,true,23,1,AMD,6.1.134-152.225.amzn2023.x86_64,6,1,134,amzn,2023,2023,broadwell,4.0,2.0,O1,1145805243.789941,110414.37931034483,55950.694923371644,3.26122
t3a.2xlarge.broadwell-O1.2.0,true,23,1,AMD,6.1.134-152.225.amzn2023.x86_64,6,1,134,amzn,2023,2023,broadwell,4.0,2.0,O1,1145805243.789941,110414.37931034483,55950.694923371644,3.11797
t3a.2xlarge.bdver4-O0.0.0,true,23,1,AMD,6.1.134-152.225.amzn2023.x86_64,6,1,134,amzn,2023,2023,bdver4,4.0,2.0,O0,1210211189.0963948,131731.51354166667,77032.48569226026,1.3598
t3a.2xlarge.bdver4-O0.1.0,true,23,1,AMD,6.1.134-152.225.amzn2023.x86_64,6,1,134,amzn,2023,2023,bdver4,4.0,2.0,O0,1210211189.0963948,131731.51354166667,77032.48569226026,1.53516
t3a.2xlarge.bdver4-O0.2.0,true,23,1,AMD,6.1.134-152.225.amzn2023.x86_64,6,1,134,amzn,2023,2023,bdver4,4.0,2.0,O0,1210211189.0963948,131731.51354166667,77032.48569226026,1.42505
t3a.2xlarge.x86-64-v2-Og.0.0,true,23,1,AMD,6.1.134-152.225.amzn2023.x86_64,6,1,134,amzn,2023,2023,x86-64-v2,4.0,2.0,Og,1309939705.9252968,6457974.439963143,166242.1590683622,1.54418
t3a.2xlarge.x86-64-v2-Og.1.0,true,23,1,AMD,6.1.134-152.225.amzn2023.x86_64,6,1,134,amzn,2023,2023,x86-64-v2,4.0,2.0,Og,1309939705.9252968,6457974.439963143,166242.1590683622,2.89622
t3a.2xlarge.x86-64-v2-Og.2.0,true,23,1,AMD,6.1.134-152.225.amzn2023.x86_64,6,1,134,amzn,2023,2023,x86-64-v2,4.0,2.0,Og,1309939705.9252968,6457974.439963143,166242.1590683622,2.96956
t3a.2xlarge.znver2-Og.0.0,true,23,1,AMD,6.1.134-152.225.amzn2023.x86_64,6,1,134,amzn,2023,2023,znver2,4.0,2.0,Og,1187629047.8808684,193759.2998678688,148210.19069185643,3.10391
t3a.2xlarge.znver2-Og.1.0,true,23,1,AMD,6.1.134-152.225.amzn2023.x86_64,6,1,134,amzn,2023,2023,znver2,4.0,2.0,Og,1187629047.8808684,193759.2998678688,148210.19069185643,2.91046
t3a.2xlarge.znver2-Og.2.0,true,23,1,AMD,6.1.134-152.225.amzn2023.x86_64,6,1,134,amzn,2023,2023,znver2,4.0,2.0,Og,1187629047.8808684,193759.2998678688,148210.19069185643,2.72655
t3a.2xlarge.x86-64-v2-O1.0.0,true,23,1,AMD,6.1.134-152.225.amzn2023.x86_64,6,1,134,amzn,2023,2023,x86-64-v2,4.0,2.0,O1,1397618889.3905916,3461379.1069834614,44539.41509433962,1.86702
t3a.2xlarge.x86-64-v2-O1.1.0,true,23,1,AMD,6.1.134-152.225.amzn2023.x86_64,6,1,134,amzn,2023,2023,x86-64-v2,4.0,2.0,O1,1397618889.3905916,3461379.1069834614,44539.41509433962,3.24046
t3a.2xlarge.x86-64-v2-O1.2.0,true,23,1,AMD,6.1.134-152.225.amzn2023.x86_64,6,1,134,amzn,2023,2023,x86-64-v2,4.0,2.0,O1,1397618889.3905916,3461379.1069834614,44539.41509433962,3.32102
t3a.2xlarge.btver2-Og.0.0,true,23,1,AMD,6.1.134-152.225.amzn2023.x86_64,6,1,134,amzn,2023,2023,btver2,4.0,2.0,Og,809177180.6497706,620425.9373308204,397585.7783939947,3.04057
t3a.2xlarge.btver2-Og.1.0,true,23,1,AMD,6.1.134-152.225.amzn2023.x86_64,6,1,134,amzn,2023,2023,btver2,4.0,2.0,Og,809177180.6497706,620425.9373308204,397585.7783939947,3.22275
t3a.2xlarge.btver2-Og.2.0,true,23,1,AMD,6.1.134-152.225.amzn2023.x86_64,6,1,134,amzn,2023,2023,btver2,4.0,2.0,Og,809177180.6497706,620425.9373308204,397585.7783939947,2.92977
t3a.2xlarge.broadwell-O0.0.0,true,23,1,AMD,6.1.134-152.225.amzn2023.x86_64,6,1,134,amzn,2023,2023,broadwell,4.0,2.0,O0,1218930134.3156238,1246696.4492286935,169998.96060199194,0.906585
t3a.2xlarge.broadwell-O0.1.0,true,23,1,AMD,6.1.134-152.225.amzn2023.x86_64,6,1,134,amzn,2023,2023,broadwell,4.0,2.0,O0,1218930134.3156238,1246696.4492286935,169998.96060199194,1.32089
t3a.2xlarge.broadwell-O0.2.0,true,23,1,AMD,6.1.134-152.225.amzn2023.x86_64,6,1,134,amzn,2023,2023,broadwell,4.0,2.0,O0,1218930134.3156238,1246696.4492286935,169998.96060199194,1.26488
t3a.2xlarge.broadwell-O3.0.0,true,23,1,AMD,6.1.134-152.225.amzn2023.x86_64,6,1,134,amzn,2023,2023,broadwell,4.0,2.0,O3,960489990.0227857,3954595.942857143,40500.0,2.15011
t3a.2xlarge.broadwell-O3.1.0,true,23,1,AMD,6.1.134-152.225.amzn2023.x86_64,6,1,134,amzn,2023,2023,broadwell,4.0,2.0,O3,960489990.0227857,3954595.942857143,40500.0,3.96504
t3a.2xlarge.broadwell-O3.2.0,true,23,1,AMD,6.1.134-152.225.amzn2023.x86_64,6,1,134,amzn,2023,2023,broadwell,4.0,2.0,O3,960489990.0227857,3954595.942857143,40500.0,3.55611
m6i.12xlarge.znver4-Og.0.0,true,6,106,Intel,6.1.134-152.225.amzn2023.x86_64,6,1,134,amzn,2023,2023,znver4,24.0,2.0,Og,61824457.277033105,423848.4020826611,201815.00386989518,23.9469
m6i.12xlarge.znver4-Og.1.0,true,6,106,Intel,6.1.134-152.225.amzn2023.x86_64,6,1,134,amzn,2023,2023,znver4,24.0,2.0,Og,61824457.277033105,423848.4020826611,201815.00386989518,23.914
m6i.12xlarge.znver4-Og.2.0,true,6,106,Intel,6.1.134-152.225.amzn2023.x86_64,6,1,134,amzn,2023,2023,znver4,24.0,2.0,Og,61824457.277033105,423848.4020826611,201815.00386989518,26.4263
m6i.12xlarge.haswell-O0.0.0,true,6,106,Intel,6.1.134-152.225.amzn2023.x86_64,6,1,134,amzn,2023,2023,haswell,24.0,2.0,O0,2758452370.0888324,474846.70020772715,233246.285629999,16.4235
m6i.12xlarge.haswell-O0.1.0,true,6,106,Intel,6.1.134-152.225.amzn2023.x86_64,6,1,134,amzn,2023,2023,haswell,24.0,2.0,O0,2758452370.0888324,474846.70020772715,233246.285629999,17.0489
m6i.12xlarge.haswell-O0.2.0,true,6,106,Intel,6.1.134-152.225.amzn2023.x86_64,6,1,134,amzn,2023,2023,haswell,24.0,2.0,O0,2758452370.0888324,474846.70020772715,233246.285629999,17.0388
m6i.12xlarge.znver1-O0.0.0,true,6,106,Intel,6.1.134-152.225.amzn2023.x86_64,6,1,134,amzn,2023,2023,znver1,24.0,2.0,O0,2778919348.580907,432947.4488858276,199451.92769621054,15.5887
m6i.12xlarge.znver1-O0.1.0,true,6,106,Intel,6.1.134-152.225.amzn2023.x86_64,6,1,134,amzn,2023,2023,znver1,24.0,2.0,O0,2778919348.580907,432947.4488858276,199451.92769621054,16.4564
m6i.12xlarge.znver1-O0.2.0,true,6,106,Intel,6.1.134-152.225.amzn2023.x86_64,6,1,134,amzn,2023,2023,znver1,24.0,2.0,O0,2778919348.580907,432947.4488858276,199451.92769621054,16.4978
m6i.12xlarge.skylake-O1.0.0,true,6,106,Intel,6.1.134-152.225.amzn2023.x86_64,6,1,134,amzn,2023,2023,skylake,24.0,2.0,O1,52972708.958239645,446409.5668983552,211193.4773699799,20.9599
m6i.12xlarge.skylake-O1.1.0,true,6,106,Intel,6.1.134-152.225.amzn2023.x86_64,6,1,134,amzn,2023,2023,skylake,24.0,2.0,O1,52972708.958239645,446409.5668983552,211193.4773699799,25.4875
m6i.12xlarge.skylake-O1.2.0,true,6,106,Intel,6.1.134-152.225.amzn2023.x86_64,6,1,134,amzn,2023,2023,skylake,24.0,2.0,O1,52972708.958239645,446409.5668983552,211193.4773699799,25.8
m6i.12xlarge.ivybridge-Os.0.0,true,6,106,Intel,6.1.134-152.225.amzn2023.x86_64,6,1,134,amzn,2023,2023,ivybridge,24.0,2.0,Os,21348537.089328516,502560.1801344706,227768.4871137037,22.6429
m6i.12xlarge.ivybridge-Os.1.0,true,6,106,Intel,6.1.134-152.225.amzn2023.x86_64,6,1,134,amzn,2023,2023,ivybridge,24.0,2.0,Os,21348537.089328516,502560.1801344706,227768.4871137037,26.2892
m6i.12xlarge.ivybridge-Os.2.0,true,6,106,Intel,6.1.134-152.225.amzn2023.x86_64,6,1,134,amzn,2023,2023,ivybridge,24.0,2.0,Os,21348537.089328516,502560.1801344706,227768.4871137037,27.2236
m6i.12xlarge.sapphirerapids-Ofast.0.0,true,6,106,Intel,6.1.134-152.225.amzn2023.x86_64,6,1,134,amzn,2023,2023,sapphirerapids,24.0,2.0,Ofast,152390313.9770867,331509.75133825996,160573.2019349826,23.9429
m6i.12xlarge.sapphirerapids-Ofast.1.0,true,6,106,Intel,6.1.134-152.225.amzn2023.x86_64,6,1,134,amzn,2023,2023,sapphirerapids,24.0,2.0,Ofast,152390313.9770867,331509.75133825996,160573.2019349826,28.3701
m6i.12xlarge.sapphirerapids-Ofast.2.0,true,6,106,Intel,6.1.134-152.225.amzn2023.x86_64,6,1,134,amzn,2023,2023,sapphirerapids,24.0,2.0,Ofast,152390313.9770867,331509.75133825996,160573.2019349826,28.7704
m6i.12xlarge.haswell-Ofast.0.0,true,6,106,Intel,6.1.134-152.225.amzn2023.x86_64,6,1,134,amzn,2023,2023,haswell,24.0,2.0,Ofast,173141272.58050075,363266.0506580848,163962.2628074657,24.2926
m6i.12xlarge.haswell-Ofast.1.0,true,6,106,Intel,6.1.134-152.225.amzn2023.x86_64,6,1,134,amzn,2023,2023,haswell,24.0,2.0,Ofast,173141272.58050075,363266.0506580848,163962.2628074657,23.6883
m6i.12xlarge.haswell-Ofast.2.0,true,6,106,Intel,6.1.134-152.225.amzn2023.x86_64,6,1,134,amzn,2023,2023,haswell,24.0,2.0,Ofast,173141272.58050075,363266.0506580848,163962.2628074657,28.7778
m6i.12xlarge.x86-64-v4-O3.0.0,true,6,106,Intel,6.1.134-152.225.amzn2023.x86_64,6,1,134,amzn,2023,2023,x86-64-v4,24.0,2.0,O3,22253176.26472062,656642.3876995691,210733.99833345326,22.291
m6i.12xlarge.x86-64-v4-O3.1.0,true,6,106,Intel,6.1.134-152.225.amzn2023.x86_64,6,1,134,amzn,2023,2023,x86-64-v4,24.0,2.0,O3,22253176.26472062,656642.3876995691,210733.99833345326,26.2691
m6i.12xlarge.x86-64-v4-O3.2.0,true,6,106,Intel,6.1.134-152.225.amzn2023.x86_64,6,1,134,amzn,2023,2023,x86-64-v4,24.0,2.0,O3,22253176.26472062,656642.3876995691,210733.99833345326,27.0741
m6i.12xlarge.znver2-O3.0.0,true,6,106,Intel,6.1.134-152.225.amzn2023.x86_64,6,1,134,amzn,2023,2023,znver2,24.0,2.0,O3,41868315.167508475,362556.1705570462,110506.77917564832,25.634
m6i.12xlarge.znver2-O3.1.0,true,6,106,Intel,6.1.134-152.225.amzn2023.x86_64,6,1,134,amzn,2023,2023,znver2,24.0,2.0,O3,41868315.167508475,362556.1705570462,110506.77917564832,26.206
m6i.12xlarge.znver2-O3.2.0,true,6,106,Intel,6.1.134-152.225.amzn2023.x86_64,6,1,134,amzn,2023,2023,znver2,24.0,2.0,O3,41868315.167508475,362556.1705570462,110506.77917564832,26.7258
m6i.12xlarge.skylake-avx512-Ofast.0.0,true,6,106,Intel,6.1.134-152.225.amzn2023.x86_64,6,1,134,amzn,2023,2023,skylake-avx512,24.0,2.0,Ofast,86818630.37289621,473686.6368975378,209808.110953218,26.9345
m6i.12xlarge.skylake-avx512-Ofast.1.0,true,6,106,Intel,6.1.134-152.225.amzn2023.x86_64,6,1,134,amzn,2023,2023,skylake-avx512,24.0,2.0,Ofast,86818630.37289621,473686.6368975378,209808.110953218,27.0886
m6i.12xlarge.skylake-avx512-Ofast.2.0,true,6,106,Intel,6.1.134-152.225.amzn2023.x86_64,6,1,134,amzn,2023,2023,skylake-avx512,24.0,2.0,Ofast,86818630.37289621,473686.6368975378,209808.110953218,27.1578
m6i.12xlarge.skylake-avx512-O3.0.0,true,6,106,Intel,6.1.134-152.225.amzn2023.x86_64,6,1,134,amzn,2023,2023,skylake-avx512,24.0,2.0,O3,39265277.287526354,370150.8510656238,164187.00970401685,21.5263
m6i.12xlarge.skylake-avx512-O3.1.0,true,6,106,Intel,6.1.134-152.225.amzn2023.x86_64,6,1,134,amzn,2023,2023,skylake-avx512,24.0,2.0,O3,39265277.287526354,370150.8510656238,164187.00970401685,26.7164
m6i.12xlarge.skylake-avx512-O3.2.0,true,6,106,Intel,6.1.134-152.225.amzn2023.x86_64,6,1,134,amzn,2023,2023,skylake-avx512,24.0,2.0,O3,39265277.287526354,370150.8510656238,164187.00970401685,27.0036
m6i.12xlarge.x86-64-v3-Os.0.0,true,6,106,Intel,6.1.134-152.225.amzn2023.x86_64,6,1,134,amzn,2023,2023,x86-64-v3,24.0,2.0,Os,14403685.678302247,647209.0171247252,292681.3097638046,25.4134
m6i.12xlarge.x86-64-v3-Os.1.0,true,6,106,Intel,6.1.134-152.225.amzn2023.x86_64,6,1,134,amzn,2023,2023,x86-64-v3,24.0,2.0,Os,14403685.678302247,647209.0171247252,292681.3097638046,27.546
m6i.12xlarge.x86-64-v3-Os.2.0,true,6,106,Intel,6.1.134-152.225.amzn2023.x86_64,6,1,134,amzn,2023,2023,x86-64-v3,24.0,2.0,Os,14403685.678302247,647209.0171247252,292681.3097638046,26.9223
m6i.12xlarge.icelake-server-Og.0.0,true,6,106,Intel,6.1.134-152.225.amzn2023.x86_64,6,1,134,amzn,2023,2023,icelake-server,24.0,2.0,Og,41602439.20482757,374656.54659416934,98252.26851851853,20.2257
m6i.12xlarge.icelake-server-Og.1.0,true,6,106,Intel,6.1.134-152.225.amzn2023.x86_64,6,1,134,amzn,2023,2023,icelake-server,24.0,2.0,Og,41602439.20482757,374656.54659416934,98252.26851851853,26.1802
m6i.12xlarge.icelake-server-Og.2.0,true,6,106,Intel,6.1.134-152.225.amzn2023.x86_64,6,1,134,amzn,2023,2023,icelake-server,24.0,2.0,Og,41602439.20482757,374656.54659416934,98252.26851851853,26.3288
m6i.12xlarge.znver3-O1.0.0,true,6,106,Intel,6.1.134-152.225.amzn2023.x86_64,6,1,134,amzn,2023,2023,znver3,24.0,2.0,O1,23548569.92469821,540724.5911244572,272806.4055281448,21.2927
m6i.12xlarge.znver3-O1.1.0,true,6,106,Intel,6.1.134-152.225.amzn2023.x86_64,6,1,134,amzn,2023,2023,znver3,24.0,2.0,O1,23548569.92469821,540724.5911244572,272806.4055281448,25.6133
m6i.12xlarge.znver3-O1.2.0,true,6,106,Intel,6.1.134-152.225.amzn2023.x86_64,6,1,134,amzn,2023,2023,znver3,24.0,2.0,O1,23548569.92469821,540724.5911244572,272806.4055281448,26.6973
m6i.12xlarge.haswell-O2.0.0,true,6,106,Intel,6.1.134-152.225.amzn2023.x86_64,6,1,134,amzn,2023,2023,haswell,24.0,2.0,O2,27579780.731741022,359370.86618020025,133229.34,19.6087
m6i.12xlarge.haswell-O2.1.0,true,6,106,Intel,6.1.134-152.225.amzn2023.x86_64,6,1,134,amzn,2023,2023,haswell,24.0,2.0,O2,27579780.731741022,359370.86618020025,133229.34,26.8886
m6i.12xlarge.haswell-O2.2.0,true,6,106,Intel,6.1.134-152.225.amzn2023.x86_64,6,1,134,amzn,2023,2023,haswell,24.0,2.0,O2,27579780.731741022,359370.86618020025,133229.34,27.1533
m6i.12xlarge.x86-64-v4-Ofast.0.0,true,6,106,Intel,6.1.134-152.225.amzn2023.x86_64,6,1,134,amzn,2023,2023,x86-64-v4,24.0,2.0,Ofast,165868839.07355294,525733.8188642687,259887.86686514417,25.0425
m6i.12xlarge.x86-64-v4-Ofast.1.0,true,6,106,Intel,6.1.134-152.225.amzn2023.x86_64,6,1,134,amzn,2023,2023,x86-64-v4,24.0,2.0,Ofast,165868839.07355294,525733.8188642687,259887.86686514417,25.8044
m6i.12xlarge.x86-64-v4-Ofast.2.0,true,6,106,Intel,6.1.134-152.225.amzn2023.x86_64,6,1,134,amzn,2023,2023,x86-64-v4,24.0,2.0,Ofast,165868839.07355294,525733.8188642687,259887.86686514417,26.2602
m6i.12xlarge.haswell-Os.0.0,true,6,106,Intel,6.1.134-152.225.amzn2023.x86_64,6,1,134,amzn,2023,2023,haswell,24.0,2.0,Os,123248765.03936793,450463.65315941366,204424.17118469946,24.2274
m6i.12xlarge.haswell-Os.1.0,true,6,106,Intel,6.1.134-152.225.amzn2023.x86_64,6,1,134,amzn,2023,2023,haswell,24.0,2.0,Os,123248765.03936793,450463.65315941366,204424.17118469946,22.4244
m6i.12xlarge.haswell-Os.2.0,true,6,106,Intel,6.1.134-152.225.amzn2023.x86_64,6,1,134,amzn,2023,2023,haswell,24.0,2.0,Os,123248765.03936793,450463.65315941366,204424.17118469946,25.5489
m6i.12xlarge.x86-64-v3-O3.0.0,true,6,106,Intel,6.1.134-152.225.amzn2023.x86_64,6,1,134,amzn,2023,2023,x86-64-v3,24.0,2.0,O3,18106383.986655943,487059.9404249907,230326.98589009605,24.4881
m6i.12xlarge.x86-64-v3-O3.1.0,true,6,106,Intel,6.1.134-152.225.amzn2023.x86_64,6,1,134,amzn,2023,2023,x86-64-v3,24.0,2.0,O3,18106383.986655943,487059.9404249907,230326.98589009605,26.7816
m6i.12xlarge.x86-64-v3-O3.2.0,true,6,106,Intel,6.1.134-152.225.amzn2023.x86_64,6,1,134,amzn,2023,2023,x86-64-v3,24.0,2.0,O3,18106383.986655943,487059.9404249907,230326.98589009605,27.128
m6i.12xlarge.znver1-Os.0.0,true,6,106,Intel,6.1.134-152.225.amzn2023.x86_64,6,1,134,amzn,2023,2023,znver1,24.0,2.0,Os,35020106.652463116,445031.0858611502,193210.4804535456,25.401
m6i.12xlarge.znver1-Os.1.0,true,6,106,Intel,6.1.134-152.225.amzn2023.x86_64,6,1,134,amzn,2023,2023,znver1,24.0,2.0,Os,35020106.652463116,445031.0858611502,193210.4804535456,26.0256
m6i.12xlarge.znver1-Os.2.0,true,6,106,Intel,6.1.134-152.225.amzn2023.x86_64,6,1,134,amzn,2023,2023,znver1,24.0,2.0,Os,35020106.652463116,445031.0858611502,193210.4804535456,26.264
m6i.12xlarge.sandybridge-O1.0.0,true,6,106,Intel,6.1.134-152.225.amzn2023.x86_64,6,1,134,amzn,2023,2023,sandybridge,24.0,2.0,O1,26950971.74121809,532471.0079413704,255130.38322784548,24.5384
m6i.12xlarge.sandybridge-O1.1.0,true,6,106,Intel,6.1.134-152.225.amzn2023.x86_64,6,1,134,amzn,2023,2023,sandybridge,24.0,2.0,O1,26950971.74121809,532471.0079413704,255130.38322784548,26.0302
m6i.12xlarge.sandybridge-O1.2.0,true,6,106,Intel,6.1.134-152.225.amzn2023.x86_64,6,1,134,amzn,2023,2023,sandybridge,24.0,2.0,O1,26950971.74121809,532471.0079413704,255130.38322784548,26.537
m6i.12xlarge.x86-64-v2-O0.0.0,true,6,106,Intel,6.1.134-152.225.amzn2023.x86_64,6,1,134,amzn,2023,2023,x86-64-v2,24.0,2.0,O0,2715208126.9564877,21849.0,985.0,14.181
m6i.12xlarge.x86-64-v2-O0.1.0,true,6,106,Intel,6.1.134-152.225.amzn2023.x86_64,6,1,134,amzn,2023,2023,x86-64-v2,24.0,2.0,O0,2715208126.9564877,21849.0,985.0,16.7062
m6i.12xlarge.x86-64-v2-O0.2.0,true,6,106,Intel,6.1.134-152.225.amzn2023.x86_64,6,1,134,amzn,2023,2023,x86-64-v2,24.0,2.0,O0,2715208126.9564877,21849.0,985.0,16.7137
m6i.12xlarge.skylake-Og.0.0,true,6,106,Intel,6.1.134-152.225.amzn2023.x86_64,6,1,134,amzn,2023,2023,skylake,24.0,2.0,Og,43795592.7842544,457490.4174910175,181568.2080840742,21.0349
m6i.12xlarge.skylake-Og.1.0,true,6,106,Intel,6.1.134-152.225.amzn2023.x86_64,6,1,134,amzn,2023,2023,skylake,24.0,2.0,Og,43795592.7842544,457490.4174910175,181568.2080840742,25.2372
m6i.12xlarge.skylake-Og.2.0,true,6,106,Intel,6.1.134-152.225.amzn2023.x86_64,6,1,134,amzn,2023,2023,skylake,24.0,2.0,Og,43795592.7842544,457490.4174910175,181568.2080840742,25.8536
m6i.12xlarge.ivybridge-O3.0.0,true,6,106,Intel,6.1.134-152.225.amzn2023.x86_64,6,1,134,amzn,2023,2023,ivybridge,24.0,2.0,O3,30380966.859109707,93417.33194444444,43648.42777777778,24.4215
m6i.12xlarge.ivybridge-O3.1.0,true,6,106,Intel,6.1.134-152.225.amzn2023.x86_64,6,1,134,amzn,2023,2023,ivybridge,24.0,2.0,O3,30380966.859109707,93417.33194444444,43648.42777777778,25.3954
m6i.12xlarge.ivybridge-O3.2.0,true,6,106,Intel,6.1.134-152.225.amzn2023.x86_64,6,1,134,amzn,2023,2023,ivybridge,24.0,2.0,O3,30380966.859109707,93417.33194444444,43648.42777777778,25.8586
m6i.12xlarge.broadwell-Ofast.0.0,true,6,106,Intel,6.1.134-152.225.amzn2023.x86_64,6,1,134,amzn,2023,2023,broadwell,24.0,2.0,Ofast,149047681.11061797,408277.5893780426,194029.58014170662,27.1303
m6i.12xlarge.broadwell-Ofast.1.0,true,6,106,Intel,6.1.134-152.225.amzn2023.x86_64,6,1,134,amzn,2023,2023,broadwell,24.0,2.0,Ofast,149047681.11061797,408277.5893780426,194029.58014170662,27.3059
m6i.12xlarge.broadwell-Ofast.2.0,true,6,106,Intel,6.1.134-152.225.amzn2023.x86_64,6,1,134,amzn,2023,2023,broadwell,24.0,2.0,Ofast,149047681.11061797,408277.5893780426,194029.58014170662,27.2943
m6i.12xlarge.native-O2.0.0,true,6,106,Intel,6.1.134-152.225.amzn2023.x86_64,6,1,134,amzn,2023,2023,native,24.0,2.0,O2,76346707.87842058,493376.0357353138,217608.70993178673,22.6014
m6i.12xlarge.native-O2.1.0,true,6,106,Intel,6.1.134-152.225.amzn2023.x86_64,6,1,134,amzn,2023,2023,native,24.0,2.0,O2,76346707.87842058,493376.0357353138,217608.70993178673,23.9306
m6i.12xlarge.native-O2.2.0,true,6,106,Intel,6.1.134-152.225.amzn2023.x86_64,6,1,134,amzn,2023,2023,native,24.0,2.0,O2,76346707.87842058,493376.0357353138,217608.70993178673,25.4125
m6i.12xlarge.znver4-O2.0.0,true,6,106,Intel,6.1.134-152.225.amzn2023.x86_64,6,1,134,amzn,2023,2023,znver4,24.0,2.0,O2,49508096.43146117,541932.3252316415,265347.0496902156,21.4663
m6i.12xlarge.znver4-O2.1.0,true,6,106,Intel,6.1.134-152.225.amzn2023.x86_64,6,1,134,amzn,2023,2023,znver4,24.0,2.0,O2,49508096.43146117,541932.3252316415,265347.0496902156,26.1909
m6i.12xlarge.znver4-O2.2.0,true,6,106,Intel,6.1.134-152.225.amzn2023.x86_64,6,1,134,amzn,2023,2023,znver4,24.0,2.0,O2,49508096.43146117,541932.3252316415,265347.0496902156,26.0852
m6i.12xlarge.znver3-Os.0.0,true,6,106,Intel,6.1.134-152.225.amzn2023.x86_64,6,1,134,amzn,2023,2023,znver3,24.0,2.0,Os,61176451.441028565,279079.0222222222,75123.55555555555,24.7611
m6i.12xlarge.znver3-Os.1.0,true,6,106,Intel,6.1.134-152.225.amzn2023.x86_64,6,1,134,amzn,2023,2023,znver3,24.0,2.0,Os,61176451.441028565,279079.0222222222,75123.55555555555,24.2529
m6i.12xlarge.znver3-Os.2.0,true,6,106,Intel,6.1.134-152.225.amzn2023.x86_64,6,1,134,amzn,2023,2023,znver3,24.0,2.0,Os,61176451.441028565,279079.0222222222,75123.55555555555,24.8767
m6i.12xlarge.znver1-O1.0.0,true,6,106,Intel,6.1.134-152.225.amzn2023.x86_64,6,1,134,amzn,2023,2023,znver1,24.0,2.0,O1,33127570.147871487,471525.6005222859,221883.6482461307,21.0007
m6i.12xlarge.znver1-O1.1.0,true,6,106,Intel,6.1.134-152.225.amzn2023.x86_64,6,1,134,amzn,2023,2023,znver1,24.0,2.0,O1,33127570.147871487,471525.6005222859,221883.6482461307,26.488
m6i.12xlarge.znver1-O1.2.0,true,6,106,Intel,6.1.134-152.225.amzn2023.x86_64,6,1,134,amzn,2023,2023,znver1,24.0,2.0,O1,33127570.147871487,471525.6005222859,221883.6482461307,26.4092
m6i.12xlarge.sandybridge-Os.0.0,true,6,106,Intel,6.1.134-152.225.amzn2023.x86_64,6,1,134,amzn,2023,2023,sandybridge,24.0,2.0,Os,17412016.683813296,612249.2185458059,195665.28159726507,24.6637
m6i.12xlarge.sandybridge-Os.1.0,true,6,106,Intel,6.1.134-152.225.amzn2023.x86_64,6,1,134,amzn,2023,2023,sandybridge,24.0,2.0,Os,17412016.683813296,612249.2185458059,195665.28159726507,25.1452
m6i.12xlarge.sandybridge-Os.2.0,true,6,106,Intel,6.1.134-152.225.amzn2023.x86_64,6,1,134,amzn,2023,2023,sandybridge,24.0,2.0,Os,17412016.683813296,612249.2185458059,195665.28159726507,25.6881
m6i.12xlarge.btver2-Os.0.0,true,6,106,Intel,6.1.134-152.225.amzn2023.x86_64,6,1,134,amzn,2023,2023,btver2,24.0,2.0,Os,72056416.54946508,421360.11604871665,175042.47009818436,24.845
m6i.12xlarge.btver2-Os.1.0,true,6,106,Intel,6.1.134-152.225.amzn2023.x86_64,6,1,134,amzn,2023,2023,btver2,24.0,2.0,Os,72056416.54946508,421360.11604871665,175042.47009818436,25.9743
m6i.12xlarge.btver2-Os.2.0,true,6,106,Intel,6.1.134-152.225.amzn2023.x86_64,6,1,134,amzn,2023,2023,btver2,24.0,2.0,Os,72056416.54946508,421360.11604871665,175042.47009818436,26.4094
m6i.12xlarge.znver2-Os.0.0,true,6,106,Intel,6.1.134-152.225.amzn2023.x86_64,6,1,134,amzn,2023,2023,znver2,24.0,2.0,Os,28315547.925449327,444473.8856277027,194369.12021409505,22.8616
m6i.12xlarge.znver2-Os.1.0,true,6,106,Intel,6.1.134-152.225.amzn2023.x86_64,6,1,134,amzn,2023,2023,znver2,24.0,2.0,Os,28315547.925449327,444473.8856277027,194369.12021409505,21.676
m6i.12xlarge.znver2-Os.2.0,true,6,106,Intel,6.1.134-152.225.amzn2023.x86_64,6,1,134,amzn,2023,2023,znver2,24.0,2.0,Os,28315547.925449327,444473.8856277027,194369.12021409505,25.3792
m6i.12xlarge.znver3-Ofast.0.0,true,6,106,Intel,6.1.134-152.225.amzn2023.x86_64,6,1,134,amzn,2023,2023,znver3,24.0,2.0,Ofast,73515721.43362571,43827.0,1077.0,23.7513
m6i.12xlarge.znver3-Ofast.1.0,true,6,106,Intel,6.1.134-152.225.amzn2023.x86_64,6,1,134,amzn,2023,2023,znver3,24.0,2.0,Ofast,73515721.43362571,43827.0,1077.0,28.0532
m6i.12xlarge.znver3-Ofast.2.0,true,6,106,Intel,6.1.134-152.225.amzn2023.x86_64,6,1,134,amzn,2023,2023,znver3,24.0,2.0,Ofast,73515721.43362571,43827.0,1077.0,28.1193
m6i.12xlarge.broadwell-Os.0.0,true,6,106,Intel,6.1.134-152.225.amzn2023.x86_64,6,1,134,amzn,2023,2023,broadwell,24.0,2.0,Os,86302783.72483622,411896.2993323974,189251.75751251355,25.2474
m6i.12xlarge.broadwell-Os.1.0,true,6,106,Intel,6.1.134-152.225.amzn2023.x86_64,6,1,134,amzn,2023,2023,broadwell,24.0,2.0,Os,86302783.72483622,411896.2993323974,189251.75751251355,26.183
m6i.12xlarge.broadwell-Os.2.0,true,6,106,Intel,6.1.134-152.225.amzn2023.x86_64,6,1,134,amzn,2023,2023,broadwell,24.0,2.0,Os,86302783.72483622,411896.2993323974,189251.75751251355,26.0658
m6i.12xlarge.znver3-O3.0.0,true,6,106,Intel,6.1.134-152.225.amzn2023.x86_64,6,1,134,amzn,2023,2023,znver3,24.0,2.0,O3,190577065.26684287,361624.0112676677,172892.99407918757,23.9013
m6i.12xlarge.znver3-O3.1.0,true,6,106,Intel,6.1.134-152.225.amzn2023.x86_64,6,1,134,amzn,2023,2023,znver3,24.0,2.0,O3,190577065.26684287,361624.0112676677,172892.99407918757,24.6418
m6i.12xlarge.znver3-O3.2.0,true,6,106,Intel,6.1.134-152.225.amzn2023.x86_64,6,1,134,amzn,2023,2023,znver3,24.0,2.0,O3,190577065.26684287,361624.0112676677,172892.99407918757,24.8724
m6i.12xlarge.haswell-O3.0.0,true,6,106,Intel,6.1.134-152.225.amzn2023.x86_64,6,1,134,amzn,2023,2023,haswell,24.0,2.0,O3,29334561.918643054,486687.0278750831,259068.7148352312,23.276
m6i.12xlarge.haswell-O3.1.0,true,6,106,Intel,6.1.134-152.225.amzn2023.x86_64,6,1,134,amzn,2023,2023,haswell,24.0,2.0,O3,29334561.918643054,486687.0278750831,259068.7148352312,22.3357
m6i.12xlarge.haswell-O3.2.0,true,6,106,Intel,6.1.134-152.225.amzn2023.x86_64,6,1,134,amzn,2023,2023,haswell,24.0,2.0,O3,29334561.918643054,486687.0278750831,259068.7148352312,25.8257
m6i.12xlarge.znver3-O0.0.0,true,6,106,Intel,6.1.134-152.225.amzn2023.x86_64,6,1,134,amzn,2023,2023,znver3,24.0,2.0,O0,2742042886.537947,308665.0,5048.0,16.1194
m6i.12xlarge.znver3-O0.1.0,true,6,106,Intel,6.1.134-152.225.amzn2023.x86_64,6,1,134,amzn,2023,2023,znver3,24.0,2.0,O0,2742042886.537947,308665.0,5048.0,16.9998
m6i.12xlarge.znver3-O0.2.0,true,6,106,Intel,6.1.134-152.225.amzn2023.x86_64,6,1,134,amzn,2023,2023,znver3,24.0,2.0,O0,2742042886.537947,308665.0,5048.0,17.0139
m6i.12xlarge.sapphirerapids-O0.0.0,true,6,106,Intel,6.1.134-152.225.amzn2023.x86_64,6,1,134,amzn,2023,2023,sapphirerapids,24.0,2.0,O0,2323326113.920846,354485.57854543533,154254.25363610176,16.0131
m6i.12xlarge.sapphirerapids-O0.1.0,true,6,106,Intel,6.1.134-152.225.amzn2023.x86_64,6,1,134,amzn,2023,2023,sapphirerapids,24.0,2.0,O0,2323326113.920846,354485.57854543533,154254.25363610176,16.8195
m6i.12xlarge.sapphirerapids-O0.2.0,true,6,106,Intel,6.1.134-152.225.amzn2023.x86_64,6,1,134,amzn,2023,2023,sapphirerapids,24.0,2.0,O0,2323326113.920846,354485.57854543533,154254.25363610176,16.5345
m6i.12xlarge.haswell-Og.0.0,true,6,106,Intel,6.1.134-152.225.amzn2023.x86_64,6,1,134,amzn,2023,2023,haswell,24.0,2.0,Og,42844916.46227569,280917.88855329517,122197.62290330397,25.2799
m6i.12xlarge.haswell-Og.1.0,true,6,106,Intel,6.1.134-152.225.amzn2023.x86_64,6,1,134,amzn,2023,2023,haswell,24.0,2.0,Og,42844916.46227569,280917.88855329517,122197.62290330397,22.0263
m6i.12xlarge.haswell-Og.2.0,true,6,106,Intel,6.1.134-152.225.amzn2023.x86_64,6,1,134,amzn,2023,2023,haswell,24.0,2.0,Og,42844916.46227569,280917.88855329517,122197.62290330397,25.8275
m6i.12xlarge.znver1-Og.0.0,true,6,106,Intel,6.1.134-152.225.amzn2023.x86_64,6,1,134,amzn,2023,2023,znver1,24.0,2.0,Og,55852106.428185835,403984.9948324824,180166.29991778542,22.36
m6i.12xlarge.znver1-Og.1.0,true,6,106,Intel,6.1.134-152.225.amzn2023.x86_64,6,1,134,amzn,2023,2023,znver1,24.0,2.0,Og,55852106.428185835,403984.9948324824,180166.29991778542,25.1527
m6i.12xlarge.znver1-Og.2.0,true,6,106,Intel,6.1.134-152.225.amzn2023.x86_64,6,1,134,amzn,2023,2023,znver1,24.0,2.0,Og,55852106.428185835,403984.9948324824,180166.29991778542,25.2584
m6i.12xlarge.ivybridge-Ofast.0.0,true,6,106,Intel,6.1.134-152.225.amzn2023.x86_64,6,1,134,amzn,2023,2023,ivybridge,24.0,2.0,Ofast,80913151.41348062,461038.9501382806,208211.97763687704,22.894
m6i.12xlarge.ivybridge-Ofast.1.0,true,6,106,Intel,6.1.134-152.225.amzn2023.x86_64,6,1,134,amzn,2023,2023,ivybridge,24.0,2.0,Ofast,80913151.41348062,461038.9501382806,208211.97763687704,25.6971
m6i.12xlarge.ivybridge-Ofast.2.0,true,6,106,Intel,6.1.134-152.225.amzn2023.x86_64,6,1,134,amzn,2023,2023,ivybridge,24.0,2.0,Ofast,80913151.41348062,461038.9501382806,208211.97763687704,25.9168
m6i.12xlarge.znver1-Ofast.0.0,true,6,106,Intel,6.1.134-152.225.amzn2023.x86_64,6,1,134,amzn,2023,2023,znver1,24.0,2.0,Ofast,20084051.09036559,385980.7993789133,105029.22963820303,24.8273
m6i.12xlarge.znver1-Ofast.1.0,true,6,106,Intel,6.1.134-152.225.amzn2023.x86_64,6,1,134,amzn,2023,2023,znver1,24.0,2.0,Ofast,20084051.09036559,385980.7993789133,105029.22963820303,26.8516
m6i.12xlarge.znver1-Ofast.2.0,true,6,106,Intel,6.1.134-152.225.amzn2023.x86_64,6,1,134,amzn,2023,2023,znver1,24.0,2.0,Ofast,20084051.09036559,385980.7993789133,105029.22963820303,26.9071
m6i.12xlarge.btver2-Ofast.0.0,true,6,106,Intel,6.1.134-152.225.amzn2023.x86_64,6,1,134,amzn,2023,2023,btver2,24.0,2.0,Ofast,19884066.399892144,376470.0780846383,153684.5783967764,25.0818
m6i.12xlarge.btver2-Ofast.1.0,true,6,106,Intel,6.1.134-152.225.amzn2023.x86_64,6,1,134,amzn,2023,2023,btver2,24.0,2.0,Ofast,19884066.399892144,376470.0780846383,153684.5783967764,26.8239
m6i.12xlarge.btver2-Ofast.2.0,true,6,106,Intel,6.1.134-152.225.amzn2023.x86_64,6,1,134,amzn,2023,2023,btver2,24.0,2.0,Ofast,19884066.399892144,376470.0780846383,153684.5783967764,26.8276
m6i.12xlarge.native-Ofast.0.0,true,6,106,Intel,6.1.134-152.225.amzn2023.x86_64,6,1,134,amzn,2023,2023,native,24.0,2.0,Ofast,574570696.603086,595224.4523373477,284068.78358828253,23.5664
m6i.12xlarge.native-Ofast.1.0,true,6,106,Intel,6.1.134-152.225.amzn2023.x86_64,6,1,134,amzn,2023,2023,native,24.0,2.0,Ofast,574570696.603086,595224.4523373477,284068.78358828253,27.319
m6i.12xlarge.native-Ofast.2.0,true,6,106,Intel,6.1.134-152.225.amzn2023.x86_64,6,1,134,amzn,2023,2023,native,24.0,2.0,Ofast,574570696.603086,595224.4523373477,284068.78358828253,26.8515
m6i.12xlarge.znver4-Ofast.0.0,true,6,106,Intel,6.1.134-152.225.amzn2023.x86_64,6,1,134,amzn,2023,2023,znver4,24.0,2.0,Ofast,16441875.313815426,321658.0,3999.0,24.9377
m6i.12xlarge.znver4-Ofast.1.0,true,6,106,Intel,6.1.134-152.225.amzn2023.x86_64,6,1,134,amzn,2023,2023,znver4,24.0,2.0,Ofast,16441875.313815426,321658.0,3999.0,26.4823
m6i.12xlarge.znver4-Ofast.2.0,true,6,106,Intel,6.1.134-152.225.amzn2023.x86_64,6,1,134,amzn,2023,2023,znver4,24.0,2.0,Ofast,16441875.313815426,321658.0,3999.0,27.1016
m6i.12xlarge.skylake-Ofast.0.0,true,6,106,Intel,6.1.134-152.225.amzn2023.x86_64,6,1,134,amzn,2023,2023,skylake,24.0,2.0,Ofast,100499578.36105245,562475.4116101463,248487.72015220014,25.6919
m6i.12xlarge.skylake-Ofast.1.0,true,6,106,Intel,6.1.134-152.225.amzn2023.x86_64,6,1,134,amzn,2023,2023,skylake,24.0,2.0,Ofast,100499578.36105245,562475.4116101463,248487.72015220014,27.4713
m6i.12xlarge.skylake-Ofast.2.0,true,6,106,Intel,6.1.134-152.225.amzn2023.x86_64,6,1,134,amzn,2023,2023,skylake,24.0,2.0,Ofast,100499578.36105245,562475.4116101463,248487.72015220014,28.3056
m6i.12xlarge.x86-64-v3-O2.0.0,true,6,106,Intel,6.1.134-152.225.amzn2023.x86_64,6,1,134,amzn,2023,2023,x86-64-v3,24.0,2.0,O2,150276462.8891383,470779.6775261032,219973.54960659245,21.8281
m6i.12xlarge.x86-64-v3-O2.1.0,true,6,106,Intel,6.1.134-152.225.amzn2023.x86_64,6,1,134,amzn,2023,2023,x86-64-v3,24.0,2.0,O2,150276462.8891383,470779.6775261032,219973.54960659245,26.063
m6i.12xlarge.x86-64-v3-O2.2.0,true,6,106,Intel,6.1.134-152.225.amzn2023.x86_64,6,1,134,amzn,2023,2023,x86-64-v3,24.0,2.0,O2,150276462.8891383,470779.6775261032,219973.54960659245,25.7324
m6i.12xlarge.x86-64-v3-Ofast.0.0,true,6,106,Intel,6.1.134-152.225.amzn2023.x86_64,6,1,134,amzn,2023,2023,x86-64-v3,24.0,2.0,Ofast,52605949.57580031,30714.0,3681.0,21.083
m6i.12xlarge.x86-64-v3-Ofast.1.0,true,6,106,Intel,6.1.134-152.225.amzn2023.x86_64,6,1,134,amzn,2023,2023,x86-64-v3,24.0,2.0,Ofast,52605949.57580031,30714.0,3681.0,26.1261
m6i.12xlarge.x86-64-v3-Ofast.2.0,true,6,106,Intel,6.1.134-152.225.amzn2023.x86_64,6,1,134,amzn,2023,2023,x86-64-v3,24.0,2.0,Ofast,52605949.57580031,30714.0,3681.0,25.981
m6i.12xlarge.znver4-O0.0.0,true,6,106,Intel,6.1.134-152.225.amzn2023.x86_64,6,1,134,amzn,2023,2023,znver4,24.0,2.0,O0,2508407060.082369,420372.2631561661,191923.1200886435,14.9128
m6i.12xlarge.znver4-O0.1.0,true,6,106,Intel,6.1.134-152.225.amzn2023.x86_64,6,1,134,amzn,2023,2023,znver4,24.0,2.0,O0,2508407060.082369,420372.2631561661,191923.1200886435,14.4825
m6i.12xlarge.znver4-O0.2.0,true,6,106,Intel,6.1.134-152.225.amzn2023.x86_64,6,1,134,amzn,2023,2023,znver4,24.0,2.0,O0,2508407060.082369,420372.2631561661,191923.1200886435,16.6267
m6i.12xlarge.znver4-Os.0.0,true,6,106,Intel,6.1.134-152.225.amzn2023.x86_64,6,1,134,amzn,2023,2023,znver4,24.0,2.0,Os,38263445.59139291,632192.1143475018,282013.6008164895,24.7393
m6i.12xlarge.znver4-Os.1.0,true,6,106,Intel,6.1.134-152.225.amzn2023.x86_64,6,1,134,amzn,2023,2023,znver4,24.0,2.0,Os,38263445.59139291,632192.1143475018,282013.6008164895,25.2659
m6i.12xlarge.znver4-Os.2.0,true,6,106,Intel,6.1.134-152.225.amzn2023.x86_64,6,1,134,amzn,2023,2023,znver4,24.0,2.0,Os,38263445.59139291,632192.1143475018,282013.6008164895,25.834
m6i.12xlarge.skylake-O2.0.0,true,6,106,Intel,6.1.134-152.225.amzn2023.x86_64,6,1,134,amzn,2023,2023,skylake,24.0,2.0,O2,27727079.326308772,535593.0058461041,281957.43490844674,26.0843
m6i.12xlarge.skylake-O2.1.0,true,6,106,Intel,6.1.134-152.225.amzn2023.x86_64,6,1,134,amzn,2023,2023,skylake,24.0,2.0,O2,27727079.326308772,535593.0058461041,281957.43490844674,25.5647
m6i.12xlarge.skylake-O2.2.0,true,6,106,Intel,6.1.134-152.225.amzn2023.x86_64,6,1,134,amzn,2023,2023,skylake,24.0,2.0,O2,27727079.326308772,535593.0058461041,281957.43490844674,26.2772
m6i.12xlarge.native-O0.0.0,true,6,106,Intel,6.1.134-152.225.amzn2023.x86_64,6,1,134,amzn,2023,2023,native,24.0,2.0,O0,1808509594.5113986,299780.9057725289,138208.67466380063,14.6805
m6i.12xlarge.native-O0.1.0,true,6,106,Intel,6.1.134-152.225.amzn2023.x86_64,6,1,134,amzn,2023,2023,native,24.0,2.0,O0,1808509594.5113986,299780.9057725289,138208.67466380063,15.1198
m6i.12xlarge.native-O0.2.0,true,6,106,Intel,6.1.134-152.225.amzn2023.x86_64,6,1,134,amzn,2023,2023,native,24.0,2.0,O0,1808509594.5113986,299780.9057725289,138208.67466380063,16.5105
m6i.12xlarge.x86-64-v4-Og.0.0,true,6,106,Intel,6.1.134-152.225.amzn2023.x86_64,6,1,134,amzn,2023,2023,x86-64-v4,24.0,2.0,Og,103557907.90364401,630568.5497691066,157140.43458873217,25.0223
m6i.12xlarge.x86-64-v4-Og.1.0,true,6,106,Intel,6.1.134-152.225.amzn2023.x86_64,6,1,134,amzn,2023,2023,x86-64-v4,24.0,2.0,Og,103557907.90364401,630568.5497691066,157140.43458873217,25.737
m6i.12xlarge.x86-64-v4-Og.2.0,true,6,106,Intel,6.1.134-152.225.amzn2023.x86_64,6,1,134,amzn,2023,2023,x86-64-v4,24.0,2.0,Og,103557907.90364401,630568.5497691066,157140.43458873217,26.2367
m6i.12xlarge.sandybridge-O3.0.0,true,6,106,Intel,6.1.134-152.225.amzn2023.x86_64,6,1,134,amzn,2023,2023,sandybridge,24.0,2.0,O3,46853727.611621656,646932.2728768782,151790.93567600255,25.4327
m6i.12xlarge.sandybridge-O3.1.0,true,6,106,Intel,6.1.134-152.225.amzn2023.x86_64,6,1,134,amzn,2023,2023,sandybridge,24.0,2.0,O3,46853727.611621656,646932.2728768782,151790.93567600255,26.2993
m6i.12xlarge.sandybridge-O3.2.0,true,6,106,Intel,6.1.134-152.225.amzn2023.x86_64,6,1,134,amzn,2023,2023,sandybridge,24.0,2.0,O3,46853727.611621656,646932.2728768782,151790.93567600255,26.4929
m6i.12xlarge.skylake-Os.0.0,true,6,106,Intel,6.1.134-152.225.amzn2023.x86_64,6,1,134,amzn,2023,2023,skylake,24.0,2.0,Os,62771440.7389593,401763.0,4373.0,25.7287
m6i.12xlarge.skylake-Os.1.0,true,6,106,Intel,6.1.134-152.225.amzn2023.x86_64,6,1,134,amzn,2023,2023,skylake,24.0,2.0,Os,62771440.7389593,401763.0,4373.0,26.7826
m6i.12xlarge.skylake-Os.2.0,true,6,106,Intel,6.1.134-152.225.amzn2023.x86_64,6,1,134,amzn,2023,2023,skylake,24.0,2.0,Os,62771440.7389593,401763.0,4373.0,25.8539
m6i.12xlarge.znver4-O3.0.0,true,6,106,Intel,6.1.134-152.225.amzn2023.x86_64,6,1,134,amzn,2023,2023,znver4,24.0,2.0,O3,66530548.29989953,603168.361754736,166917.00192123462,24.6131
m6i.12xlarge.znver4-O3.1.0,true,6,106,Intel,6.1.134-152.225.amzn2023.x86_64,6,1,134,amzn,2023,2023,znver4,24.0,2.0,O3,66530548.29989953,603168.361754736,166917.00192123462,25.9559
m6i.12xlarge.znver4-O3.2.0,true,6,106,Intel,6.1.134-152.225.amzn2023.x86_64,6,1,134,amzn,2023,2023,znver4,24.0,2.0,O3,66530548.29989953,603168.361754736,166917.00192123462,26.132
m6i.12xlarge.btver2-O3.0.0,true,6,106,Intel,6.1.134-152.225.amzn2023.x86_64,6,1,134,amzn,2023,2023,btver2,24.0,2.0,O3,29870289.785822365,61337.0,1304373.0,22.7671
m6i.12xlarge.btver2-O3.1.0,true,6,106,Intel,6.1.134-152.225.amzn2023.x86_64,6,1,134,amzn,2023,2023,btver2,24.0,2.0,O3,29870289.785822365,61337.0,1304373.0,21.7651
m6i.12xlarge.btver2-O3.2.0,true,6,106,Intel,6.1.134-152.225.amzn2023.x86_64,6,1,134,amzn,2023,2023,btver2,24.0,2.0,O3,29870289.785822365,61337.0,1304373.0,26.1656
m6i.12xlarge.znver2-Ofast.0.0,true,6,106,Intel,6.1.134-152.225.amzn2023.x86_64,6,1,134,amzn,2023,2023,znver2,24.0,2.0,Ofast,59840413.69714419,350086.2062361555,126366.58550183996,24.5338
m6i.12xlarge.znver2-Ofast.1.0,true,6,106,Intel,6.1.134-152.225.amzn2023.x86_64,6,1,134,amzn,2023,2023,znver2,24.0,2.0,Ofast,59840413.69714419,350086.2062361555,126366.58550183996,26.2105
m6i.12xlarge.znver2-Ofast.2.0,true,6,106,Intel,6.1.134-152.225.amzn2023.x86_64,6,1,134,amzn,2023,2023,znver2,24.0,2.0,Ofast,59840413.69714419,350086.2062361555,126366.58550183996,25.8675
m6i.12xlarge.skylake-avx512-O2.0.0,true,6,106,Intel,6.1.134-152.225.amzn2023.x86_64,6,1,134,amzn,2023,2023,skylake-avx512,24.0,2.0,O2,26624075.45689332,489438.6209626463,251982.84375205505,26.081
m6i.12xlarge.skylake-avx512-O2.1.0,true,6,106,Intel,6.1.134-152.225.amzn2023.x86_64,6,1,134,amzn,2023,2023,skylake-avx512,24.0,2.0,O2,26624075.45689332,489438.6209626463,251982.84375205505,28.006
m6i.12xlarge.skylake-avx512-O2.2.0,true,6,106,Intel,6.1.134-152.225.amzn2023.x86_64,6,1,134,amzn,2023,2023,skylake-avx512,24.0,2.0,O2,26624075.45689332,489438.6209626463,251982.84375205505,27.2506
m6i.12xlarge.x86-64-v4-O0.0.0,true,6,106,Intel,6.1.134-152.225.amzn2023.x86_64,6,1,134,amzn,2023,2023,x86-64-v4,24.0,2.0,O0,2800100699.6466656,496914.9920633804,215780.9418314791,14.5294
m6i.12xlarge.x86-64-v4-O0.1.0,true,6,106,Intel,6.1.134-152.225.amzn2023.x86_64,6,1,134,amzn,2023,2023,x86-64-v4,24.0,2.0,O0,2800100699.6466656,496914.9920633804,215780.9418314791,16.8047
m6i.12xlarge.x86-64-v4-O0.2.0,true,6,106,Intel,6.1.134-152.225.amzn2023.x86_64,6,1,134,amzn,2023,2023,x86-64-v4,24.0,2.0,O0,2800100699.6466656,496914.9920633804,215780.9418314791,16.6851
m6i.12xlarge.sapphirerapids-Os.0.0,true,6,106,Intel,6.1.134-152.225.amzn2023.x86_64,6,1,134,amzn,2023,2023,sapphirerapids,24.0,2.0,Os,123926172.30751516,503095.8629044669,219812.55707806814,24.6555
m6i.12xlarge.sapphirerapids-Os.1.0,true,6,106,Intel,6.1.134-152.225.amzn2023.x86_64,6,1,134,amzn,2023,2023,sapphirerapids,24.0,2.0,Os,123926172.30751516,503095.8629044669,219812.55707806814,25.8433
m6i.12xlarge.sapphirerapids-Os.2.0,true,6,106,Intel,6.1.134-152.225.amzn2023.x86_64,6,1,134,amzn,2023,2023,sapphirerapids,24.0,2.0,Os,123926172.30751516,503095.8629044669,219812.55707806814,25.9344
m6i.12xlarge.x86-64-v3-O0.0.0,true,6,106,Intel,6.1.134-152.225.amzn2023.x86_64,6,1,134,amzn,2023,2023,x86-64-v3,24.0,2.0,O0,2709790096.9581294,295862.0,14595.0,16.1762
m6i.12xlarge.x86-64-v3-O0.1.0,true,6,106,Intel,6.1.134-152.225.amzn2023.x86_64,6,1,134,amzn,2023,2023,x86-64-v3,24.0,2.0,O0,2709790096.9581294,295862.0,14595.0,16.4387
m6i.12xlarge.x86-64-v3-O0.2.0,true,6,106,Intel,6.1.134-152.225.amzn2023.x86_64,6,1,134,amzn,2023,2023,x86-64-v3,24.0,2.0,O0,2709790096.9581294,295862.0,14595.0,16.7491
m6i.12xlarge.x86-64-v2-Ofast.0.0,true,6,106,Intel,6.1.134-152.225.amzn2023.x86_64,6,1,134,amzn,2023,2023,x86-64-v2,24.0,2.0,Ofast,35924401.318036504,615799.3365168375,190569.48611104136,25.7465
m6i.12xlarge.x86-64-v2-Ofast.1.0,true,6,106,Intel,6.1.134-152.225.amzn2023.x86_64,6,1,134,amzn,2023,2023,x86-64-v2,24.0,2.0,Ofast,35924401.318036504,615799.3365168375,190569.48611104136,25.5513
m6i.12xlarge.x86-64-v2-Ofast.2.0,true,6,106,Intel,6.1.134-152.225.amzn2023.x86_64,6,1,134,amzn,2023,2023,x86-64-v2,24.0,2.0,Ofast,35924401.318036504,615799.3365168375,190569.48611104136,25.9482
m6i.12xlarge.icelake-server-Ofast.0.0,true,6,106,Intel,6.1.134-152.225.amzn2023.x86_64,6,1,134,amzn,2023,2023,icelake-server,24.0,2.0,Ofast,415130975.14987564,643700.9517170336,290475.7955724287,26.1446
m6i.12xlarge.icelake-server-Ofast.1.0,true,6,106,Intel,6.1.134-152.225.amzn2023.x86_64,6,1,134,amzn,2023,2023,icelake-server,24.0,2.0,Ofast,415130975.14987564,643700.9517170336,290475.7955724287,27.3887
m6i.12xlarge.icelake-server-Ofast.2.0,true,6,106,Intel,6.1.134-152.225.amzn2023.x86_64,6,1,134,amzn,2023,2023,icelake-server,24.0,2.0,Ofast,415130975.14987564,643700.9517170336,290475.7955724287,26.7406
m6i.12xlarge.znver2-O1.0.0,true,6,106,Intel,6.1.134-152.225.amzn2023.x86_64,6,1,134,amzn,2023,2023,znver2,24.0,2.0,O1,26580090.79993665,386436.81665744126,166662.03591496608,25.1626
m6i.12xlarge.znver2-O1.1.0,true,6,106,Intel,6.1.134-152.225.amzn2023.x86_64,6,1,134,amzn,2023,2023,znver2,24.0,2.0,O1,26580090.79993665,386436.81665744126,166662.03591496608,25.582
m6i.12xlarge.znver2-O1.2.0,true,6,106,Intel,6.1.134-152.225.amzn2023.x86_64,6,1,134,amzn,2023,2023,znver2,24.0,2.0,O1,26580090.79993665,386436.81665744126,166662.03591496608,25.7577
m6i.12xlarge.broadwell-Og.0.0,true,6,106,Intel,6.1.134-152.225.amzn2023.x86_64,6,1,134,amzn,2023,2023,broadwell,24.0,2.0,Og,23004367.549200878,371073.4178606917,171178.42884860586,24.4045
m6i.12xlarge.broadwell-Og.1.0,true,6,106,Intel,6.1.134-152.225.amzn2023.x86_64,6,1,134,amzn,2023,2023,broadwell,24.0,2.0,Og,23004367.549200878,371073.4178606917,171178.42884860586,26.2249
m6i.12xlarge.broadwell-Og.2.0,true,6,106,Intel,6.1.134-152.225.amzn2023.x86_64,6,1,134,amzn,2023,2023,broadwell,24.0,2.0,Og,23004367.549200878,371073.4178606917,171178.42884860586,26.9103
m6i.12xlarge.icelake-server-O0.0.0,true,6,106,Intel,6.1.134-152.225.amzn2023.x86_64,6,1,134,amzn,2023,2023,icelake-server,24.0,2.0,O0,2898186591.156239,364860.0,5615.0,14.9825
m6i.12xlarge.icelake-server-O0.1.0,true,6,106,Intel,6.1.134-152.225.amzn2023.x86_64,6,1,134,amzn,2023,2023,icelake-server,24.0,2.0,O0,2898186591.156239,364860.0,5615.0,14.4359
m6i.12xlarge.icelake-server-O0.2.0,true,6,106,Intel,6.1.134-152.225.amzn2023.x86_64,6,1,134,amzn,2023,2023,icelake-server,24.0,2.0,O0,2898186591.156239,364860.0,5615.0,16.4786
m6i.12xlarge.x86-64-v3-O1.0.0,true,6,106,Intel,6.1.134-152.225.amzn2023.x86_64,6,1,134,amzn,2023,2023,x86-64-v3,24.0,2.0,O1,23427775.802729324,483394.192954604,214252.10894617008,22.6969
m6i.12xlarge.x86-64-v3-O1.1.0,true,6,106,Intel,6.1.134-152.225.amzn2023.x86_64,6,1,134,amzn,2023,2023,x86-64-v3,24.0,2.0,O1,23427775.802729324,483394.192954604,214252.10894617008,22.2657
m6i.12xlarge.x86-64-v3-O1.2.0,true,6,106,Intel,6.1.134-152.225.amzn2023.x86_64,6,1,134,amzn,2023,2023,x86-64-v3,24.0,2.0,O1,23427775.802729324,483394.192954604,214252.10894617008,25.7706
m6i.12xlarge.x86-64-v4-O1.0.0,true,6,106,Intel,6.1.134-152.225.amzn2023.x86_64,6,1,134,amzn,2023,2023,x86-64-v4,24.0,2.0,O1,26377627.89100703,117670.0,921358.0,21.9306
m6i.12xlarge.x86-64-v4-O1.1.0,true,6,106,Intel,6.1.134-152.225.amzn2023.x86_64,6,1,134,amzn,2023,2023,x86-64-v4,24.0,2.0,O1,26377627.89100703,117670.0,921358.0,25.5954
m6i.12xlarge.x86-64-v4-O1.2.0,true,6,106,Intel,6.1.134-152.225.amzn2023.x86_64,6,1,134,amzn,2023,2023,x86-64-v4,24.0,2.0,O1,26377627.89100703,117670.0,921358.0,25.7121
m6i.12xlarge.skylake-O0.0.0,true,6,106,Intel,6.1.134-152.225.amzn2023.x86_64,6,1,134,amzn,2023,2023,skylake,24.0,2.0,O0,2852197459.214519,388055.15697512805,188420.88179259983,14.4351
m6i.12xlarge.skylake-O0.1.0,true,6,106,Intel,6.1.134-152.225.amzn2023.x86_64,6,1,134,amzn,2023,2023,skylake,24.0,2.0,O0,2852197459.214519,388055.15697512805,188420.88179259983,16.3992
m6i.12xlarge.skylake-O0.2.0,true,6,106,Intel,6.1.134-152.225.amzn2023.x86_64,6,1,134,amzn,2023,2023,skylake,24.0,2.0,O0,2852197459.214519,388055.15697512805,188420.88179259983,16.5123
m6i.12xlarge.bdver4-O1.0.0,true,6,106,Intel,6.1.134-152.225.amzn2023.x86_64,6,1,134,amzn,2023,2023,bdver4,24.0,2.0,O1,31289184.378121477,406939.19085430045,185362.38617886702,23.0074
m6i.12xlarge.bdver4-O1.1.0,true,6,106,Intel,6.1.134-152.225.amzn2023.x86_64,6,1,134,amzn,2023,2023,bdver4,24.0,2.0,O1,31289184.378121477,406939.19085430045,185362.38617886702,21.7833
m6i.12xlarge.bdver4-O1.2.0,true,6,106,Intel,6.1.134-152.225.amzn2023.x86_64,6,1,134,amzn,2023,2023,bdver4,24.0,2.0,O1,31289184.378121477,406939.19085430045,185362.38617886702,25.7891
m6i.12xlarge.x86-64-v2-O3.0.0,true,6,106,Intel,6.1.134-152.225.amzn2023.x86_64,6,1,134,amzn,2023,2023,x86-64-v2,24.0,2.0,O3,256689868.4144869,443927.06942214357,205469.25313837777,23.2832
m6i.12xlarge.x86-64-v2-O3.1.0,true,6,106,Intel,6.1.134-152.225.amzn2023.x86_64,6,1,134,amzn,2023,2023,x86-64-v2,24.0,2.0,O3,256689868.4144869,443927.06942214357,205469.25313837777,22.8942
m6i.12xlarge.x86-64-v2-O3.2.0,true,6,106,Intel,6.1.134-152.225.amzn2023.x86_64,6,1,134,amzn,2023,2023,x86-64-v2,24.0,2.0,O3,256689868.4144869,443927.06942214357,205469.25313837777,25.3165
m6i.12xlarge.skylake-avx512-O0.0.0,true,6,106,Intel,6.1.134-152.225.amzn2023.x86_64,6,1,134,amzn,2023,2023,skylake-avx512,24.0,2.0,O0,2807001820.1195703,437400.32715812535,188835.29232655233,15.6346
m6i.12xlarge.skylake-avx512-O0.1.0,true,6,106,Intel,6.1.134-152.225.amzn2023.x86_64,6,1,134,amzn,2023,2023,skylake-avx512,24.0,2.0,O0,2807001820.1195703,437400.32715812535,188835.29232655233,16.4186
m6i.12xlarge.skylake-avx512-O0.2.0,true,6,106,Intel,6.1.134-152.225.amzn2023.x86_64,6,1,134,amzn,2023,2023,skylake-avx512,24.0,2.0,O0,2807001820.1195703,437400.32715812535,188835.29232655233,16.5706
m6i.12xlarge.broadwell-O2.0.0,true,6,106,Intel,6.1.134-152.225.amzn2023.x86_64,6,1,134,amzn,2023,2023,broadwell,24.0,2.0,O2,141414355.72585857,93484.41666666666,38102.75,26.7494
m6i.12xlarge.broadwell-O2.1.0,true,6,106,Intel,6.1.134-152.225.amzn2023.x86_64,6,1,134,amzn,2023,2023,broadwell,24.0,2.0,O2,141414355.72585857,93484.41666666666,38102.75,26.3891
m6i.12xlarge.broadwell-O2.2.0,true,6,106,Intel,6.1.134-152.225.amzn2023.x86_64,6,1,134,amzn,2023,2023,broadwell,24.0,2.0,O2,141414355.72585857,93484.41666666666,38102.75,26.5143
m6i.12xlarge.znver3-Og.0.0,true,6,106,Intel,6.1.134-152.225.amzn2023.x86_64,6,1,134,amzn,2023,2023,znver3,24.0,2.0,Og,58923095.46201419,419425.83890663146,185286.06240936878,20.7483
m6i.12xlarge.znver3-Og.1.0,true,6,106,Intel,6.1.134-152.225.amzn2023.x86_64,6,1,134,amzn,2023,2023,znver3,24.0,2.0,Og,58923095.46201419,419425.83890663146,185286.06240936878,25.3515
m6i.12xlarge.znver3-Og.2.0,true,6,106,Intel,6.1.134-152.225.amzn2023.x86_64,6,1,134,amzn,2023,2023,znver3,24.0,2.0,Og,58923095.46201419,419425.83890663146,185286.06240936878,25.3721
m6i.12xlarge.sandybridge-O0.0.0,true,6,106,Intel,6.1.134-152.225.amzn2023.x86_64,6,1,134,amzn,2023,2023,sandybridge,24.0,2.0,O0,2902525634.6179867,303905.2278354272,150635.05949442336,15.389
m6i.12xlarge.sandybridge-O0.1.0,true,6,106,Intel,6.1.134-152.225.amzn2023.x86_64,6,1,134,amzn,2023,2023,sandybridge,24.0,2.0,O0,2902525634.6179867,303905.2278354272,150635.05949442336,14.3639
m6i.12xlarge.sandybridge-O0.2.0,true,6,106,Intel,6.1.134-152.225.amzn2023.x86_64,6,1,134,amzn,2023,2023,sandybridge,24.0,2.0,O0,2902525634.6179867,303905.2278354272,150635.05949442336,16.6528
m6i.12xlarge.skylake-O3.0.0,true,6,106,Intel,6.1.134-152.225.amzn2023.x86_64,6,1,134,amzn,2023,2023,skylake,24.0,2.0,O3,18615809.533864137,495213.0122028073,236296.4746526433,24.6164
m6i.12xlarge.skylake-O3.1.0,true,6,106,Intel,6.1.134-152.225.amzn2023.x86_64,6,1,134,amzn,2023,2023,skylake,24.0,2.0,O3,18615809.533864137,495213.0122028073,236296.4746526433,22.416
m6i.12xlarge.skylake-O3.2.0,true,6,106,Intel,6.1.134-152.225.amzn2023.x86_64,6,1,134,amzn,2023,2023,skylake,24.0,2.0,O3,18615809.533864137,495213.0122028073,236296.4746526433,26.9246
m6i.12xlarge.x86-64-v4-O2.0.0,true,6,106,Intel,6.1.134-152.225.amzn2023.x86_64,6,1,134,amzn,2023,2023,x86-64-v4,24.0,2.0,O2,25230864.3676036,439732.1050505051,159832.92280873406,24.5299
m6i.12xlarge.x86-64-v4-O2.1.0,true,6,106,Intel,6.1.134-152.225.amzn2023.x86_64,6,1,134,amzn,2023,2023,x86-64-v4,24.0,2.0,O2,25230864.3676036,439732.1050505051,159832.92280873406,26.842
m6i.12xlarge.x86-64-v4-O2.2.0,true,6,106,Intel,6.1.134-152.225.amzn2023.x86_64,6,1,134,amzn,2023,2023,x86-64-v4,24.0,2.0,O2,25230864.3676036,439732.1050505051,159832.92280873406,26.9669
m6i.12xlarge.sapphirerapids-O2.0.0,true,6,106,Intel,6.1.134-152.225.amzn2023.x86_64,6,1,134,amzn,2023,2023,sapphirerapids,24.0,2.0,O2,41337913.50034817,343178.8205608505,160795.86878139307,20.9406
m6i.12xlarge.sapphirerapids-O2.1.0,true,6,106,Intel,6.1.134-152.225.amzn2023.x86_64,6,1,134,amzn,2023,2023,sapphirerapids,24.0,2.0,O2,41337913.50034817,343178.8205608505,160795.86878139307,26.2213
m6i.12xlarge.sapphirerapids-O2.2.0,true,6,106,Intel,6.1.134-152.225.amzn2023.x86_64,6,1,134,amzn,2023,2023,sapphirerapids,24.0,2.0,O2,41337913.50034817,343178.8205608505,160795.86878139307,26.1817
m6i.12xlarge.ivybridge-O2.0.0,true,6,106,Intel,6.1.134-152.225.amzn2023.x86_64,6,1,134,amzn,2023,2023,ivybridge,24.0,2.0,O2,31195024.91869943,432637.4025788128,223385.1204636599,24.2735
m6i.12xlarge.ivybridge-O2.1.0,true,6,106,Intel,6.1.134-152.225.amzn2023.x86_64,6,1,134,amzn,2023,2023,ivybridge,24.0,2.0,O2,31195024.91869943,432637.4025788128,223385.1204636599,25.6634
m6i.12xlarge.ivybridge-O2.2.0,true,6,106,Intel,6.1.134-152.225.amzn2023.x86_64,6,1,134,amzn,2023,2023,ivybridge,24.0,2.0,O2,31195024.91869943,432637.4025788128,223385.1204636599,25.6999
m6i.12xlarge.znver4-O1.0.0,true,6,106,Intel,6.1.134-152.225.amzn2023.x86_64,6,1,134,amzn,2023,2023,znver4,24.0,2.0,O1,81033815.45914976,268208.69500984164,144832.83407759335,24.3537
m6i.12xlarge.znver4-O1.1.0,true,6,106,Intel,6.1.134-152.225.amzn2023.x86_64,6,1,134,amzn,2023,2023,znver4,24.0,2.0,O1,81033815.45914976,268208.69500984164,144832.83407759335,24.6158
m6i.12xlarge.znver4-O1.2.0,true,6,106,Intel,6.1.134-152.225.amzn2023.x86_64,6,1,134,amzn,2023,2023,znver4,24.0,2.0,O1,81033815.45914976,268208.69500984164,144832.83407759335,25.966
m6i.12xlarge.sapphirerapids-Og.0.0,true,6,106,Intel,6.1.134-152.225.amzn2023.x86_64,6,1,134,amzn,2023,2023,sapphirerapids,24.0,2.0,Og,42262962.10698198,418656.48430147616,186525.65772267702,24.3089
m6i.12xlarge.sapphirerapids-Og.1.0,true,6,106,Intel,6.1.134-152.225.amzn2023.x86_64,6,1,134,amzn,2023,2023,sapphirerapids,24.0,2.0,Og,42262962.10698198,418656.48430147616,186525.65772267702,25.2257
m6i.12xlarge.sapphirerapids-Og.2.0,true,6,106,Intel,6.1.134-152.225.amzn2023.x86_64,6,1,134,amzn,2023,2023,sapphirerapids,24.0,2.0,Og,42262962.10698198,418656.48430147616,186525.65772267702,25.2865
m6i.12xlarge.ivybridge-O0.0.0,true,6,106,Intel,6.1.134-152.225.amzn2023.x86_64,6,1,134,amzn,2023,2023,ivybridge,24.0,2.0,O0,2641173239.246264,392591.7885334219,178143.37742559187,15.0646
m6i.12xlarge.ivybridge-O0.1.0,true,6,106,Intel,6.1.134-152.225.amzn2023.x86_64,6,1,134,amzn,2023,2023,ivybridge,24.0,2.0,O0,2641173239.246264,392591.7885334219,178143.37742559187,16.5826
m6i.12xlarge.ivybridge-O0.2.0,true,6,106,Intel,6.1.134-152.225.amzn2023.x86_64,6,1,134,amzn,2023,2023,ivybridge,24.0,2.0,O0,2641173239.246264,392591.7885334219,178143.37742559187,16.5749
m6i.12xlarge.znver3-O2.0.0,true,6,106,Intel,6.1.134-152.225.amzn2023.x86_64,6,1,134,amzn,2023,2023,znver3,24.0,2.0,O2,30109291.266902752,60983.0,6200.0,24.7103
m6i.12xlarge.znver3-O2.1.0,true,6,106,Intel,6.1.134-152.225.amzn2023.x86_64,6,1,134,amzn,2023,2023,znver3,24.0,2.0,O2,30109291.266902752,60983.0,6200.0,25.8679
m6i.12xlarge.znver3-O2.2.0,true,6,106,Intel,6.1.134-152.225.amzn2023.x86_64,6,1,134,amzn,2023,2023,znver3,24.0,2.0,O2,30109291.266902752,60983.0,6200.0,26.9252
m6i.12xlarge.znver1-O3.0.0,true,6,106,Intel,6.1.134-152.225.amzn2023.x86_64,6,1,134,amzn,2023,2023,znver1,24.0,2.0,O3,18318468.78835115,349892.14087163913,169018.3701596294,24.6293
m6i.12xlarge.znver1-O3.1.0,true,6,106,Intel,6.1.134-152.225.amzn2023.x86_64,6,1,134,amzn,2023,2023,znver1,24.0,2.0,O3,18318468.78835115,349892.14087163913,169018.3701596294,22.5735
m6i.12xlarge.znver1-O3.2.0,true,6,106,Intel,6.1.134-152.225.amzn2023.x86_64,6,1,134,amzn,2023,2023,znver1,24.0,2.0,O3,18318468.78835115,349892.14087163913,169018.3701596294,26.6274
m6i.12xlarge.znver2-O0.0.0,true,6,106,Intel,6.1.134-152.225.amzn2023.x86_64,6,1,134,amzn,2023,2023,znver2,24.0,2.0,O0,2867288183.4509773,366549.6197383517,157378.34501470817,13.1945
m6i.12xlarge.znver2-O0.1.0,true,6,106,Intel,6.1.134-152.225.amzn2023.x86_64,6,1,134,amzn,2023,2023,znver2,24.0,2.0,O0,2867288183.4509773,366549.6197383517,157378.34501470817,16.4699
m6i.12xlarge.znver2-O0.2.0,true,6,106,Intel,6.1.134-152.225.amzn2023.x86_64,6,1,134,amzn,2023,2023,znver2,24.0,2.0,O0,2867288183.4509773,366549.6197383517,157378.34501470817,15.9481
m6i.12xlarge.x86-64-v2-Os.0.0,true,6,106,Intel,6.1.134-152.225.amzn2023.x86_64,6,1,134,amzn,2023,2023,x86-64-v2,24.0,2.0,Os,18957770.23957504,483597.4352036139,231254.9208079177,24.335
m6i.12xlarge.x86-64-v2-Os.1.0,true,6,106,Intel,6.1.134-152.225.amzn2023.x86_64,6,1,134,amzn,2023,2023,x86-64-v2,24.0,2.0,Os,18957770.23957504,483597.4352036139,231254.9208079177,25.7606
m6i.12xlarge.x86-64-v2-Os.2.0,true,6,106,Intel,6.1.134-152.225.amzn2023.x86_64,6,1,134,amzn,2023,2023,x86-64-v2,24.0,2.0,Os,18957770.23957504,483597.4352036139,231254.9208079177,26.7033
m6i.12xlarge.bdver4-Og.0.0,true,6,106,Intel,6.1.134-152.225.amzn2023.x86_64,6,1,134,amzn,2023,2023,bdver4,24.0,2.0,Og,45480146.92463421,457491.37518606737,202963.37227662283,25.3468
m6i.12xlarge.bdver4-Og.1.0,true,6,106,Intel,6.1.134-152.225.amzn2023.x86_64,6,1,134,amzn,2023,2023,bdver4,24.0,2.0,Og,45480146.92463421,457491.37518606737,202963.37227662283,25.9339
m6i.12xlarge.bdver4-Og.2.0,true,6,106,Intel,6.1.134-152.225.amzn2023.x86_64,6,1,134,amzn,2023,2023,bdver4,24.0,2.0,Og,45480146.92463421,457491.37518606737,202963.37227662283,26.0181
m6i.12xlarge.native-Os.0.0,true,6,106,Intel,6.1.134-152.225.amzn2023.x86_64,6,1,134,amzn,2023,2023,native,24.0,2.0,Os,27686966.239234433,526227.0951259084,207466.7134177529,24.0079
m6i.12xlarge.native-Os.1.0,true,6,106,Intel,6.1.134-152.225.amzn2023.x86_64,6,1,134,amzn,2023,2023,native,24.0,2.0,Os,27686966.239234433,526227.0951259084,207466.7134177529,25.4889
m6i.12xlarge.native-Os.2.0,true,6,106,Intel,6.1.134-152.225.amzn2023.x86_64,6,1,134,amzn,2023,2023,native,24.0,2.0,Os,27686966.239234433,526227.0951259084,207466.7134177529,25.7021
m6i.12xlarge.btver2-O0.0.0,true,6,106,Intel,6.1.134-152.225.amzn2023.x86_64,6,1,134,amzn,2023,2023,btver2,24.0,2.0,O0,2759160020.1661553,52186.0,318079.0,16.5338
m6i.12xlarge.btver2-O0.1.0,true,6,106,Intel,6.1.134-152.225.amzn2023.x86_64,6,1,134,amzn,2023,2023,btver2,24.0,2.0,O0,2759160020.1661553,52186.0,318079.0,16.9574
m6i.12xlarge.btver2-O0.2.0,true,6,106,Intel,6.1.134-152.225.amzn2023.x86_64,6,1,134,amzn,2023,2023,btver2,24.0,2.0,O0,2759160020.1661553,52186.0,318079.0,17.0242
m6i.12xlarge.skylake-avx512-Os.0.0,true,6,106,Intel,6.1.134-152.225.amzn2023.x86_64,6,1,134,amzn,2023,2023,skylake-avx512,24.0,2.0,Os,18320173.464351673,440070.8388930133,189384.8291935506,22.8428
m6i.12xlarge.skylake-avx512-Os.1.0,true,6,106,Intel,6.1.134-152.225.amzn2023.x86_64,6,1,134,amzn,2023,2023,skylake-avx512,24.0,2.0,Os,18320173.464351673,440070.8388930133,189384.8291935506,26.5372
m6i.12xlarge.skylake-avx512-Os.2.0,true,6,106,Intel,6.1.134-152.225.amzn2023.x86_64,6,1,134,amzn,2023,2023,skylake-avx512,24.0,2.0,Os,18320173.464351673,440070.8388930133,189384.8291935506,26.6745
m6i.12xlarge.icelake-server-Os.0.0,true,6,106,Intel,6.1.134-152.225.amzn2023.x86_64,6,1,134,amzn,2023,2023,icelake-server,24.0,2.0,Os,27597949.33203976,590189.8245841003,269374.3681433728,22.9228
m6i.12xlarge.icelake-server-Os.1.0,true,6,106,Intel,6.1.134-152.225.amzn2023.x86_64,6,1,134,amzn,2023,2023,icelake-server,24.0,2.0,Os,27597949.33203976,590189.8245841003,269374.3681433728,23.6144
m6i.12xlarge.icelake-server-Os.2.0,true,6,106,Intel,6.1.134-152.225.amzn2023.x86_64,6,1,134,amzn,2023,2023,icelake-server,24.0,2.0,Os,27597949.33203976,590189.8245841003,269374.3681433728,25.7372
m6i.12xlarge.znver1-O2.0.0,true,6,106,Intel,6.1.134-152.225.amzn2023.x86_64,6,1,134,amzn,2023,2023,znver1,24.0,2.0,O2,14701765.68601665,312325.0,8739.0,25.5986
m6i.12xlarge.znver1-O2.1.0,true,6,106,Intel,6.1.134-152.225.amzn2023.x86_64,6,1,134,amzn,2023,2023,znver1,24.0,2.0,O2,14701765.68601665,312325.0,8739.0,25.8915
m6i.12xlarge.znver1-O2.2.0,true,6,106,Intel,6.1.134-152.225.amzn2023.x86_64,6,1,134,amzn,2023,2023,znver1,24.0,2.0,O2,14701765.68601665,312325.0,8739.0,26.5572
m6i.12xlarge.sandybridge-O2.0.0,true,6,106,Intel,6.1.134-152.225.amzn2023.x86_64,6,1,134,amzn,2023,2023,sandybridge,24.0,2.0,O2,20991539.010083757,665690.9354755724,188179.18726792373,24.6451
m6i.12xlarge.sandybridge-O2.1.0,true,6,106,Intel,6.1.134-152.225.amzn2023.x86_64,6,1,134,amzn,2023,2023,sandybridge,24.0,2.0,O2,20991539.010083757,665690.9354755724,188179.18726792373,25.3015
m6i.12xlarge.sandybridge-O2.2.0,true,6,106,Intel,6.1.134-152.225.amzn2023.x86_64,6,1,134,amzn,2023,2023,sandybridge,24.0,2.0,O2,20991539.010083757,665690.9354755724,188179.18726792373,26.6038
m6i.12xlarge.haswell-O1.0.0,true,6,106,Intel,6.1.134-152.225.amzn2023.x86_64,6,1,134,amzn,2023,2023,haswell,24.0,2.0,O1,33608042.83483952,24225.0,1135.0,22.5391
m6i.12xlarge.haswell-O1.1.0,true,6,106,Intel,6.1.134-152.225.amzn2023.x86_64,6,1,134,amzn,2023,2023,haswell,24.0,2.0,O1,33608042.83483952,24225.0,1135.0,25.8085
m6i.12xlarge.haswell-O1.2.0,true,6,106,Intel,6.1.134-152.225.amzn2023.x86_64,6,1,134,amzn,2023,2023,haswell,24.0,2.0,O1,33608042.83483952,24225.0,1135.0,26.4515
m6i.12xlarge.native-Og.0.0,true,6,106,Intel,6.1.134-152.225.amzn2023.x86_64,6,1,134,amzn,2023,2023,native,24.0,2.0,Og,44474928.170457385,25582.0,1465.0,20.6518
m6i.12xlarge.native-Og.1.0,true,6,106,Intel,6.1.134-152.225.amzn2023.x86_64,6,1,134,amzn,2023,2023,native,24.0,2.0,Og,44474928.170457385,25582.0,1465.0,25.6386
m6i.12xlarge.native-Og.2.0,true,6,106,Intel,6.1.134-152.225.amzn2023.x86_64,6,1,134,amzn,2023,2023,native,24.0,2.0,Og,44474928.170457385,25582.0,1465.0,26.2222
m6i.12xlarge.icelake-server-O3.0.0,true,6,106,Intel,6.1.134-152.225.amzn2023.x86_64,6,1,134,amzn,2023,2023,icelake-server,24.0,2.0,O3,50839401.98185958,668181.2643662817,306774.87120414694,24.1097
m6i.12xlarge.icelake-server-O3.1.0,true,6,106,Intel,6.1.134-152.225.amzn2023.x86_64,6,1,134,amzn,2023,2023,icelake-server,24.0,2.0,O3,50839401.98185958,668181.2643662817,306774.87120414694,26.195
m6i.12xlarge.icelake-server-O3.2.0,true,6,106,Intel,6.1.134-152.225.amzn2023.x86_64,6,1,134,amzn,2023,2023,icelake-server,24.0,2.0,O3,50839401.98185958,668181.2643662817,306774.87120414694,26.8447
m6i.12xlarge.x86-64-v3-Og.0.0,true,6,106,Intel,6.1.134-152.225.amzn2023.x86_64,6,1,134,amzn,2023,2023,x86-64-v3,24.0,2.0,Og,63448758.40399636,440081.27944153035,207713.81518306673,22.79
m6i.12xlarge.x86-64-v3-Og.1.0,true,6,106,Intel,6.1.134-152.225.amzn2023.x86_64,6,1,134,amzn,2023,2023,x86-64-v3,24.0,2.0,Og,63448758.40399636,440081.27944153035,207713.81518306673,21.7348
m6i.12xlarge.x86-64-v3-Og.2.0,true,6,106,Intel,6.1.134-152.225.amzn2023.x86_64,6,1,134,amzn,2023,2023,x86-64-v3,24.0,2.0,Og,63448758.40399636,440081.27944153035,207713.81518306673,25.3657
m6i.12xlarge.icelake-server-O1.0.0,true,6,106,Intel,6.1.134-152.225.amzn2023.x86_64,6,1,134,amzn,2023,2023,icelake-server,24.0,2.0,O1,39946474.122351825,493150.375945829,174029.60316204018,19.6736
m6i.12xlarge.icelake-server-O1.1.0,true,6,106,Intel,6.1.134-152.225.amzn2023.x86_64,6,1,134,amzn,2023,2023,icelake-server,24.0,2.0,O1,39946474.122351825,493150.375945829,174029.60316204018,25.686
m6i.12xlarge.icelake-server-O1.2.0,true,6,106,Intel,6.1.134-152.225.amzn2023.x86_64,6,1,134,amzn,2023,2023,icelake-server,24.0,2.0,O1,39946474.122351825,493150.375945829,174029.60316204018,25.7307
m6i.12xlarge.x86-64-v4-Os.0.0,true,6,106,Intel,6.1.134-152.225.amzn2023.x86_64,6,1,134,amzn,2023,2023,x86-64-v4,24.0,2.0,Os,15955093.588051485,467572.58886609843,205864.5417871927,20.7013
m6i.12xlarge.x86-64-v4-Os.1.0,true,6,106,Intel,6.1.134-152.225.amzn2023.x86_64,6,1,134,amzn,2023,2023,x86-64-v4,24.0,2.0,Os,15955093.588051485,467572.58886609843,205864.5417871927,27.6018
m6i.12xlarge.x86-64-v4-Os.2.0,true,6,106,Intel,6.1.134-152.225.amzn2023.x86_64,6,1,134,amzn,2023,2023,x86-64-v4,24.0,2.0,Os,15955093.588051485,467572.58886609843,205864.5417871927,26.687
m6i.12xlarge.x86-64-v2-O2.0.0,true,6,106,Intel,6.1.134-152.225.amzn2023.x86_64,6,1,134,amzn,2023,2023,x86-64-v2,24.0,2.0,O2,28517861.821453676,393632.0,10563.0,24.5203
m6i.12xlarge.x86-64-v2-O2.1.0,true,6,106,Intel,6.1.134-152.225.amzn2023.x86_64,6,1,134,amzn,2023,2023,x86-64-v2,24.0,2.0,O2,28517861.821453676,393632.0,10563.0,26.7781
m6i.12xlarge.x86-64-v2-O2.2.0,true,6,106,Intel,6.1.134-152.225.amzn2023.x86_64,6,1,134,amzn,2023,2023,x86-64-v2,24.0,2.0,O2,28517861.821453676,393632.0,10563.0,27.0148
m6i.12xlarge.sapphirerapids-O1.0.0,true,6,106,Intel,6.1.134-152.225.amzn2023.x86_64,6,1,134,amzn,2023,2023,sapphirerapids,24.0,2.0,O1,43150370.65115851,393078.57350020146,194227.84229339904,22.5843
m6i.12xlarge.sapphirerapids-O1.1.0,true,6,106,Intel,6.1.134-152.225.amzn2023.x86_64,6,1,134,amzn,2023,2023,sapphirerapids,24.0,2.0,O1,43150370.65115851,393078.57350020146,194227.84229339904,21.7033
m6i.12xlarge.sapphirerapids-O1.2.0,true,6,106,Intel,6.1.134-152.225.amzn2023.x86_64,6,1,134,amzn,2023,2023,sapphirerapids,24.0,2.0,O1,43150370.65115851,393078.57350020146,194227.84229339904,25.4954
m6i.12xlarge.sandybridge-Og.0.0,true,6,106,Intel,6.1.134-152.225.amzn2023.x86_64,6,1,134,amzn,2023,2023,sandybridge,24.0,2.0,Og,50430383.37777693,299188.0,5072.0,24.4511
m6i.12xlarge.sandybridge-Og.1.0,true,6,106,Intel,6.1.134-152.225.amzn2023.x86_64,6,1,134,amzn,2023,2023,sandybridge,24.0,2.0,Og,50430383.37777693,299188.0,5072.0,24.7934
m6i.12xlarge.sandybridge-Og.2.0,true,6,106,Intel,6.1.134-152.225.amzn2023.x86_64,6,1,134,amzn,2023,2023,sandybridge,24.0,2.0,Og,50430383.37777693,299188.0,5072.0,25.4702
m6i.12xlarge.ivybridge-Og.0.0,true,6,106,Intel,6.1.134-152.225.amzn2023.x86_64,6,1,134,amzn,2023,2023,ivybridge,24.0,2.0,Og,71575163.85958567,52468.0,7093.0,22.3975
m6i.12xlarge.ivybridge-Og.1.0,true,6,106,Intel,6.1.134-152.225.amzn2023.x86_64,6,1,134,amzn,2023,2023,ivybridge,24.0,2.0,Og,71575163.85958567,52468.0,7093.0,25.5303
m6i.12xlarge.ivybridge-Og.2.0,true,6,106,Intel,6.1.134-152.225.amzn2023.x86_64,6,1,134,amzn,2023,2023,ivybridge,24.0,2.0,Og,71575163.85958567,52468.0,7093.0,25.0823
m6i.12xlarge.btver2-O2.0.0,true,6,106,Intel,6.1.134-152.225.amzn2023.x86_64,6,1,134,amzn,2023,2023,btver2,24.0,2.0,O2,106036799.41584033,512896.5693142145,152614.14421570956,24.5991
m6i.12xlarge.btver2-O2.1.0,true,6,106,Intel,6.1.134-152.225.amzn2023.x86_64,6,1,134,amzn,2023,2023,btver2,24.0,2.0,O2,106036799.41584033,512896.5693142145,152614.14421570956,25.6518
m6i.12xlarge.btver2-O2.2.0,true,6,106,Intel,6.1.134-152.225.amzn2023.x86_64,6,1,134,amzn,2023,2023,btver2,24.0,2.0,O2,106036799.41584033,512896.5693142145,152614.14421570956,25.8168
m6i.12xlarge.broadwell-O1.0.0,true,6,106,Intel,6.1.134-152.225.amzn2023.x86_64,6,1,134,amzn,2023,2023,broadwell,24.0,2.0,O1,34803806.769701175,448151.5311411619,230499.32668245255,24.5596
m6i.12xlarge.broadwell-O1.1.0,true,6,106,Intel,6.1.134-152.225.amzn2023.x86_64,6,1,134,amzn,2023,2023,broadwell,24.0,2.0,O1,34803806.769701175,448151.5311411619,230499.32668245255,24.98
m6i.12xlarge.broadwell-O1.2.0,true,6,106,Intel,6.1.134-152.225.amzn2023.x86_64,6,1,134,amzn,2023,2023,broadwell,24.0,2.0,O1,34803806.769701175,448151.5311411619,230499.32668245255,25.5233
m6i.12xlarge.ivybridge-O1.0.0,true,6,106,Intel,6.1.134-152.225.amzn2023.x86_64,6,1,134,amzn,2023,2023,ivybridge,24.0,2.0,O1,58833102.11223236,41701.0,842444.0,25.4301
m6i.12xlarge.ivybridge-O1.1.0,true,6,106,Intel,6.1.134-152.225.amzn2023.x86_64,6,1,134,amzn,2023,2023,ivybridge,24.0,2.0,O1,58833102.11223236,41701.0,842444.0,25.8433
m6i.12xlarge.ivybridge-O1.2.0,true,6,106,Intel,6.1.134-152.225.amzn2023.x86_64,6,1,134,amzn,2023,2023,ivybridge,24.0,2.0,O1,58833102.11223236,41701.0,842444.0,25.7597
m6i.12xlarge.bdver4-O0.0.0,true,6,106,Intel,6.1.134-152.225.amzn2023.x86_64,6,1,134,amzn,2023,2023,bdver4,24.0,2.0,O0,2735437506.933071,445905.170827198,204715.3057941038,15.9965
m6i.12xlarge.bdver4-O0.1.0,true,6,106,Intel,6.1.134-152.225.amzn2023.x86_64,6,1,134,amzn,2023,2023,bdver4,24.0,2.0,O0,2735437506.933071,445905.170827198,204715.3057941038,16.5803
m6i.12xlarge.bdver4-O0.2.0,true,6,106,Intel,6.1.134-152.225.amzn2023.x86_64,6,1,134,amzn,2023,2023,bdver4,24.0,2.0,O0,2735437506.933071,445905.170827198,204715.3057941038,16.4569
m6i.12xlarge.x86-64-v2-Og.0.0,true,6,106,Intel,6.1.134-152.225.amzn2023.x86_64,6,1,134,amzn,2023,2023,x86-64-v2,24.0,2.0,Og,51959984.357813545,408476.2493511504,118094.13213706667,23.7869
m6i.12xlarge.x86-64-v2-Og.1.0,true,6,106,Intel,6.1.134-152.225.amzn2023.x86_64,6,1,134,amzn,2023,2023,x86-64-v2,24.0,2.0,Og,51959984.357813545,408476.2493511504,118094.13213706667,25.2422
m6i.12xlarge.x86-64-v2-Og.2.0,true,6,106,Intel,6.1.134-152.225.amzn2023.x86_64,6,1,134,amzn,2023,2023,x86-64-v2,24.0,2.0,Og,51959984.357813545,408476.2493511504,118094.13213706667,25.6479
m6i.12xlarge.sandybridge-Ofast.0.0,true,6,106,Intel,6.1.134-152.225.amzn2023.x86_64,6,1,134,amzn,2023,2023,sandybridge,24.0,2.0,Ofast,29767493.427654922,565001.6401297279,267206.55573074846,24.5031
m6i.12xlarge.sandybridge-Ofast.1.0,true,6,106,Intel,6.1.134-152.225.amzn2023.x86_64,6,1,134,amzn,2023,2023,sandybridge,24.0,2.0,Ofast,29767493.427654922,565001.6401297279,267206.55573074846,23.9171
m6i.12xlarge.sandybridge-Ofast.2.0,true,6,106,Intel,6.1.134-152.225.amzn2023.x86_64,6,1,134,amzn,2023,2023,sandybridge,24.0,2.0,Ofast,29767493.427654922,565001.6401297279,267206.55573074846,26.3431
m6i.12xlarge.znver2-Og.0.0,true,6,106,Intel,6.1.134-152.225.amzn2023.x86_64,6,1,134,amzn,2023,2023,znver2,24.0,2.0,Og,31961881.620098587,548243.7258618564,159830.34528738217,24.6569
m6i.12xlarge.znver2-Og.1.0,true,6,106,Intel,6.1.134-152.225.amzn2023.x86_64,6,1,134,amzn,2023,2023,znver2,24.0,2.0,Og,31961881.620098587,548243.7258618564,159830.34528738217,25.4958
m6i.12xlarge.znver2-Og.2.0,true,6,106,Intel,6.1.134-152.225.amzn2023.x86_64,6,1,134,amzn,2023,2023,znver2,24.0,2.0,Og,31961881.620098587,548243.7258618564,159830.34528738217,25.1147
m6i.12xlarge.x86-64-v2-O1.0.0,true,6,106,Intel,6.1.134-152.225.amzn2023.x86_64,6,1,134,amzn,2023,2023,x86-64-v2,24.0,2.0,O1,80000098.84306353,397574.3819766069,189105.75717448257,24.5541
m6i.12xlarge.x86-64-v2-O1.1.0,true,6,106,Intel,6.1.134-152.225.amzn2023.x86_64,6,1,134,amzn,2023,2023,x86-64-v2,24.0,2.0,O1,80000098.84306353,397574.3819766069,189105.75717448257,22.6726
m6i.12xlarge.x86-64-v2-O1.2.0,true,6,106,Intel,6.1.134-152.225.amzn2023.x86_64,6,1,134,amzn,2023,2023,x86-64-v2,24.0,2.0,O1,80000098.84306353,397574.3819766069,189105.75717448257,25.859
m6i.12xlarge.btver2-Og.0.0,true,6,106,Intel,6.1.134-152.225.amzn2023.x86_64,6,1,134,amzn,2023,2023,btver2,24.0,2.0,Og,28964743.481001765,106940.0,1214754.0,22.2037
m6i.12xlarge.btver2-Og.1.0,true,6,106,Intel,6.1.134-152.225.amzn2023.x86_64,6,1,134,amzn,2023,2023,btver2,24.0,2.0,Og,28964743.481001765,106940.0,1214754.0,25.5337
m6i.12xlarge.btver2-Og.2.0,true,6,106,Intel,6.1.134-152.225.amzn2023.x86_64,6,1,134,amzn,2023,2023,btver2,24.0,2.0,Og,28964743.481001765,106940.0,1214754.0,25.5256
m6i.12xlarge.icelake-server-O2.0.0,true,6,106,Intel,6.1.134-152.225.amzn2023.x86_64,6,1,134,amzn,2023,2023,icelake-server,24.0,2.0,O2,120611228.09495634,324459.78866666666,88743.3847160093,26.5063
m6i.12xlarge.icelake-server-O2.1.0,true,6,106,Intel,6.1.134-152.225.amzn2023.x86_64,6,1,134,amzn,2023,2023,icelake-server,24.0,2.0,O2,120611228.09495634,324459.78866666666,88743.3847160093,26.8421
m6i.12xlarge.icelake-server-O2.2.0,true,6,106,Intel,6.1.134-152.225.amzn2023.x86_64,6,1,134,amzn,2023,2023,icelake-server,24.0,2.0,O2,120611228.09495634,324459.78866666666,88743.3847160093,26.9275
m6i.12xlarge.native-O3.0.0,true,6,106,Intel,6.1.134-152.225.amzn2023.x86_64,6,1,134,amzn,2023,2023,native,24.0,2.0,O3,105975540.8674373,535850.1150222048,272411.19683392666,25.4292
m6i.12xlarge.native-O3.1.0,true,6,106,Intel,6.1.134-152.225.amzn2023.x86_64,6,1,134,amzn,2023,2023,native,24.0,2.0,O3,105975540.8674373,535850.1150222048,272411.19683392666,26.5696
m6i.12xlarge.native-O3.2.0,true,6,106,Intel,6.1.134-152.225.amzn2023.x86_64,6,1,134,amzn,2023,2023,native,24.0,2.0,O3,105975540.8674373,535850.1150222048,272411.19683392666,26.3636
m6i.12xlarge.broadwell-O0.0.0,true,6,106,Intel,6.1.134-152.225.amzn2023.x86_64,6,1,134,amzn,2023,2023,broadwell,24.0,2.0,O0,2755998482.660569,437913.21242133214,214193.0173401643,15.134
m6i.12xlarge.broadwell-O0.1.0,true,6,106,Intel,6.1.134-152.225.amzn2023.x86_64,6,1,134,amzn,2023,2023,broadwell,24.0,2.0,O0,2755998482.660569,437913.21242133214,214193.0173401643,13.6869
m6i.12xlarge.broadwell-O0.2.0,true,6,106,Intel,6.1.134-152.225.amzn2023.x86_64,6,1,134,amzn,2023,2023,broadwell,24.0,2.0,O0,2755998482.660569,437913.21242133214,214193.0173401643,16.2911
m6i.12xlarge.skylake-avx512-O1.0.0,true,6,106,Intel,6.1.134-152.225.amzn2023.x86_64,6,1,134,amzn,2023,2023,skylake-avx512,24.0,2.0,O1,75876275.53436583,355540.5648003847,154157.16411703033,24.6026
m6i.12xlarge.skylake-avx512-O1.1.0,true,6,106,Intel,6.1.134-152.225.amzn2023.x86_64,6,1,134,amzn,2023,2023,skylake-avx512,24.0,2.0,O1,75876275.53436583,355540.5648003847,154157.16411703033,25.4409
m6i.12xlarge.skylake-avx512-O1.2.0,true,6,106,Intel,6.1.134-152.225.amzn2023.x86_64,6,1,134,amzn,2023,2023,skylake-avx512,24.0,2.0,O1,75876275.53436583,355540.5648003847,154157.16411703033,25.4754
m6i.12xlarge.skylake-avx512-Og.0.0,true,6,106,Intel,6.1.134-152.225.amzn2023.x86_64,6,1,134,amzn,2023,2023,skylake-avx512,24.0,2.0,Og,34429734.28804936,314943.0,3255.0,21.9731
m6i.12xlarge.skylake-avx512-Og.1.0,true,6,106,Intel,6.1.134-152.225.amzn2023.x86_64,6,1,134,amzn,2023,2023,skylake-avx512,24.0,2.0,Og,34429734.28804936,314943.0,3255.0,26.2177
m6i.12xlarge.skylake-avx512-Og.2.0,true,6,106,Intel,6.1.134-152.225.amzn2023.x86_64,6,1,134,amzn,2023,2023,skylake-avx512,24.0,2.0,Og,34429734.28804936,314943.0,3255.0,26.2049
m6i.12xlarge.znver2-O2.0.0,true,6,106,Intel,6.1.134-152.225.amzn2023.x86_64,6,1,134,amzn,2023,2023,znver2,24.0,2.0,O2,101959407.3595865,563916.1167286045,228202.26894312105,24.3944
m6i.12xlarge.znver2-O2.1.0,true,6,106,Intel,6.1.134-152.225.amzn2023.x86_64,6,1,134,amzn,2023,2023,znver2,24.0,2.0,O2,101959407.3595865,563916.1167286045,228202.26894312105,25.6821
m6i.12xlarge.znver2-O2.2.0,true,6,106,Intel,6.1.134-152.225.amzn2023.x86_64,6,1,134,amzn,2023,2023,znver2,24.0,2.0,O2,101959407.3595865,563916.1167286045,228202.26894312105,25.6628
m6i.12xlarge.btver2-O1.0.0,true,6,106,Intel,6.1.134-152.225.amzn2023.x86_64,6,1,134,amzn,2023,2023,btver2,24.0,2.0,O1,39663931.33211703,302528.8888888889,94043.7572296627,25.3537
m6i.12xlarge.btver2-O1.1.0,true,6,106,Intel,6.1.134-152.225.amzn2023.x86_64,6,1,134,amzn,2023,2023,btver2,24.0,2.0,O1,39663931.33211703,302528.8888888889,94043.7572296627,22.2558
m6i.12xlarge.btver2-O1.2.0,true,6,106,Intel,6.1.134-152.225.amzn2023.x86_64,6,1,134,amzn,2023,2023,btver2,24.0,2.0,O1,39663931.33211703,302528.8888888889,94043.7572296627,26.399
m6i.12xlarge.sapphirerapids-O3.0.0,true,6,106,Intel,6.1.134-152.225.amzn2023.x86_64,6,1,134,amzn,2023,2023,sapphirerapids,24.0,2.0,O3,28994684.85096881,302621.5722222222,88990.23620949074,25.9186
m6i.12xlarge.sapphirerapids-O3.1.0,true,6,106,Intel,6.1.134-152.225.amzn2023.x86_64,6,1,134,amzn,2023,2023,sapphirerapids,24.0,2.0,O3,28994684.85096881,302621.5722222222,88990.23620949074,25.3104
m6i.12xlarge.sapphirerapids-O3.2.0,true,6,106,Intel,6.1.134-152.225.amzn2023.x86_64,6,1,134,amzn,2023,2023,sapphirerapids,24.0,2.0,O3,28994684.85096881,302621.5722222222,88990.23620949074,23.1819
m6i.12xlarge.native-O1.0.0,true,6,106,Intel,6.1.134-152.225.amzn2023.x86_64,6,1,134,amzn,2023,2023,native,24.0,2.0,O1,30947871.131260995,310660.0,6779.0,25.7919
m6i.12xlarge.native-O1.1.0,true,6,106,Intel,6.1.134-152.225.amzn2023.x86_64,6,1,134,amzn,2023,2023,native,24.0,2.0,O1,30947871.131260995,310660.0,6779.0,26.2209
m6i.12xlarge.native-O1.2.0,true,6,106,Intel,6.1.134-152.225.amzn2023.x86_64,6,1,134,amzn,2023,2023,native,24.0,2.0,O1,30947871.131260995,310660.0,6779.0,26.1081
m6i.12xlarge.broadwell-O3.0.0,true,6,106,Intel,6.1.134-152.225.amzn2023.x86_64,6,1,134,amzn,2023,2023,broadwell,24.0,2.0,O3,67348340.1081901,542866.7299106169,264917.646181746,25.9357
m6i.12xlarge.broadwell-O3.1.0,true,6,106,Intel,6.1.134-152.225.amzn2023.x86_64,6,1,134,amzn,2023,2023,broadwell,24.0,2.0,O3,67348340.1081901,542866.7299106169,264917.646181746,27.7669
m6i.12xlarge.broadwell-O3.2.0,true,6,106,Intel,6.1.134-152.225.amzn2023.x86_64,6,1,134,amzn,2023,2023,broadwell,24.0,2.0,O3,67348340.1081901,542866.7299106169,264917.646181746,27.094
r6i.8xlarge.znver3-Os.0.0,true,6,106,Intel,5.10.236-228.935.amzn2.x86_64,5,10,236,amzn,2,2,znver3,16.0,2.0,Os,281029619.9652826,83418.0,1784.0,19.9032
r6i.8xlarge.znver3-Os.1.0,true,6,106,Intel,5.10.236-228.935.amzn2.x86_64,5,10,236,amzn,2,2,znver3,16.0,2.0,Os,281029619.9652826,83418.0,1784.0,21.0787
r6i.8xlarge.znver3-Os.2.0,true,6,106,Intel,5.10.236-228.935.amzn2.x86_64,5,10,236,amzn,2,2,znver3,16.0,2.0,Os,281029619.9652826,83418.0,1784.0,21.1692
m6a.12xlarge.znver4-Og.0.0,true,25,1,AMD,6.1.134-152.225.amzn2023.x86_64,6,1,134,amzn,2023,2023,znver4,24.0,2.0,Og,3700068333.9615827,194956.0,8580.0,11.6749
m6a.12xlarge.znver4-Og.1.0,true,25,1,AMD,6.1.134-152.225.amzn2023.x86_64,6,1,134,amzn,2023,2023,znver4,24.0,2.0,Og,3700068333.9615827,194956.0,8580.0,11.0184
m6a.12xlarge.znver4-Og.2.0,true,25,1,AMD,6.1.134-152.225.amzn2023.x86_64,6,1,134,amzn,2023,2023,znver4,24.0,2.0,Og,3700068333.9615827,194956.0,8580.0,13.256
m6a.12xlarge.haswell-O0.0.0,true,25,1,AMD,6.1.134-152.225.amzn2023.x86_64,6,1,134,amzn,2023,2023,haswell,24.0,2.0,O0,2020600592.3114028,1242365.1792312425,655397.1171291977,12.0378
m6a.12xlarge.haswell-O0.1.0,true,25,1,AMD,6.1.134-152.225.amzn2023.x86_64,6,1,134,amzn,2023,2023,haswell,24.0,2.0,O0,2020600592.3114028,1242365.1792312425,655397.1171291977,12.6358
m6a.12xlarge.haswell-O0.2.0,true,25,1,AMD,6.1.134-152.225.amzn2023.x86_64,6,1,134,amzn,2023,2023,haswell,24.0,2.0,O0,2020600592.3114028,1242365.1792312425,655397.1171291977,13.0023
m6a.12xlarge.znver1-O0.0.0,true,25,1,AMD,6.1.134-152.225.amzn2023.x86_64,6,1,134,amzn,2023,2023,znver1,24.0,2.0,O0,1978750724.1121058,1003070.2747999852,522140.27467067086,12.4595
m6a.12xlarge.znver1-O0.1.0,true,25,1,AMD,6.1.134-152.225.amzn2023.x86_64,6,1,134,amzn,2023,2023,znver1,24.0,2.0,O0,1978750724.1121058,1003070.2747999852,522140.27467067086,12.8908
m6a.12xlarge.znver1-O0.2.0,true,25,1,AMD,6.1.134-152.225.amzn2023.x86_64,6,1,134,amzn,2023,2023,znver1,24.0,2.0,O0,1978750724.1121058,1003070.2747999852,522140.27467067086,13.0163
m6a.12xlarge.skylake-O1.0.0,true,25,1,AMD,6.1.134-152.225.amzn2023.x86_64,6,1,134,amzn,2023,2023,skylake,24.0,2.0,O1,2418773036.0535164,79843.0,7920.0,12.4785
m6a.12xlarge.skylake-O1.1.0,true,25,1,AMD,6.1.134-152.225.amzn2023.x86_64,6,1,134,amzn,2023,2023,skylake,24.0,2.0,O1,2418773036.0535164,79843.0,7920.0,13.0474
m6a.12xlarge.skylake-O1.2.0,true,25,1,AMD,6.1.134-152.225.amzn2023.x86_64,6,1,134,amzn,2023,2023,skylake,24.0,2.0,O1,2418773036.0535164,79843.0,7920.0,12.7833
m6a.12xlarge.ivybridge-Os.0.0,true,25,1,AMD,6.1.134-152.225.amzn2023.x86_64,6,1,134,amzn,2023,2023,ivybridge,24.0,2.0,Os,2434017549.0895286,1868900.7130979833,657661.9363959718,12.7354
m6a.12xlarge.ivybridge-Os.1.0,true,25,1,AMD,6.1.134-152.225.amzn2023.x86_64,6,1,134,amzn,2023,2023,ivybridge,24.0,2.0,Os,2434017549.0895286,1868900.7130979833,657661.9363959718,13.5835
m6a.12xlarge.ivybridge-Os.2.0,true,25,1,AMD,6.1.134-152.225.amzn2023.x86_64,6,1,134,amzn,2023,2023,ivybridge,24.0,2.0,Os,2434017549.0895286,1868900.7130979833,657661.9363959718,13.6742
m6a.12xlarge.haswell-Ofast.0.0,true,25,1,AMD,6.1.134-152.225.amzn2023.x86_64,6,1,134,amzn,2023,2023,haswell,24.0,2.0,Ofast,2332344015.265512,2056883.6055822598,1415716.4959778155,13.1465
m6a.12xlarge.haswell-Ofast.1.0,true,25,1,AMD,6.1.134-152.225.amzn2023.x86_64,6,1,134,amzn,2023,2023,haswell,24.0,2.0,Ofast,2332344015.265512,2056883.6055822598,1415716.4959778155,12.9924
m6a.12xlarge.haswell-Ofast.2.0,true,25,1,AMD,6.1.134-152.225.amzn2023.x86_64,6,1,134,amzn,2023,2023,haswell,24.0,2.0,Ofast,2332344015.265512,2056883.6055822598,1415716.4959778155,13.0717
m6a.12xlarge.znver2-O3.0.0,true,25,1,AMD,6.1.134-152.225.amzn2023.x86_64,6,1,134,amzn,2023,2023,znver2,24.0,2.0,O3,3202773116.662985,33011.0,2210.0,10.3137
m6a.12xlarge.znver2-O3.1.0,true,25,1,AMD,6.1.134-152.225.amzn2023.x86_64,6,1,134,amzn,2023,2023,znver2,24.0,2.0,O3,3202773116.662985,33011.0,2210.0,13.0999
m6a.12xlarge.znver2-O3.2.0,true,25,1,AMD,6.1.134-152.225.amzn2023.x86_64,6,1,134,amzn,2023,2023,znver2,24.0,2.0,O3,3202773116.662985,33011.0,2210.0,13.1589
m6a.12xlarge.x86-64-v3-Os.0.0,true,25,1,AMD,6.1.134-152.225.amzn2023.x86_64,6,1,134,amzn,2023,2023,x86-64-v3,24.0,2.0,Os,2704672057.230312,2246162.590962451,1218410.6545596225,13.5949
m6a.12xlarge.x86-64-v3-Os.1.0,true,25,1,AMD,6.1.134-152.225.amzn2023.x86_64,6,1,134,amzn,2023,2023,x86-64-v3,24.0,2.0,Os,2704672057.230312,2246162.590962451,1218410.6545596225,12.9499
m6a.12xlarge.x86-64-v3-Os.2.0,true,25,1,AMD,6.1.134-152.225.amzn2023.x86_64,6,1,134,amzn,2023,2023,x86-64-v3,24.0,2.0,Os,2704672057.230312,2246162.590962451,1218410.6545596225,13.1988
m6a.12xlarge.znver3-O1.0.0,true,25,1,AMD,6.1.134-152.225.amzn2023.x86_64,6,1,134,amzn,2023,2023,znver3,24.0,2.0,O1,2235912675.6667438,2451785.48775268,1471637.569118857,12.8569
m6a.12xlarge.znver3-O1.1.0,true,25,1,AMD,6.1.134-152.225.amzn2023.x86_64,6,1,134,amzn,2023,2023,znver3,24.0,2.0,O1,2235912675.6667438,2451785.48775268,1471637.569118857,13.048
m6a.12xlarge.znver3-O1.2.0,true,25,1,AMD,6.1.134-152.225.amzn2023.x86_64,6,1,134,amzn,2023,2023,znver3,24.0,2.0,O1,2235912675.6667438,2451785.48775268,1471637.569118857,13.0595
m6a.12xlarge.haswell-O2.0.0,true,25,1,AMD,6.1.134-152.225.amzn2023.x86_64,6,1,134,amzn,2023,2023,haswell,24.0,2.0,O2,2268144310.825827,1831520.7660009766,885211.0474707696,12.9897
m6a.12xlarge.haswell-O2.1.0,true,25,1,AMD,6.1.134-152.225.amzn2023.x86_64,6,1,134,amzn,2023,2023,haswell,24.0,2.0,O2,2268144310.825827,1831520.7660009766,885211.0474707696,13.1053
m6a.12xlarge.haswell-O2.2.0,true,25,1,AMD,6.1.134-152.225.amzn2023.x86_64,6,1,134,amzn,2023,2023,haswell,24.0,2.0,O2,2268144310.825827,1831520.7660009766,885211.0474707696,12.8646
m6a.12xlarge.haswell-Os.0.0,true,25,1,AMD,6.1.134-152.225.amzn2023.x86_64,6,1,134,amzn,2023,2023,haswell,24.0,2.0,Os,2174310718.170454,2868732.28229623,1522210.3479818306,12.694
m6a.12xlarge.haswell-Os.1.0,true,25,1,AMD,6.1.134-152.225.amzn2023.x86_64,6,1,134,amzn,2023,2023,haswell,24.0,2.0,Os,2174310718.170454,2868732.28229623,1522210.3479818306,13.1353
m6a.12xlarge.haswell-Os.2.0,true,25,1,AMD,6.1.134-152.225.amzn2023.x86_64,6,1,134,amzn,2023,2023,haswell,24.0,2.0,Os,2174310718.170454,2868732.28229623,1522210.3479818306,13.0545
m6a.12xlarge.x86-64-v3-O3.0.0,true,25,1,AMD,6.1.134-152.225.amzn2023.x86_64,6,1,134,amzn,2023,2023,x86-64-v3,24.0,2.0,O3,2900255404.4481864,1848673.040906433,765563.0616907419,11.537
m6a.12xlarge.x86-64-v3-O3.1.0,true,25,1,AMD,6.1.134-152.225.amzn2023.x86_64,6,1,134,amzn,2023,2023,x86-64-v3,24.0,2.0,O3,2900255404.4481864,1848673.040906433,765563.0616907419,13.037
m6a.12xlarge.x86-64-v3-O3.2.0,true,25,1,AMD,6.1.134-152.225.amzn2023.x86_64,6,1,134,amzn,2023,2023,x86-64-v3,24.0,2.0,O3,2900255404.4481864,1848673.040906433,765563.0616907419,13.3012
m6a.12xlarge.znver1-Os.0.0,true,25,1,AMD,6.1.134-152.225.amzn2023.x86_64,6,1,134,amzn,2023,2023,znver1,24.0,2.0,Os,3401853327.288269,8215.0,4255.5,12.2714
m6a.12xlarge.znver1-Os.1.0,true,25,1,AMD,6.1.134-152.225.amzn2023.x86_64,6,1,134,amzn,2023,2023,znver1,24.0,2.0,Os,3401853327.288269,8215.0,4255.5,13.2123
m6a.12xlarge.znver1-Os.2.0,true,25,1,AMD,6.1.134-152.225.amzn2023.x86_64,6,1,134,amzn,2023,2023,znver1,24.0,2.0,Os,3401853327.288269,8215.0,4255.5,13.2798
m6a.12xlarge.sandybridge-O1.0.0,true,25,1,AMD,6.1.134-152.225.amzn2023.x86_64,6,1,134,amzn,2023,2023,sandybridge,24.0,2.0,O1,2378157481.472623,2137639.568369068,1295303.2494591586,13.4049
m6a.12xlarge.sandybridge-O1.1.0,true,25,1,AMD,6.1.134-152.225.amzn2023.x86_64,6,1,134,amzn,2023,2023,sandybridge,24.0,2.0,O1,2378157481.472623,2137639.568369068,1295303.2494591586,13.0624
m6a.12xlarge.sandybridge-O1.2.0,true,25,1,AMD,6.1.134-152.225.amzn2023.x86_64,6,1,134,amzn,2023,2023,sandybridge,24.0,2.0,O1,2378157481.472623,2137639.568369068,1295303.2494591586,13.0481
m6a.12xlarge.x86-64-v2-O0.0.0,true,25,1,AMD,6.1.134-152.225.amzn2023.x86_64,6,1,134,amzn,2023,2023,x86-64-v2,24.0,2.0,O0,2956550911.432944,1130217.7789241045,572812.9176522539,11.6182
m6a.12xlarge.x86-64-v2-O0.1.0,true,25,1,AMD,6.1.134-152.225.amzn2023.x86_64,6,1,134,amzn,2023,2023,x86-64-v2,24.0,2.0,O0,2956550911.432944,1130217.7789241045,572812.9176522539,12.9915
m6a.12xlarge.x86-64-v2-O0.2.0,true,25,1,AMD,6.1.134-152.225.amzn2023.x86_64,6,1,134,amzn,2023,2023,x86-64-v2,24.0,2.0,O0,2956550911.432944,1130217.7789241045,572812.9176522539,12.9378
m6a.12xlarge.skylake-Og.0.0,true,25,1,AMD,6.1.134-152.225.amzn2023.x86_64,6,1,134,amzn,2023,2023,skylake,24.0,2.0,Og,2811641220.6159678,2010179.9392037988,998837.9026690425,12.5366
m6a.12xlarge.skylake-Og.1.0,true,25,1,AMD,6.1.134-152.225.amzn2023.x86_64,6,1,134,amzn,2023,2023,skylake,24.0,2.0,Og,2811641220.6159678,2010179.9392037988,998837.9026690425,13.1266
m6a.12xlarge.skylake-Og.2.0,true,25,1,AMD,6.1.134-152.225.amzn2023.x86_64,6,1,134,amzn,2023,2023,skylake,24.0,2.0,Og,2811641220.6159678,2010179.9392037988,998837.9026690425,13.3421
m6a.12xlarge.ivybridge-O3.0.0,true,25,1,AMD,6.1.134-152.225.amzn2023.x86_64,6,1,134,amzn,2023,2023,ivybridge,24.0,2.0,O3,2658527641.4937916,2051178.1994324648,1029053.7327970457,10.6252
m6a.12xlarge.ivybridge-O3.1.0,true,25,1,AMD,6.1.134-152.225.amzn2023.x86_64,6,1,134,amzn,2023,2023,ivybridge,24.0,2.0,O3,2658527641.4937916,2051178.1994324648,1029053.7327970457,13.4656
m6a.12xlarge.ivybridge-O3.2.0,true,25,1,AMD,6.1.134-152.225.amzn2023.x86_64,6,1,134,amzn,2023,2023,ivybridge,24.0,2.0,O3,2658527641.4937916,2051178.1994324648,1029053.7327970457,12.976
m6a.12xlarge.broadwell-Ofast.0.0,true,25,1,AMD,6.1.134-152.225.amzn2023.x86_64,6,1,134,amzn,2023,2023,broadwell,24.0,2.0,Ofast,1555345252.9947727,1823308.4359799353,878005.296115851,12.7444
m6a.12xlarge.broadwell-Ofast.1.0,true,25,1,AMD,6.1.134-152.225.amzn2023.x86_64,6,1,134,amzn,2023,2023,broadwell,24.0,2.0,Ofast,1555345252.9947727,1823308.4359799353,878005.296115851,13.0714
m6a.12xlarge.broadwell-Ofast.2.0,true,25,1,AMD,6.1.134-152.225.amzn2023.x86_64,6,1,134,amzn,2023,2023,broadwell,24.0,2.0,Ofast,1555345252.9947727,1823308.4359799353,878005.296115851,13.036
m6a.12xlarge.znver4-O2.0.0,true,25,1,AMD,6.1.134-152.225.amzn2023.x86_64,6,1,134,amzn,2023,2023,znver4,24.0,2.0,O2,2849668679.704908,1523045.795636061,877870.970108533,12.3867
m6a.12xlarge.znver4-O2.1.0,true,25,1,AMD,6.1.134-152.225.amzn2023.x86_64,6,1,134,amzn,2023,2023,znver4,24.0,2.0,O2,2849668679.704908,1523045.795636061,877870.970108533,13.2459
m6a.12xlarge.znver4-O2.2.0,true,25,1,AMD,6.1.134-152.225.amzn2023.x86_64,6,1,134,amzn,2023,2023,znver4,24.0,2.0,O2,2849668679.704908,1523045.795636061,877870.970108533,12.9153
m6a.12xlarge.znver3-Os.0.0,true,25,1,AMD,6.1.134-152.225.amzn2023.x86_64,6,1,134,amzn,2023,2023,znver3,24.0,2.0,Os,2149648804.5774407,962260.996371882,407278.5551020409,12.8037
m6a.12xlarge.znver3-Os.1.0,true,25,1,AMD,6.1.134-152.225.amzn2023.x86_64,6,1,134,amzn,2023,2023,znver3,24.0,2.0,Os,2149648804.5774407,962260.996371882,407278.5551020409,13.6963
m6a.12xlarge.znver3-Os.2.0,true,25,1,AMD,6.1.134-152.225.amzn2023.x86_64,6,1,134,amzn,2023,2023,znver3,24.0,2.0,Os,2149648804.5774407,962260.996371882,407278.5551020409,13.2206
m6a.12xlarge.znver1-O1.0.0,true,25,1,AMD,6.1.134-152.225.amzn2023.x86_64,6,1,134,amzn,2023,2023,znver1,24.0,2.0,O1,2864365809.83017,1681784.6222883598,810512.9624999999,12.6323
m6a.12xlarge.znver1-O1.1.0,true,25,1,AMD,6.1.134-152.225.amzn2023.x86_64,6,1,134,amzn,2023,2023,znver1,24.0,2.0,O1,2864365809.83017,1681784.6222883598,810512.9624999999,13.0292
m6a.12xlarge.znver1-O1.2.0,true,25,1,AMD,6.1.134-152.225.amzn2023.x86_64,6,1,134,amzn,2023,2023,znver1,24.0,2.0,O1,2864365809.83017,1681784.6222883598,810512.9624999999,13.3174
m6a.12xlarge.sandybridge-Os.0.0,true,25,1,AMD,6.1.134-152.225.amzn2023.x86_64,6,1,134,amzn,2023,2023,sandybridge,24.0,2.0,Os,2341303040.194475,2301367.6484538945,1049113.6407344479,12.7756
m6a.12xlarge.sandybridge-Os.1.0,true,25,1,AMD,6.1.134-152.225.amzn2023.x86_64,6,1,134,amzn,2023,2023,sandybridge,24.0,2.0,Os,2341303040.194475,2301367.6484538945,1049113.6407344479,13.0619
m6a.12xlarge.sandybridge-Os.2.0,true,25,1,AMD,6.1.134-152.225.amzn2023.x86_64,6,1,134,amzn,2023,2023,sandybridge,24.0,2.0,Os,2341303040.194475,2301367.6484538945,1049113.6407344479,12.7092
m6a.12xlarge.btver2-Os.0.0,true,25,1,AMD,6.1.134-152.225.amzn2023.x86_64,6,1,134,amzn,2023,2023,btver2,24.0,2.0,Os,2679663380.6171,1692858.0201426183,955233.2894879784,10.1433
m6a.12xlarge.btver2-Os.1.0,true,25,1,AMD,6.1.134-152.225.amzn2023.x86_64,6,1,134,amzn,2023,2023,btver2,24.0,2.0,Os,2679663380.6171,1692858.0201426183,955233.2894879784,13.1708
m6a.12xlarge.btver2-Os.2.0,true,25,1,AMD,6.1.134-152.225.amzn2023.x86_64,6,1,134,amzn,2023,2023,btver2,24.0,2.0,Os,2679663380.6171,1692858.0201426183,955233.2894879784,13.4556
m6a.12xlarge.znver2-Os.0.0,true,25,1,AMD,6.1.134-152.225.amzn2023.x86_64,6,1,134,amzn,2023,2023,znver2,24.0,2.0,Os,2546398993.043848,1271173.0957456955,511823.0157063943,13.4323
m6a.12xlarge.znver2-Os.1.0,true,25,1,AMD,6.1.134-152.225.amzn2023.x86_64,6,1,134,amzn,2023,2023,znver2,24.0,2.0,Os,2546398993.043848,1271173.0957456955,511823.0157063943,13.1309
m6a.12xlarge.znver2-Os.2.0,true,25,1,AMD,6.1.134-152.225.amzn2023.x86_64,6,1,134,amzn,2023,2023,znver2,24.0,2.0,Os,2546398993.043848,1271173.0957456955,511823.0157063943,12.7365
m6a.12xlarge.znver3-Ofast.0.0,true,25,1,AMD,6.1.134-152.225.amzn2023.x86_64,6,1,134,amzn,2023,2023,znver3,24.0,2.0,Ofast,3950828552.956334,42002.0,1660.0,9.72518
m6a.12xlarge.znver3-Ofast.1.0,true,25,1,AMD,6.1.134-152.225.amzn2023.x86_64,6,1,134,amzn,2023,2023,znver3,24.0,2.0,Ofast,3950828552.956334,42002.0,1660.0,12.9808
m6a.12xlarge.znver3-Ofast.2.0,true,25,1,AMD,6.1.134-152.225.amzn2023.x86_64,6,1,134,amzn,2023,2023,znver3,24.0,2.0,Ofast,3950828552.956334,42002.0,1660.0,13.0406
m6a.12xlarge.broadwell-Os.0.0,true,25,1,AMD,6.1.134-152.225.amzn2023.x86_64,6,1,134,amzn,2023,2023,broadwell,24.0,2.0,Os,3703051592.9875894,70962.0,745162.0,12.9759
m6a.12xlarge.broadwell-Os.1.0,true,25,1,AMD,6.1.134-152.225.amzn2023.x86_64,6,1,134,amzn,2023,2023,broadwell,24.0,2.0,Os,3703051592.9875894,70962.0,745162.0,12.4578
m6a.12xlarge.broadwell-Os.2.0,true,25,1,AMD,6.1.134-152.225.amzn2023.x86_64,6,1,134,amzn,2023,2023,broadwell,24.0,2.0,Os,3703051592.9875894,70962.0,745162.0,12.9952
m6a.12xlarge.znver3-O3.0.0,true,25,1,AMD,6.1.134-152.225.amzn2023.x86_64,6,1,134,amzn,2023,2023,znver3,24.0,2.0,O3,3994166379.0793877,1950397.3072216513,810774.3017149564,12.8565
m6a.12xlarge.znver3-O3.1.0,true,25,1,AMD,6.1.134-152.225.amzn2023.x86_64,6,1,134,amzn,2023,2023,znver3,24.0,2.0,O3,3994166379.0793877,1950397.3072216513,810774.3017149564,13.1412
m6a.12xlarge.znver3-O3.2.0,true,25,1,AMD,6.1.134-152.225.amzn2023.x86_64,6,1,134,amzn,2023,2023,znver3,24.0,2.0,O3,3994166379.0793877,1950397.3072216513,810774.3017149564,13.1275
m6a.12xlarge.haswell-O3.0.0,true,25,1,AMD,6.1.134-152.225.amzn2023.x86_64,6,1,134,amzn,2023,2023,haswell,24.0,2.0,O3,1408311034.8594356,1366432.0,53972.0,12.0105
m6a.12xlarge.haswell-O3.1.0,true,25,1,AMD,6.1.134-152.225.amzn2023.x86_64,6,1,134,amzn,2023,2023,haswell,24.0,2.0,O3,1408311034.8594356,1366432.0,53972.0,10.9223
m6a.12xlarge.haswell-O3.2.0,true,25,1,AMD,6.1.134-152.225.amzn2023.x86_64,6,1,134,amzn,2023,2023,haswell,24.0,2.0,O3,1408311034.8594356,1366432.0,53972.0,13.3954
m6a.12xlarge.znver3-O0.0.0,true,25,1,AMD,6.1.134-152.225.amzn2023.x86_64,6,1,134,amzn,2023,2023,znver3,24.0,2.0,O0,2882370467.803592,1660268.5470416863,706296.9868731148,11.178
m6a.12xlarge.znver3-O0.1.0,true,25,1,AMD,6.1.134-152.225.amzn2023.x86_64,6,1,134,amzn,2023,2023,znver3,24.0,2.0,O0,2882370467.803592,1660268.5470416863,706296.9868731148,12.7881
m6a.12xlarge.znver3-O0.2.0,true,25,1,AMD,6.1.134-152.225.amzn2023.x86_64,6,1,134,amzn,2023,2023,znver3,24.0,2.0,O0,2882370467.803592,1660268.5470416863,706296.9868731148,12.9405
m6a.12xlarge.sapphirerapids-O0.0.0,true,25,1,AMD,6.1.134-152.225.amzn2023.x86_64,6,1,134,amzn,2023,2023,sapphirerapids,24.0,2.0,O0,1964293640.3377762,265109.0,8740.0,11.4095
m6a.12xlarge.sapphirerapids-O0.1.0,true,25,1,AMD,6.1.134-152.225.amzn2023.x86_64,6,1,134,amzn,2023,2023,sapphirerapids,24.0,2.0,O0,1964293640.3377762,265109.0,8740.0,10.4248
m6a.12xlarge.sapphirerapids-O0.2.0,true,25,1,AMD,6.1.134-152.225.amzn2023.x86_64,6,1,134,amzn,2023,2023,sapphirerapids,24.0,2.0,O0,1964293640.3377762,265109.0,8740.0,13.1323
m6a.12xlarge.haswell-Og.0.0,true,25,1,AMD,6.1.134-152.225.amzn2023.x86_64,6,1,134,amzn,2023,2023,haswell,24.0,2.0,Og,4066395036.1948986,1629346.7094203688,672365.6659172904,10.565
m6a.12xlarge.haswell-Og.1.0,true,25,1,AMD,6.1.134-152.225.amzn2023.x86_64,6,1,134,amzn,2023,2023,haswell,24.0,2.0,Og,4066395036.1948986,1629346.7094203688,672365.6659172904,13.0867
m6a.12xlarge.haswell-Og.2.0,true,25,1,AMD,6.1.134-152.225.amzn2023.x86_64,6,1,134,amzn,2023,2023,haswell,24.0,2.0,Og,4066395036.1948986,1629346.7094203688,672365.6659172904,12.8275
m6a.12xlarge.znver1-Og.0.0,true,25,1,AMD,6.1.134-152.225.amzn2023.x86_64,6,1,134,amzn,2023,2023,znver1,24.0,2.0,Og,2426036818.2058463,202756.0,1610.0,12.9892
m6a.12xlarge.znver1-Og.1.0,true,25,1,AMD,6.1.134-152.225.amzn2023.x86_64,6,1,134,amzn,2023,2023,znver1,24.0,2.0,Og,2426036818.2058463,202756.0,1610.0,13.0374
m6a.12xlarge.znver1-Og.2.0,true,25,1,AMD,6.1.134-152.225.amzn2023.x86_64,6,1,134,amzn,2023,2023,znver1,24.0,2.0,Og,2426036818.2058463,202756.0,1610.0,13.0889
m6a.12xlarge.ivybridge-Ofast.0.0,true,25,1,AMD,6.1.134-152.225.amzn2023.x86_64,6,1,134,amzn,2023,2023,ivybridge,24.0,2.0,Ofast,3950509509.425149,4489019.393522237,2399062.359601187,12.9465
m6a.12xlarge.ivybridge-Ofast.1.0,true,25,1,AMD,6.1.134-152.225.amzn2023.x86_64,6,1,134,amzn,2023,2023,ivybridge,24.0,2.0,Ofast,3950509509.425149,4489019.393522237,2399062.359601187,13.0837
m6a.12xlarge.ivybridge-Ofast.2.0,true,25,1,AMD,6.1.134-152.225.amzn2023.x86_64,6,1,134,amzn,2023,2023,ivybridge,24.0,2.0,Ofast,3950509509.425149,4489019.393522237,2399062.359601187,13.1006
m6a.12xlarge.znver1-Ofast.0.0,true,25,1,AMD,6.1.134-152.225.amzn2023.x86_64,6,1,134,amzn,2023,2023,znver1,24.0,2.0,Ofast,3583328807.546593,58942.0,42401.0,9.952
m6a.12xlarge.znver1-Ofast.1.0,true,25,1,AMD,6.1.134-152.225.amzn2023.x86_64,6,1,134,amzn,2023,2023,znver1,24.0,2.0,Ofast,3583328807.546593,58942.0,42401.0,13.7219
m6a.12xlarge.znver1-Ofast.2.0,true,25,1,AMD,6.1.134-152.225.amzn2023.x86_64,6,1,134,amzn,2023,2023,znver1,24.0,2.0,Ofast,3583328807.546593,58942.0,42401.0,13.6357
m6a.12xlarge.btver2-Ofast.0.0,true,25,1,AMD,6.1.134-152.225.amzn2023.x86_64,6,1,134,amzn,2023,2023,btver2,24.0,2.0,Ofast,1759749578.9885347,1815078.937164366,998105.116090063,12.9398
m6a.12xlarge.btver2-Ofast.1.0,true,25,1,AMD,6.1.134-152.225.amzn2023.x86_64,6,1,134,amzn,2023,2023,btver2,24.0,2.0,Ofast,1759749578.9885347,1815078.937164366,998105.116090063,13.059
m6a.12xlarge.btver2-Ofast.2.0,true,25,1,AMD,6.1.134-152.225.amzn2023.x86_64,6,1,134,amzn,2023,2023,btver2,24.0,2.0,Ofast,1759749578.9885347,1815078.937164366,998105.116090063,13.2866
m6a.12xlarge.znver4-Ofast.0.0,true,25,1,AMD,6.1.134-152.225.amzn2023.x86_64,6,1,134,amzn,2023,2023,znver4,24.0,2.0,Ofast,2048493066.1785128,2590036.002157556,1234717.9241831894,12.8422
m6a.12xlarge.znver4-Ofast.1.0,true,25,1,AMD,6.1.134-152.225.amzn2023.x86_64,6,1,134,amzn,2023,2023,znver4,24.0,2.0,Ofast,2048493066.1785128,2590036.002157556,1234717.9241831894,12.8191
m6a.12xlarge.znver4-Ofast.2.0,true,25,1,AMD,6.1.134-152.225.amzn2023.x86_64,6,1,134,amzn,2023,2023,znver4,24.0,2.0,Ofast,2048493066.1785128,2590036.002157556,1234717.9241831894,13.2139
m6a.12xlarge.skylake-Ofast.0.0,true,25,1,AMD,6.1.134-152.225.amzn2023.x86_64,6,1,134,amzn,2023,2023,skylake,24.0,2.0,Ofast,3810692786.3572435,354470.9715625986,268401.3638924008,11.6565
m6a.12xlarge.skylake-Ofast.1.0,true,25,1,AMD,6.1.134-152.225.amzn2023.x86_64,6,1,134,amzn,2023,2023,skylake,24.0,2.0,Ofast,3810692786.3572435,354470.9715625986,268401.3638924008,13.1582
m6a.12xlarge.skylake-Ofast.2.0,true,25,1,AMD,6.1.134-152.225.amzn2023.x86_64,6,1,134,amzn,2023,2023,skylake,24.0,2.0,Ofast,3810692786.3572435,354470.9715625986,268401.3638924008,13.0489
m6a.12xlarge.x86-64-v3-O2.0.0,true,25,1,AMD,6.1.134-152.225.amzn2023.x86_64,6,1,134,amzn,2023,2023,x86-64-v3,24.0,2.0,O2,2902552246.8027053,2593383.449193964,1534863.441519149,12.6573
m6a.12xlarge.x86-64-v3-O2.1.0,true,25,1,AMD,6.1.134-152.225.amzn2023.x86_64,6,1,134,amzn,2023,2023,x86-64-v3,24.0,2.0,O2,2902552246.8027053,2593383.449193964,1534863.441519149,13.3914
m6a.12xlarge.x86-64-v3-O2.2.0,true,25,1,AMD,6.1.134-152.225.amzn2023.x86_64,6,1,134,amzn,2023,2023,x86-64-v3,24.0,2.0,O2,2902552246.8027053,2593383.449193964,1534863.441519149,13.1027
m6a.12xlarge.x86-64-v3-Ofast.0.0,true,25,1,AMD,6.1.134-152.225.amzn2023.x86_64,6,1,134,amzn,2023,2023,x86-64-v3,24.0,2.0,Ofast,3851879686.1932244,3870304.8863937915,1404963.1125406013,9.99006
m6a.12xlarge.x86-64-v3-Ofast.1.0,true,25,1,AMD,6.1.134-152.225.amzn2023.x86_64,6,1,134,amzn,2023,2023,x86-64-v3,24.0,2.0,Ofast,3851879686.1932244,3870304.8863937915,1404963.1125406013,12.6399
m6a.12xlarge.x86-64-v3-Ofast.2.0,true,25,1,AMD,6.1.134-152.225.amzn2023.x86_64,6,1,134,amzn,2023,2023,x86-64-v3,24.0,2.0,Ofast,3851879686.1932244,3870304.8863937915,1404963.1125406013,13.1596
m6a.12xlarge.znver4-O0.0.0,true,25,1,AMD,6.1.134-152.225.amzn2023.x86_64,6,1,134,amzn,2023,2023,znver4,24.0,2.0,O0,3046460310.692712,1206040.786242296,579722.9736496592,12.4798
m6a.12xlarge.znver4-O0.1.0,true,25,1,AMD,6.1.134-152.225.amzn2023.x86_64,6,1,134,amzn,2023,2023,znver4,24.0,2.0,O0,3046460310.692712,1206040.786242296,579722.9736496592,12.933
m6a.12xlarge.znver4-O0.2.0,true,25,1,AMD,6.1.134-152.225.amzn2023.x86_64,6,1,134,amzn,2023,2023,znver4,24.0,2.0,O0,3046460310.692712,1206040.786242296,579722.9736496592,12.9509
m6a.12xlarge.znver4-Os.0.0,true,25,1,AMD,6.1.134-152.225.amzn2023.x86_64,6,1,134,amzn,2023,2023,znver4,24.0,2.0,Os,2532424205.486712,1306180.0,75753.0,12.6769
m6a.12xlarge.znver4-Os.1.0,true,25,1,AMD,6.1.134-152.225.amzn2023.x86_64,6,1,134,amzn,2023,2023,znver4,24.0,2.0,Os,2532424205.486712,1306180.0,75753.0,13.2806
m6a.12xlarge.znver4-Os.2.0,true,25,1,AMD,6.1.134-152.225.amzn2023.x86_64,6,1,134,amzn,2023,2023,znver4,24.0,2.0,Os,2532424205.486712,1306180.0,75753.0,13.4055
m6a.12xlarge.skylake-O2.0.0,true,25,1,AMD,6.1.134-152.225.amzn2023.x86_64,6,1,134,amzn,2023,2023,skylake,24.0,2.0,O2,2398650774.9440265,2268214.9997847774,1053055.5591796802,13.1003
m6a.12xlarge.skylake-O2.1.0,true,25,1,AMD,6.1.134-152.225.amzn2023.x86_64,6,1,134,amzn,2023,2023,skylake,24.0,2.0,O2,2398650774.9440265,2268214.9997847774,1053055.5591796802,13.1067
m6a.12xlarge.skylake-O2.2.0,true,25,1,AMD,6.1.134-152.225.amzn2023.x86_64,6,1,134,amzn,2023,2023,skylake,24.0,2.0,O2,2398650774.9440265,2268214.9997847774,1053055.5591796802,13.0656
m6a.12xlarge.native-O0.0.0,true,25,1,AMD,6.1.134-152.225.amzn2023.x86_64,6,1,134,amzn,2023,2023,native,24.0,2.0,O0,3020571109.6763062,800931.2179732899,404493.49023323774,10.8543
m6a.12xlarge.native-O0.1.0,true,25,1,AMD,6.1.134-152.225.amzn2023.x86_64,6,1,134,amzn,2023,2023,native,24.0,2.0,O0,3020571109.6763062,800931.2179732899,404493.49023323774,12.7821
m6a.12xlarge.native-O0.2.0,true,25,1,AMD,6.1.134-152.225.amzn2023.x86_64,6,1,134,amzn,2023,2023,native,24.0,2.0,O0,3020571109.6763062,800931.2179732899,404493.49023323774,12.7808
m6a.12xlarge.sandybridge-O3.0.0,true,25,1,AMD,6.1.134-152.225.amzn2023.x86_64,6,1,134,amzn,2023,2023,sandybridge,24.0,2.0,O3,2667051394.6239057,2093775.3187416138,1088041.4706365685,12.724
m6a.12xlarge.sandybridge-O3.1.0,true,25,1,AMD,6.1.134-152.225.amzn2023.x86_64,6,1,134,amzn,2023,2023,sandybridge,24.0,2.0,O3,2667051394.6239057,2093775.3187416138,1088041.4706365685,13.3455
m6a.12xlarge.sandybridge-O3.2.0,true,25,1,AMD,6.1.134-152.225.amzn2023.x86_64,6,1,134,amzn,2023,2023,sandybridge,24.0,2.0,O3,2667051394.6239057,2093775.3187416138,1088041.4706365685,13.0804
m6a.12xlarge.skylake-Os.0.0,true,25,1,AMD,6.1.134-152.225.amzn2023.x86_64,6,1,134,amzn,2023,2023,skylake,24.0,2.0,Os,1727143552.2975595,48641.0,3570.0,13.2274
m6a.12xlarge.skylake-Os.1.0,true,25,1,AMD,6.1.134-152.225.amzn2023.x86_64,6,1,134,amzn,2023,2023,skylake,24.0,2.0,Os,1727143552.2975595,48641.0,3570.0,13.022
m6a.12xlarge.skylake-Os.2.0,true,25,1,AMD,6.1.134-152.225.amzn2023.x86_64,6,1,134,amzn,2023,2023,skylake,24.0,2.0,Os,1727143552.2975595,48641.0,3570.0,13.1228
m6a.12xlarge.znver4-O3.0.0,true,25,1,AMD,6.1.134-152.225.amzn2023.x86_64,6,1,134,amzn,2023,2023,znver4,24.0,2.0,O3,2903244344.29163,2411084.0239491016,1002630.349298915,9.32065
m6a.12xlarge.znver4-O3.1.0,true,25,1,AMD,6.1.134-152.225.amzn2023.x86_64,6,1,134,amzn,2023,2023,znver4,24.0,2.0,O3,2903244344.29163,2411084.0239491016,1002630.349298915,12.9257
m6a.12xlarge.znver4-O3.2.0,true,25,1,AMD,6.1.134-152.225.amzn2023.x86_64,6,1,134,amzn,2023,2023,znver4,24.0,2.0,O3,2903244344.29163,2411084.0239491016,1002630.349298915,13.1981
m6a.12xlarge.btver2-O3.0.0,true,25,1,AMD,6.1.134-152.225.amzn2023.x86_64,6,1,134,amzn,2023,2023,btver2,24.0,2.0,O3,1988737414.1787264,2592851.9887622255,1215408.4574798257,13.065
m6a.12xlarge.btver2-O3.1.0,true,25,1,AMD,6.1.134-152.225.amzn2023.x86_64,6,1,134,amzn,2023,2023,btver2,24.0,2.0,O3,1988737414.1787264,2592851.9887622255,1215408.4574798257,13.3603
m6a.12xlarge.btver2-O3.2.0,true,25,1,AMD,6.1.134-152.225.amzn2023.x86_64,6,1,134,amzn,2023,2023,btver2,24.0,2.0,O3,1988737414.1787264,2592851.9887622255,1215408.4574798257,13.3794
m6a.12xlarge.znver2-Ofast.0.0,true,25,1,AMD,6.1.134-152.225.amzn2023.x86_64,6,1,134,amzn,2023,2023,znver2,24.0,2.0,Ofast,1639650250.3160865,973355.5185185184,1230773.925925926,12.856
m6a.12xlarge.znver2-Ofast.1.0,true,25,1,AMD,6.1.134-152.225.amzn2023.x86_64,6,1,134,amzn,2023,2023,znver2,24.0,2.0,Ofast,1639650250.3160865,973355.5185185184,1230773.925925926,13.2683
m6a.12xlarge.znver2-Ofast.2.0,true,25,1,AMD,6.1.134-152.225.amzn2023.x86_64,6,1,134,amzn,2023,2023,znver2,24.0,2.0,Ofast,1639650250.3160865,973355.5185185184,1230773.925925926,12.9702
m6a.12xlarge.x86-64-v4-O0.0.0,true,25,1,AMD,6.1.134-152.225.amzn2023.x86_64,6,1,134,amzn,2023,2023,x86-64-v4,24.0,2.0,O0,2013464685.4296508,789903.0846563654,380001.44071484794,8.88667
m6a.12xlarge.x86-64-v4-O0.1.0,true,25,1,AMD,6.1.134-152.225.amzn2023.x86_64,6,1,134,amzn,2023,2023,x86-64-v4,24.0,2.0,O0,2013464685.4296508,789903.0846563654,380001.44071484794,12.9764
m6a.12xlarge.x86-64-v4-O0.2.0,true,25,1,AMD,6.1.134-152.225.amzn2023.x86_64,6,1,134,amzn,2023,2023,x86-64-v4,24.0,2.0,O0,2013464685.4296508,789903.0846563654,380001.44071484794,13.2619
m6a.12xlarge.x86-64-v3-O0.0.0,true,25,1,AMD,6.1.134-152.225.amzn2023.x86_64,6,1,134,amzn,2023,2023,x86-64-v3,24.0,2.0,O0,2998783219.1803236,653950.0,11021.0,13.1293
m6a.12xlarge.x86-64-v3-O0.1.0,true,25,1,AMD,6.1.134-152.225.amzn2023.x86_64,6,1,134,amzn,2023,2023,x86-64-v3,24.0,2.0,O0,2998783219.1803236,653950.0,11021.0,12.963
m6a.12xlarge.x86-64-v3-O0.2.0,true,25,1,AMD,6.1.134-152.225.amzn2023.x86_64,6,1,134,amzn,2023,2023,x86-64-v3,24.0,2.0,O0,2998783219.1803236,653950.0,11021.0,12.9436
m6a.12xlarge.x86-64-v2-Ofast.0.0,true,25,1,AMD,6.1.134-152.225.amzn2023.x86_64,6,1,134,amzn,2023,2023,x86-64-v2,24.0,2.0,Ofast,2365302232.235902,1916346.7446774533,1041120.7756174345,13.1215
m6a.12xlarge.x86-64-v2-Ofast.1.0,true,25,1,AMD,6.1.134-152.225.amzn2023.x86_64,6,1,134,amzn,2023,2023,x86-64-v2,24.0,2.0,Ofast,2365302232.235902,1916346.7446774533,1041120.7756174345,13.2189
m6a.12xlarge.x86-64-v2-Ofast.2.0,true,25,1,AMD,6.1.134-152.225.amzn2023.x86_64,6,1,134,amzn,2023,2023,x86-64-v2,24.0,2.0,Ofast,2365302232.235902,1916346.7446774533,1041120.7756174345,13.1014
m6a.12xlarge.znver2-O1.0.0,true,25,1,AMD,6.1.134-152.225.amzn2023.x86_64,6,1,134,amzn,2023,2023,znver2,24.0,2.0,O1,3890158157.9980993,12215.5,141624.0,11.9448
m6a.12xlarge.znver2-O1.1.0,true,25,1,AMD,6.1.134-152.225.amzn2023.x86_64,6,1,134,amzn,2023,2023,znver2,24.0,2.0,O1,3890158157.9980993,12215.5,141624.0,10.7403
m6a.12xlarge.znver2-O1.2.0,true,25,1,AMD,6.1.134-152.225.amzn2023.x86_64,6,1,134,amzn,2023,2023,znver2,24.0,2.0,O1,3890158157.9980993,12215.5,141624.0,13.1293
m6a.12xlarge.broadwell-Og.0.0,true,25,1,AMD,6.1.134-152.225.amzn2023.x86_64,6,1,134,amzn,2023,2023,broadwell,24.0,2.0,Og,3949099134.96488,29371.0,1900.0,10.077
m6a.12xlarge.broadwell-Og.1.0,true,25,1,AMD,6.1.134-152.225.amzn2023.x86_64,6,1,134,amzn,2023,2023,broadwell,24.0,2.0,Og,3949099134.96488,29371.0,1900.0,13.0959
m6a.12xlarge.broadwell-Og.2.0,true,25,1,AMD,6.1.134-152.225.amzn2023.x86_64,6,1,134,amzn,2023,2023,broadwell,24.0,2.0,Og,3949099134.96488,29371.0,1900.0,13.0623
m6a.12xlarge.icelake-server-O0.0.0,true,25,1,AMD,6.1.134-152.225.amzn2023.x86_64,6,1,134,amzn,2023,2023,icelake-server,24.0,2.0,O0,2189541243.0694532,39762.0,6170.0,12.4932
m6a.12xlarge.icelake-server-O0.1.0,true,25,1,AMD,6.1.134-152.225.amzn2023.x86_64,6,1,134,amzn,2023,2023,icelake-server,24.0,2.0,O0,2189541243.0694532,39762.0,6170.0,13.2621
m6a.12xlarge.icelake-server-O0.2.0,true,25,1,AMD,6.1.134-152.225.amzn2023.x86_64,6,1,134,amzn,2023,2023,icelake-server,24.0,2.0,O0,2189541243.0694532,39762.0,6170.0,13.0459
m6a.12xlarge.x86-64-v3-O1.0.0,true,25,1,AMD,6.1.134-152.225.amzn2023.x86_64,6,1,134,amzn,2023,2023,x86-64-v3,24.0,2.0,O1,3346671347.461225,1988627.1736323116,1376844.6201385434,13.4394
m6a.12xlarge.x86-64-v3-O1.1.0,true,25,1,AMD,6.1.134-152.225.amzn2023.x86_64,6,1,134,amzn,2023,2023,x86-64-v3,24.0,2.0,O1,3346671347.461225,1988627.1736323116,1376844.6201385434,13.0999
m6a.12xlarge.x86-64-v3-O1.2.0,true,25,1,AMD,6.1.134-152.225.amzn2023.x86_64,6,1,134,amzn,2023,2023,x86-64-v3,24.0,2.0,O1,3346671347.461225,1988627.1736323116,1376844.6201385434,13.1544
m6a.12xlarge.skylake-O0.0.0,true,25,1,AMD,6.1.134-152.225.amzn2023.x86_64,6,1,134,amzn,2023,2023,skylake,24.0,2.0,O0,2108861427.8976238,281988.0,13751.0,12.3491
m6a.12xlarge.skylake-O0.1.0,true,25,1,AMD,6.1.134-152.225.amzn2023.x86_64,6,1,134,amzn,2023,2023,skylake,24.0,2.0,O0,2108861427.8976238,281988.0,13751.0,12.6363
m6a.12xlarge.skylake-O0.2.0,true,25,1,AMD,6.1.134-152.225.amzn2023.x86_64,6,1,134,amzn,2023,2023,skylake,24.0,2.0,O0,2108861427.8976238,281988.0,13751.0,13.1241
m6a.12xlarge.bdver4-O1.0.0,true,25,1,AMD,6.1.134-152.225.amzn2023.x86_64,6,1,134,amzn,2023,2023,bdver4,24.0,2.0,O1,2307750207.7047534,2609459.7491469593,1284184.5953740557,12.1755
m6a.12xlarge.bdver4-O1.1.0,true,25,1,AMD,6.1.134-152.225.amzn2023.x86_64,6,1,134,amzn,2023,2023,bdver4,24.0,2.0,O1,2307750207.7047534,2609459.7491469593,1284184.5953740557,13.0428
m6a.12xlarge.bdver4-O1.2.0,true,25,1,AMD,6.1.134-152.225.amzn2023.x86_64,6,1,134,amzn,2023,2023,bdver4,24.0,2.0,O1,2307750207.7047534,2609459.7491469593,1284184.5953740557,12.7162
m6a.12xlarge.x86-64-v2-O3.0.0,true,25,1,AMD,6.1.134-152.225.amzn2023.x86_64,6,1,134,amzn,2023,2023,x86-64-v2,24.0,2.0,O3,1858354829.6313763,2557854.667527594,1307513.7048573373,12.9722
m6a.12xlarge.x86-64-v2-O3.1.0,true,25,1,AMD,6.1.134-152.225.amzn2023.x86_64,6,1,134,amzn,2023,2023,x86-64-v2,24.0,2.0,O3,1858354829.6313763,2557854.667527594,1307513.7048573373,12.4024
m6a.12xlarge.x86-64-v2-O3.2.0,true,25,1,AMD,6.1.134-152.225.amzn2023.x86_64,6,1,134,amzn,2023,2023,x86-64-v2,24.0,2.0,O3,1858354829.6313763,2557854.667527594,1307513.7048573373,13.2921
m6a.12xlarge.skylake-avx512-O0.0.0,true,25,1,AMD,6.1.134-152.225.amzn2023.x86_64,6,1,134,amzn,2023,2023,skylake-avx512,24.0,2.0,O0,2859051336.6968684,1153828.628522196,535776.9646184257,13.0558
m6a.12xlarge.skylake-avx512-O0.1.0,true,25,1,AMD,6.1.134-152.225.amzn2023.x86_64,6,1,134,amzn,2023,2023,skylake-avx512,24.0,2.0,O0,2859051336.6968684,1153828.628522196,535776.9646184257,13.3385
m6a.12xlarge.skylake-avx512-O0.2.0,true,25,1,AMD,6.1.134-152.225.amzn2023.x86_64,6,1,134,amzn,2023,2023,skylake-avx512,24.0,2.0,O0,2859051336.6968684,1153828.628522196,535776.9646184257,12.9981
m6a.12xlarge.broadwell-O2.0.0,true,25,1,AMD,6.1.134-152.225.amzn2023.x86_64,6,1,134,amzn,2023,2023,broadwell,24.0,2.0,O2,1582760459.061101,2089340.0063169666,1149734.4711324938,12.9465
m6a.12xlarge.broadwell-O2.1.0,true,25,1,AMD,6.1.134-152.225.amzn2023.x86_64,6,1,134,amzn,2023,2023,broadwell,24.0,2.0,O2,1582760459.061101,2089340.0063169666,1149734.4711324938,12.8322
m6a.12xlarge.broadwell-O2.2.0,true,25,1,AMD,6.1.134-152.225.amzn2023.x86_64,6,1,134,amzn,2023,2023,broadwell,24.0,2.0,O2,1582760459.061101,2089340.0063169666,1149734.4711324938,13.137
m6a.12xlarge.znver3-Og.0.0,true,25,1,AMD,6.1.134-152.225.amzn2023.x86_64,6,1,134,amzn,2023,2023,znver3,24.0,2.0,Og,2919652033.476035,16145.5,101293.0,12.9649
m6a.12xlarge.znver3-Og.1.0,true,25,1,AMD,6.1.134-152.225.amzn2023.x86_64,6,1,134,amzn,2023,2023,znver3,24.0,2.0,Og,2919652033.476035,16145.5,101293.0,13.1092
m6a.12xlarge.znver3-Og.2.0,true,25,1,AMD,6.1.134-152.225.amzn2023.x86_64,6,1,134,amzn,2023,2023,znver3,24.0,2.0,Og,2919652033.476035,16145.5,101293.0,13.1215
m6a.12xlarge.sandybridge-O0.0.0,true,25,1,AMD,6.1.134-152.225.amzn2023.x86_64,6,1,134,amzn,2023,2023,sandybridge,24.0,2.0,O0,2505048533.539117,1484909.9453108632,583675.0667076929,12.2753
m6a.12xlarge.sandybridge-O0.1.0,true,25,1,AMD,6.1.134-152.225.amzn2023.x86_64,6,1,134,amzn,2023,2023,sandybridge,24.0,2.0,O0,2505048533.539117,1484909.9453108632,583675.0667076929,12.9999
m6a.12xlarge.sandybridge-O0.2.0,true,25,1,AMD,6.1.134-152.225.amzn2023.x86_64,6,1,134,amzn,2023,2023,sandybridge,24.0,2.0,O0,2505048533.539117,1484909.9453108632,583675.0667076929,13.2382
m6a.12xlarge.skylake-O3.0.0,true,25,1,AMD,6.1.134-152.225.amzn2023.x86_64,6,1,134,amzn,2023,2023,skylake,24.0,2.0,O3,3180033287.882861,1775503.601941042,800400.8334775574,11.6099
m6a.12xlarge.skylake-O3.1.0,true,25,1,AMD,6.1.134-152.225.amzn2023.x86_64,6,1,134,amzn,2023,2023,skylake,24.0,2.0,O3,3180033287.882861,1775503.601941042,800400.8334775574,13.01
m6a.12xlarge.skylake-O3.2.0,true,25,1,AMD,6.1.134-152.225.amzn2023.x86_64,6,1,134,amzn,2023,2023,skylake,24.0,2.0,O3,3180033287.882861,1775503.601941042,800400.8334775574,13.396
m6a.12xlarge.ivybridge-O2.0.0,true,25,1,AMD,6.1.134-152.225.amzn2023.x86_64,6,1,134,amzn,2023,2023,ivybridge,24.0,2.0,O2,1523383383.0057037,1498925.1550594398,792244.3669504973,12.9489
m6a.12xlarge.ivybridge-O2.1.0,true,25,1,AMD,6.1.134-152.225.amzn2023.x86_64,6,1,134,amzn,2023,2023,ivybridge,24.0,2.0,O2,1523383383.0057037,1498925.1550594398,792244.3669504973,12.9828
m6a.12xlarge.ivybridge-O2.2.0,true,25,1,AMD,6.1.134-152.225.amzn2023.x86_64,6,1,134,amzn,2023,2023,ivybridge,24.0,2.0,O2,1523383383.0057037,1498925.1550594398,792244.3669504973,13.0644
m6a.12xlarge.znver4-O1.0.0,true,25,1,AMD,6.1.134-152.225.amzn2023.x86_64,6,1,134,amzn,2023,2023,znver4,24.0,2.0,O1,3103343316.767415,656890.0,75293.0,10.9429
m6a.12xlarge.znver4-O1.1.0,true,25,1,AMD,6.1.134-152.225.amzn2023.x86_64,6,1,134,amzn,2023,2023,znver4,24.0,2.0,O1,3103343316.767415,656890.0,75293.0,13.0822
m6a.12xlarge.znver4-O1.2.0,true,25,1,AMD,6.1.134-152.225.amzn2023.x86_64,6,1,134,amzn,2023,2023,znver4,24.0,2.0,O1,3103343316.767415,656890.0,75293.0,13.0475
m6a.12xlarge.ivybridge-O0.0.0,true,25,1,AMD,6.1.134-152.225.amzn2023.x86_64,6,1,134,amzn,2023,2023,ivybridge,24.0,2.0,O0,2276952552.0303984,1320192.8195450301,654885.5597658011,13.0865
m6a.12xlarge.ivybridge-O0.1.0,true,25,1,AMD,6.1.134-152.225.amzn2023.x86_64,6,1,134,amzn,2023,2023,ivybridge,24.0,2.0,O0,2276952552.0303984,1320192.8195450301,654885.5597658011,13.0329
m6a.12xlarge.ivybridge-O0.2.0,true,25,1,AMD,6.1.134-152.225.amzn2023.x86_64,6,1,134,amzn,2023,2023,ivybridge,24.0,2.0,O0,2276952552.0303984,1320192.8195450301,654885.5597658011,13.0322
m6a.12xlarge.znver3-O2.0.0,true,25,1,AMD,6.1.134-152.225.amzn2023.x86_64,6,1,134,amzn,2023,2023,znver3,24.0,2.0,O2,2464718014.4882154,247208.0,126633.0,13.0169
m6a.12xlarge.znver3-O2.1.0,true,25,1,AMD,6.1.134-152.225.amzn2023.x86_64,6,1,134,amzn,2023,2023,znver3,24.0,2.0,O2,2464718014.4882154,247208.0,126633.0,13.0239
m6a.12xlarge.znver3-O2.2.0,true,25,1,AMD,6.1.134-152.225.amzn2023.x86_64,6,1,134,amzn,2023,2023,znver3,24.0,2.0,O2,2464718014.4882154,247208.0,126633.0,13.0739
m6a.12xlarge.znver1-O3.0.0,true,25,1,AMD,6.1.134-152.225.amzn2023.x86_64,6,1,134,amzn,2023,2023,znver1,24.0,2.0,O3,2842087459.526475,1960390.5312791585,1014394.2733844384,13.063
m6a.12xlarge.znver1-O3.1.0,true,25,1,AMD,6.1.134-152.225.amzn2023.x86_64,6,1,134,amzn,2023,2023,znver1,24.0,2.0,O3,2842087459.526475,1960390.5312791585,1014394.2733844384,12.9662
m6a.12xlarge.znver1-O3.2.0,true,25,1,AMD,6.1.134-152.225.amzn2023.x86_64,6,1,134,amzn,2023,2023,znver1,24.0,2.0,O3,2842087459.526475,1960390.5312791585,1014394.2733844384,13.2938
m6a.12xlarge.znver2-O0.0.0,true,25,1,AMD,6.1.134-152.225.amzn2023.x86_64,6,1,134,amzn,2023,2023,znver2,24.0,2.0,O0,2418303643.0311327,1128040.1175127723,476852.0267298995,12.2514
m6a.12xlarge.znver2-O0.1.0,true,25,1,AMD,6.1.134-152.225.amzn2023.x86_64,6,1,134,amzn,2023,2023,znver2,24.0,2.0,O0,2418303643.0311327,1128040.1175127723,476852.0267298995,12.1751
m6a.12xlarge.znver2-O0.2.0,true,25,1,AMD,6.1.134-152.225.amzn2023.x86_64,6,1,134,amzn,2023,2023,znver2,24.0,2.0,O0,2418303643.0311327,1128040.1175127723,476852.0267298995,12.9107
m6a.12xlarge.x86-64-v2-Os.0.0,true,25,1,AMD,6.1.134-152.225.amzn2023.x86_64,6,1,134,amzn,2023,2023,x86-64-v2,24.0,2.0,Os,2404263009.7890663,1912429.56675199,1133173.6838309155,12.6226
m6a.12xlarge.x86-64-v2-Os.1.0,true,25,1,AMD,6.1.134-152.225.amzn2023.x86_64,6,1,134,amzn,2023,2023,x86-64-v2,24.0,2.0,Os,2404263009.7890663,1912429.56675199,1133173.6838309155,13.7011
m6a.12xlarge.x86-64-v2-Os.2.0,true,25,1,AMD,6.1.134-152.225.amzn2023.x86_64,6,1,134,amzn,2023,2023,x86-64-v2,24.0,2.0,Os,2404263009.7890663,1912429.56675199,1133173.6838309155,13.0236
m6a.12xlarge.bdver4-Og.0.0,true,25,1,AMD,6.1.134-152.225.amzn2023.x86_64,6,1,134,amzn,2023,2023,bdver4,24.0,2.0,Og,2357312626.9380226,2487859.560252043,1116499.5348525443,13.4606
m6a.12xlarge.bdver4-Og.1.0,true,25,1,AMD,6.1.134-152.225.amzn2023.x86_64,6,1,134,amzn,2023,2023,bdver4,24.0,2.0,Og,2357312626.9380226,2487859.560252043,1116499.5348525443,12.9717
m6a.12xlarge.bdver4-Og.2.0,true,25,1,AMD,6.1.134-152.225.amzn2023.x86_64,6,1,134,amzn,2023,2023,bdver4,24.0,2.0,Og,2357312626.9380226,2487859.560252043,1116499.5348525443,13.1063
m6a.12xlarge.btver2-O0.0.0,true,25,1,AMD,6.1.134-152.225.amzn2023.x86_64,6,1,134,amzn,2023,2023,btver2,24.0,2.0,O0,2014334700.419278,1116971.1203735645,499014.04856019554,13.0728
m6a.12xlarge.btver2-O0.1.0,true,25,1,AMD,6.1.134-152.225.amzn2023.x86_64,6,1,134,amzn,2023,2023,btver2,24.0,2.0,O0,2014334700.419278,1116971.1203735645,499014.04856019554,12.9844
m6a.12xlarge.btver2-O0.2.0,true,25,1,AMD,6.1.134-152.225.amzn2023.x86_64,6,1,134,amzn,2023,2023,btver2,24.0,2.0,O0,2014334700.419278,1116971.1203735645,499014.04856019554,13.0476
m6a.12xlarge.znver1-O2.0.0,true,25,1,AMD,6.1.134-152.225.amzn2023.x86_64,6,1,134,amzn,2023,2023,znver1,24.0,2.0,O2,3031623802.0466595,1472075.0,72502.0,12.8979
m6a.12xlarge.znver1-O2.1.0,true,25,1,AMD,6.1.134-152.225.amzn2023.x86_64,6,1,134,amzn,2023,2023,znver1,24.0,2.0,O2,3031623802.0466595,1472075.0,72502.0,13.4104
m6a.12xlarge.znver1-O2.2.0,true,25,1,AMD,6.1.134-152.225.amzn2023.x86_64,6,1,134,amzn,2023,2023,znver1,24.0,2.0,O2,3031623802.0466595,1472075.0,72502.0,12.783
m6a.12xlarge.sandybridge-O2.0.0,true,25,1,AMD,6.1.134-152.225.amzn2023.x86_64,6,1,134,amzn,2023,2023,sandybridge,24.0,2.0,O2,2853216112.304585,2157796.9192807344,1271310.2958485058,10.9709
m6a.12xlarge.sandybridge-O2.1.0,true,25,1,AMD,6.1.134-152.225.amzn2023.x86_64,6,1,134,amzn,2023,2023,sandybridge,24.0,2.0,O2,2853216112.304585,2157796.9192807344,1271310.2958485058,13.0491
m6a.12xlarge.sandybridge-O2.2.0,true,25,1,AMD,6.1.134-152.225.amzn2023.x86_64,6,1,134,amzn,2023,2023,sandybridge,24.0,2.0,O2,2853216112.304585,2157796.9192807344,1271310.2958485058,13.3175
m6a.12xlarge.haswell-O1.0.0,true,25,1,AMD,6.1.134-152.225.amzn2023.x86_64,6,1,134,amzn,2023,2023,haswell,24.0,2.0,O1,3791957767.2161565,2683233.729917473,1309280.3783085153,10.4504
m6a.12xlarge.haswell-O1.1.0,true,25,1,AMD,6.1.134-152.225.amzn2023.x86_64,6,1,134,amzn,2023,2023,haswell,24.0,2.0,O1,3791957767.2161565,2683233.729917473,1309280.3783085153,13.0575
m6a.12xlarge.haswell-O1.2.0,true,25,1,AMD,6.1.134-152.225.amzn2023.x86_64,6,1,134,amzn,2023,2023,haswell,24.0,2.0,O1,3791957767.2161565,2683233.729917473,1309280.3783085153,13.0851
m6a.12xlarge.x86-64-v3-Og.0.0,true,25,1,AMD,6.1.134-152.225.amzn2023.x86_64,6,1,134,amzn,2023,2023,x86-64-v3,24.0,2.0,Og,2815766974.109195,3729816.219117845,1514853.2489182488,10.5858
m6a.12xlarge.x86-64-v3-Og.1.0,true,25,1,AMD,6.1.134-152.225.amzn2023.x86_64,6,1,134,amzn,2023,2023,x86-64-v3,24.0,2.0,Og,2815766974.109195,3729816.219117845,1514853.2489182488,13.3699
m6a.12xlarge.x86-64-v3-Og.2.0,true,25,1,AMD,6.1.134-152.225.amzn2023.x86_64,6,1,134,amzn,2023,2023,x86-64-v3,24.0,2.0,Og,2815766974.109195,3729816.219117845,1514853.2489182488,13.0689
m6a.12xlarge.x86-64-v2-O2.0.0,true,25,1,AMD,6.1.134-152.225.amzn2023.x86_64,6,1,134,amzn,2023,2023,x86-64-v2,24.0,2.0,O2,2642252083.6983433,2051254.122679768,1306265.7517455309,10.2457
m6a.12xlarge.x86-64-v2-O2.1.0,true,25,1,AMD,6.1.134-152.225.amzn2023.x86_64,6,1,134,amzn,2023,2023,x86-64-v2,24.0,2.0,O2,2642252083.6983433,2051254.122679768,1306265.7517455309,13.4134
m6a.12xlarge.x86-64-v2-O2.2.0,true,25,1,AMD,6.1.134-152.225.amzn2023.x86_64,6,1,134,amzn,2023,2023,x86-64-v2,24.0,2.0,O2,2642252083.6983433,2051254.122679768,1306265.7517455309,13.1324
m6a.12xlarge.sandybridge-Og.0.0,true,25,1,AMD,6.1.134-152.225.amzn2023.x86_64,6,1,134,amzn,2023,2023,sandybridge,24.0,2.0,Og,2635820939.0434594,2236786.6653085323,1155348.3761219599,9.88311
m6a.12xlarge.sandybridge-Og.1.0,true,25,1,AMD,6.1.134-152.225.amzn2023.x86_64,6,1,134,amzn,2023,2023,sandybridge,24.0,2.0,Og,2635820939.0434594,2236786.6653085323,1155348.3761219599,13.1182
m6a.12xlarge.sandybridge-Og.2.0,true,25,1,AMD,6.1.134-152.225.amzn2023.x86_64,6,1,134,amzn,2023,2023,sandybridge,24.0,2.0,Og,2635820939.0434594,2236786.6653085323,1155348.3761219599,13.3783
m6a.12xlarge.ivybridge-Og.0.0,true,25,1,AMD,6.1.134-152.225.amzn2023.x86_64,6,1,134,amzn,2023,2023,ivybridge,24.0,2.0,Og,2166246547.084864,838415.0,25141.0,12.7529
m6a.12xlarge.ivybridge-Og.1.0,true,25,1,AMD,6.1.134-152.225.amzn2023.x86_64,6,1,134,amzn,2023,2023,ivybridge,24.0,2.0,Og,2166246547.084864,838415.0,25141.0,13.1396
m6a.12xlarge.ivybridge-Og.2.0,true,25,1,AMD,6.1.134-152.225.amzn2023.x86_64,6,1,134,amzn,2023,2023,ivybridge,24.0,2.0,Og,2166246547.084864,838415.0,25141.0,13.0941
m6a.12xlarge.btver2-O2.0.0,true,25,1,AMD,6.1.134-152.225.amzn2023.x86_64,6,1,134,amzn,2023,2023,btver2,24.0,2.0,O2,1944192267.7190046,1912631.3149218126,862129.5545746783,13.6524
m6a.12xlarge.btver2-O2.1.0,true,25,1,AMD,6.1.134-152.225.amzn2023.x86_64,6,1,134,amzn,2023,2023,btver2,24.0,2.0,O2,1944192267.7190046,1912631.3149218126,862129.5545746783,13.1977
m6a.12xlarge.btver2-O2.2.0,true,25,1,AMD,6.1.134-152.225.amzn2023.x86_64,6,1,134,amzn,2023,2023,btver2,24.0,2.0,O2,1944192267.7190046,1912631.3149218126,862129.5545746783,13.066
m6a.12xlarge.broadwell-O1.0.0,true,25,1,AMD,6.1.134-152.225.amzn2023.x86_64,6,1,134,amzn,2023,2023,broadwell,24.0,2.0,O1,2734660470.4573073,1437463.4710810287,630804.4577677953,11.1097
m6a.12xlarge.broadwell-O1.1.0,true,25,1,AMD,6.1.134-152.225.amzn2023.x86_64,6,1,134,amzn,2023,2023,broadwell,24.0,2.0,O1,2734660470.4573073,1437463.4710810287,630804.4577677953,13.0866
m6a.12xlarge.broadwell-O1.2.0,true,25,1,AMD,6.1.134-152.225.amzn2023.x86_64,6,1,134,amzn,2023,2023,broadwell,24.0,2.0,O1,2734660470.4573073,1437463.4710810287,630804.4577677953,13.3996
m6a.12xlarge.ivybridge-O1.0.0,true,25,1,AMD,6.1.134-152.225.amzn2023.x86_64,6,1,134,amzn,2023,2023,ivybridge,24.0,2.0,O1,3984047631.3108587,1576208.5081201994,805382.2035086997,11.8612
m6a.12xlarge.ivybridge-O1.1.0,true,25,1,AMD,6.1.134-152.225.amzn2023.x86_64,6,1,134,amzn,2023,2023,ivybridge,24.0,2.0,O1,3984047631.3108587,1576208.5081201994,805382.2035086997,13.0119
m6a.12xlarge.ivybridge-O1.2.0,true,25,1,AMD,6.1.134-152.225.amzn2023.x86_64,6,1,134,amzn,2023,2023,ivybridge,24.0,2.0,O1,3984047631.3108587,1576208.5081201994,805382.2035086997,12.9801
m6a.12xlarge.bdver4-O0.0.0,true,25,1,AMD,6.1.134-152.225.amzn2023.x86_64,6,1,134,amzn,2023,2023,bdver4,24.0,2.0,O0,2283372509.394593,1076120.0236705665,474419.76647735445,13.0862
m6a.12xlarge.bdver4-O0.1.0,true,25,1,AMD,6.1.134-152.225.amzn2023.x86_64,6,1,134,amzn,2023,2023,bdver4,24.0,2.0,O0,2283372509.394593,1076120.0236705665,474419.76647735445,13.0689
m6a.12xlarge.bdver4-O0.2.0,true,25,1,AMD,6.1.134-152.225.amzn2023.x86_64,6,1,134,amzn,2023,2023,bdver4,24.0,2.0,O0,2283372509.394593,1076120.0236705665,474419.76647735445,12.7407
m6a.12xlarge.x86-64-v2-Og.0.0,true,25,1,AMD,6.1.134-152.225.amzn2023.x86_64,6,1,134,amzn,2023,2023,x86-64-v2,24.0,2.0,Og,3251542308.85078,1628072.5385441352,658782.254526327,10.4368
m6a.12xlarge.x86-64-v2-Og.1.0,true,25,1,AMD,6.1.134-152.225.amzn2023.x86_64,6,1,134,amzn,2023,2023,x86-64-v2,24.0,2.0,Og,3251542308.85078,1628072.5385441352,658782.254526327,13.0279
m6a.12xlarge.x86-64-v2-Og.2.0,true,25,1,AMD,6.1.134-152.225.amzn2023.x86_64,6,1,134,amzn,2023,2023,x86-64-v2,24.0,2.0,Og,3251542308.85078,1628072.5385441352,658782.254526327,13.2906
m6a.12xlarge.sandybridge-Ofast.0.0,true,25,1,AMD,6.1.134-152.225.amzn2023.x86_64,6,1,134,amzn,2023,2023,sandybridge,24.0,2.0,Ofast,3848911231.655705,1634754.973620388,1045718.1820880914,12.2129
m6a.12xlarge.sandybridge-Ofast.1.0,true,25,1,AMD,6.1.134-152.225.amzn2023.x86_64,6,1,134,amzn,2023,2023,sandybridge,24.0,2.0,Ofast,3848911231.655705,1634754.973620388,1045718.1820880914,13.068
m6a.12xlarge.sandybridge-Ofast.2.0,true,25,1,AMD,6.1.134-152.225.amzn2023.x86_64,6,1,134,amzn,2023,2023,sandybridge,24.0,2.0,Ofast,3848911231.655705,1634754.973620388,1045718.1820880914,13.0208
m6a.12xlarge.znver2-Og.0.0,true,25,1,AMD,6.1.134-152.225.amzn2023.x86_64,6,1,134,amzn,2023,2023,znver2,24.0,2.0,Og,2405980016.308731,447234.0,85768.66666666667,12.8173
m6a.12xlarge.znver2-Og.1.0,true,25,1,AMD,6.1.134-152.225.amzn2023.x86_64,6,1,134,amzn,2023,2023,znver2,24.0,2.0,Og,2405980016.308731,447234.0,85768.66666666667,13.1114
m6a.12xlarge.znver2-Og.2.0,true,25,1,AMD,6.1.134-152.225.amzn2023.x86_64,6,1,134,amzn,2023,2023,znver2,24.0,2.0,Og,2405980016.308731,447234.0,85768.66666666667,12.8211
m6a.12xlarge.x86-64-v2-O1.0.0,true,25,1,AMD,6.1.134-152.225.amzn2023.x86_64,6,1,134,amzn,2023,2023,x86-64-v2,24.0,2.0,O1,1579793091.3478503,2237671.6407060223,1408656.1314404358,12.8763
m6a.12xlarge.x86-64-v2-O1.1.0,true,25,1,AMD,6.1.134-152.225.amzn2023.x86_64,6,1,134,amzn,2023,2023,x86-64-v2,24.0,2.0,O1,1579793091.3478503,2237671.6407060223,1408656.1314404358,12.8281
m6a.12xlarge.x86-64-v2-O1.2.0,true,25,1,AMD,6.1.134-152.225.amzn2023.x86_64,6,1,134,amzn,2023,2023,x86-64-v2,24.0,2.0,O1,1579793091.3478503,2237671.6407060223,1408656.1314404358,12.919
m6a.12xlarge.btver2-Og.0.0,true,25,1,AMD,6.1.134-152.225.amzn2023.x86_64,6,1,134,amzn,2023,2023,btver2,24.0,2.0,Og,3896917684.591079,1531838.542863034,405760.9006957516,10.5543
m6a.12xlarge.btver2-Og.1.0,true,25,1,AMD,6.1.134-152.225.amzn2023.x86_64,6,1,134,amzn,2023,2023,btver2,24.0,2.0,Og,3896917684.591079,1531838.542863034,405760.9006957516,13.1132
m6a.12xlarge.btver2-Og.2.0,true,25,1,AMD,6.1.134-152.225.amzn2023.x86_64,6,1,134,amzn,2023,2023,btver2,24.0,2.0,Og,3896917684.591079,1531838.542863034,405760.9006957516,13.1043
m6a.12xlarge.broadwell-O0.0.0,true,25,1,AMD,6.1.134-152.225.amzn2023.x86_64,6,1,134,amzn,2023,2023,broadwell,24.0,2.0,O0,2266600051.8504405,1183787.0588597367,714115.1084589537,12.7059
m6a.12xlarge.broadwell-O0.1.0,true,25,1,AMD,6.1.134-152.225.amzn2023.x86_64,6,1,134,amzn,2023,2023,broadwell,24.0,2.0,O0,2266600051.8504405,1183787.0588597367,714115.1084589537,13.0194
m6a.12xlarge.broadwell-O0.2.0,true,25,1,AMD,6.1.134-152.225.amzn2023.x86_64,6,1,134,amzn,2023,2023,broadwell,24.0,2.0,O0,2266600051.8504405,1183787.0588597367,714115.1084589537,12.9271
m6a.12xlarge.znver2-O2.0.0,true,25,1,AMD,6.1.134-152.225.amzn2023.x86_64,6,1,134,amzn,2023,2023,znver2,24.0,2.0,O2,3006352851.079609,3501836.5570730446,1556891.0722584073,11.0537
m6a.12xlarge.znver2-O2.1.0,true,25,1,AMD,6.1.134-152.225.amzn2023.x86_64,6,1,134,amzn,2023,2023,znver2,24.0,2.0,O2,3006352851.079609,3501836.5570730446,1556891.0722584073,13.0689
m6a.12xlarge.znver2-O2.2.0,true,25,1,AMD,6.1.134-152.225.amzn2023.x86_64,6,1,134,amzn,2023,2023,znver2,24.0,2.0,O2,3006352851.079609,3501836.5570730446,1556891.0722584073,13.1592
m6a.12xlarge.btver2-O1.0.0,true,25,1,AMD,6.1.134-152.225.amzn2023.x86_64,6,1,134,amzn,2023,2023,btver2,24.0,2.0,O1,3638781022.785599,25541.0,1640.0,9.97716
m6a.12xlarge.btver2-O1.1.0,true,25,1,AMD,6.1.134-152.225.amzn2023.x86_64,6,1,134,amzn,2023,2023,btver2,24.0,2.0,O1,3638781022.785599,25541.0,1640.0,13.1058
m6a.12xlarge.btver2-O1.2.0,true,25,1,AMD,6.1.134-152.225.amzn2023.x86_64,6,1,134,amzn,2023,2023,btver2,24.0,2.0,O1,3638781022.785599,25541.0,1640.0,13.189
m6a.12xlarge.broadwell-O3.0.0,true,25,1,AMD,6.1.134-152.225.amzn2023.x86_64,6,1,134,amzn,2023,2023,broadwell,24.0,2.0,O3,1551336488.1202796,1817940.2992689458,899162.3613356362,13.1324
m6a.12xlarge.broadwell-O3.1.0,true,25,1,AMD,6.1.134-152.225.amzn2023.x86_64,6,1,134,amzn,2023,2023,broadwell,24.0,2.0,O3,1551336488.1202796,1817940.2992689458,899162.3613356362,13.1707
m6a.12xlarge.broadwell-O3.2.0,true,25,1,AMD,6.1.134-152.225.amzn2023.x86_64,6,1,134,amzn,2023,2023,broadwell,24.0,2.0,O3,1551336488.1202796,1817940.2992689458,899162.3613356362,13.1137
r6a.12xlarge.znver4-Og.0.0,true,25,1,AMD,6.1.134-152.225.amzn2023.x86_64,6,1,134,amzn,2023,2023,znver4,24.0,2.0,Og,3206284681.58704,2044790.7127585616,1023581.7484330625,11.922
r6a.12xlarge.znver4-Og.1.0,true,25,1,AMD,6.1.134-152.225.amzn2023.x86_64,6,1,134,amzn,2023,2023,znver4,24.0,2.0,Og,3206284681.58704,2044790.7127585616,1023581.7484330625,13.356
r6a.12xlarge.znver4-Og.2.0,true,25,1,AMD,6.1.134-152.225.amzn2023.x86_64,6,1,134,amzn,2023,2023,znver4,24.0,2.0,Og,3206284681.58704,2044790.7127585616,1023581.7484330625,13.3747
r6a.12xlarge.haswell-O0.0.0,true,25,1,AMD,6.1.134-152.225.amzn2023.x86_64,6,1,134,amzn,2023,2023,haswell,24.0,2.0,O0,2008507868.7484648,844197.290395366,384965.29378929257,12.5303
r6a.12xlarge.haswell-O0.1.0,true,25,1,AMD,6.1.134-152.225.amzn2023.x86_64,6,1,134,amzn,2023,2023,haswell,24.0,2.0,O0,2008507868.7484648,844197.290395366,384965.29378929257,13.3942
r6a.12xlarge.haswell-O0.2.0,true,25,1,AMD,6.1.134-152.225.amzn2023.x86_64,6,1,134,amzn,2023,2023,haswell,24.0,2.0,O0,2008507868.7484648,844197.290395366,384965.29378929257,13.2142
r6a.12xlarge.znver1-O0.0.0,true,25,1,AMD,6.1.134-152.225.amzn2023.x86_64,6,1,134,amzn,2023,2023,znver1,24.0,2.0,O0,2026921669.113652,957876.0541232207,443808.55094217317,12.5665
r6a.12xlarge.znver1-O0.1.0,true,25,1,AMD,6.1.134-152.225.amzn2023.x86_64,6,1,134,amzn,2023,2023,znver1,24.0,2.0,O0,2026921669.113652,957876.0541232207,443808.55094217317,12.7158
r6a.12xlarge.znver1-O0.2.0,true,25,1,AMD,6.1.134-152.225.amzn2023.x86_64,6,1,134,amzn,2023,2023,znver1,24.0,2.0,O0,2026921669.113652,957876.0541232207,443808.55094217317,13.5971
r6a.12xlarge.skylake-O1.0.0,true,25,1,AMD,6.1.134-152.225.amzn2023.x86_64,6,1,134,amzn,2023,2023,skylake,24.0,2.0,O1,2375124483.689042,1631370.0833333335,1328082.7047486324,13.7149
r6a.12xlarge.skylake-O1.1.0,true,25,1,AMD,6.1.134-152.225.amzn2023.x86_64,6,1,134,amzn,2023,2023,skylake,24.0,2.0,O1,2375124483.689042,1631370.0833333335,1328082.7047486324,13.9324
r6a.12xlarge.skylake-O1.2.0,true,25,1,AMD,6.1.134-152.225.amzn2023.x86_64,6,1,134,amzn,2023,2023,skylake,24.0,2.0,O1,2375124483.689042,1631370.0833333335,1328082.7047486324,13.4976
r6a.12xlarge.ivybridge-Os.0.0,true,25,1,AMD,6.1.134-152.225.amzn2023.x86_64,6,1,134,amzn,2023,2023,ivybridge,24.0,2.0,Os,2195294941.282532,42441.0,4150.0,10.6644
r6a.12xlarge.ivybridge-Os.1.0,true,25,1,AMD,6.1.134-152.225.amzn2023.x86_64,6,1,134,amzn,2023,2023,ivybridge,24.0,2.0,Os,2195294941.282532,42441.0,4150.0,13.7139
r6a.12xlarge.ivybridge-Os.2.0,true,25,1,AMD,6.1.134-152.225.amzn2023.x86_64,6,1,134,amzn,2023,2023,ivybridge,24.0,2.0,Os,2195294941.282532,42441.0,4150.0,13.3563
r6a.12xlarge.haswell-Ofast.0.0,true,25,1,AMD,6.1.134-152.225.amzn2023.x86_64,6,1,134,amzn,2023,2023,haswell,24.0,2.0,Ofast,3930207315.1581497,1253643.0,47792.0,9.52784
r6a.12xlarge.haswell-Ofast.1.0,true,25,1,AMD,6.1.134-152.225.amzn2023.x86_64,6,1,134,amzn,2023,2023,haswell,24.0,2.0,Ofast,3930207315.1581497,1253643.0,47792.0,12.9343
r6a.12xlarge.haswell-Ofast.2.0,true,25,1,AMD,6.1.134-152.225.amzn2023.x86_64,6,1,134,amzn,2023,2023,haswell,24.0,2.0,Ofast,3930207315.1581497,1253643.0,47792.0,13.163
r6a.12xlarge.znver2-O3.0.0,true,25,1,AMD,6.1.134-152.225.amzn2023.x86_64,6,1,134,amzn,2023,2023,znver2,24.0,2.0,O3,3257007717.2820764,15190.5,46771.0,10.319
r6a.12xlarge.znver2-O3.1.0,true,25,1,AMD,6.1.134-152.225.amzn2023.x86_64,6,1,134,amzn,2023,2023,znver2,24.0,2.0,O3,3257007717.2820764,15190.5,46771.0,13.1614
r6a.12xlarge.znver2-O3.2.0,true,25,1,AMD,6.1.134-152.225.amzn2023.x86_64,6,1,134,amzn,2023,2023,znver2,24.0,2.0,O3,3257007717.2820764,15190.5,46771.0,13.2662
r6a.12xlarge.x86-64-v3-Os.0.0,true,25,1,AMD,6.1.134-152.225.amzn2023.x86_64,6,1,134,amzn,2023,2023,x86-64-v3,24.0,2.0,Os,3471586891.2655873,4136127.746734686,1261859.3042740815,9.66195
r6a.12xlarge.x86-64-v3-Os.1.0,true,25,1,AMD,6.1.134-152.225.amzn2023.x86_64,6,1,134,amzn,2023,2023,x86-64-v3,24.0,2.0,Os,3471586891.2655873,4136127.746734686,1261859.3042740815,12.8379
r6a.12xlarge.x86-64-v3-Os.2.0,true,25,1,AMD,6.1.134-152.225.amzn2023.x86_64,6,1,134,amzn,2023,2023,x86-64-v3,24.0,2.0,Os,3471586891.2655873,4136127.746734686,1261859.3042740815,13.2411
r6a.12xlarge.znver3-O1.0.0,true,25,1,AMD,6.1.134-152.225.amzn2023.x86_64,6,1,134,amzn,2023,2023,znver3,24.0,2.0,O1,2719704172.1139774,897481.9438612117,432907.11523947347,10.5895
r6a.12xlarge.znver3-O1.1.0,true,25,1,AMD,6.1.134-152.225.amzn2023.x86_64,6,1,134,amzn,2023,2023,znver3,24.0,2.0,O1,2719704172.1139774,897481.9438612117,432907.11523947347,13.2405
r6a.12xlarge.znver3-O1.2.0,true,25,1,AMD,6.1.134-152.225.amzn2023.x86_64,6,1,134,amzn,2023,2023,znver3,24.0,2.0,O1,2719704172.1139774,897481.9438612117,432907.11523947347,13.5234
r6a.12xlarge.haswell-O2.0.0,true,25,1,AMD,6.1.134-152.225.amzn2023.x86_64,6,1,134,amzn,2023,2023,haswell,24.0,2.0,O2,1510908226.560207,2194273.640268656,644335.8790253773,13.0622
r6a.12xlarge.haswell-O2.1.0,true,25,1,AMD,6.1.134-152.225.amzn2023.x86_64,6,1,134,amzn,2023,2023,haswell,24.0,2.0,O2,1510908226.560207,2194273.640268656,644335.8790253773,13.325
r6a.12xlarge.haswell-O2.2.0,true,25,1,AMD,6.1.134-152.225.amzn2023.x86_64,6,1,134,amzn,2023,2023,haswell,24.0,2.0,O2,1510908226.560207,2194273.640268656,644335.8790253773,13.3278
r6a.12xlarge.haswell-Os.0.0,true,25,1,AMD,6.1.134-152.225.amzn2023.x86_64,6,1,134,amzn,2023,2023,haswell,24.0,2.0,Os,1460980021.8670888,2071739.5417969574,996015.8940509304,13.1813
r6a.12xlarge.haswell-Os.1.0,true,25,1,AMD,6.1.134-152.225.amzn2023.x86_64,6,1,134,amzn,2023,2023,haswell,24.0,2.0,Os,1460980021.8670888,2071739.5417969574,996015.8940509304,13.3452
r6a.12xlarge.haswell-Os.2.0,true,25,1,AMD,6.1.134-152.225.amzn2023.x86_64,6,1,134,amzn,2023,2023,haswell,24.0,2.0,Os,1460980021.8670888,2071739.5417969574,996015.8940509304,13.2958
r6a.12xlarge.x86-64-v3-O3.0.0,true,25,1,AMD,6.1.134-152.225.amzn2023.x86_64,6,1,134,amzn,2023,2023,x86-64-v3,24.0,2.0,O3,2259097283.6465774,1782312.8264213197,1055893.847511258,12.8513
r6a.12xlarge.x86-64-v3-O3.1.0,true,25,1,AMD,6.1.134-152.225.amzn2023.x86_64,6,1,134,amzn,2023,2023,x86-64-v3,24.0,2.0,O3,2259097283.6465774,1782312.8264213197,1055893.847511258,13.313
r6a.12xlarge.x86-64-v3-O3.2.0,true,25,1,AMD,6.1.134-152.225.amzn2023.x86_64,6,1,134,amzn,2023,2023,x86-64-v3,24.0,2.0,O3,2259097283.6465774,1782312.8264213197,1055893.847511258,13.5556
r6a.12xlarge.znver1-Os.0.0,true,25,1,AMD,6.1.134-152.225.amzn2023.x86_64,6,1,134,amzn,2023,2023,znver1,24.0,2.0,Os,2099019283.5815299,1843820.2587399425,983132.8710764583,13.075
r6a.12xlarge.znver1-Os.1.0,true,25,1,AMD,6.1.134-152.225.amzn2023.x86_64,6,1,134,amzn,2023,2023,znver1,24.0,2.0,Os,2099019283.5815299,1843820.2587399425,983132.8710764583,13.1146
r6a.12xlarge.znver1-Os.2.0,true,25,1,AMD,6.1.134-152.225.amzn2023.x86_64,6,1,134,amzn,2023,2023,znver1,24.0,2.0,Os,2099019283.5815299,1843820.2587399425,983132.8710764583,13.406
r6a.12xlarge.sandybridge-O1.0.0,true,25,1,AMD,6.1.134-152.225.amzn2023.x86_64,6,1,134,amzn,2023,2023,sandybridge,24.0,2.0,O1,2247882484.81766,1589294.2370437852,986400.2062389363,12.8556
r6a.12xlarge.sandybridge-O1.1.0,true,25,1,AMD,6.1.134-152.225.amzn2023.x86_64,6,1,134,amzn,2023,2023,sandybridge,24.0,2.0,O1,2247882484.81766,1589294.2370437852,986400.2062389363,13.1049
r6a.12xlarge.sandybridge-O1.2.0,true,25,1,AMD,6.1.134-152.225.amzn2023.x86_64,6,1,134,amzn,2023,2023,sandybridge,24.0,2.0,O1,2247882484.81766,1589294.2370437852,986400.2062389363,13.4006
r6a.12xlarge.x86-64-v2-O0.0.0,true,25,1,AMD,6.1.134-152.225.amzn2023.x86_64,6,1,134,amzn,2023,2023,x86-64-v2,24.0,2.0,O0,1929471292.968326,226822.5,114272.78571428571,12.4855
r6a.12xlarge.x86-64-v2-O0.1.0,true,25,1,AMD,6.1.134-152.225.amzn2023.x86_64,6,1,134,amzn,2023,2023,x86-64-v2,24.0,2.0,O0,1929471292.968326,226822.5,114272.78571428571,13.2724
r6a.12xlarge.x86-64-v2-O0.2.0,true,25,1,AMD,6.1.134-152.225.amzn2023.x86_64,6,1,134,amzn,2023,2023,x86-64-v2,24.0,2.0,O0,1929471292.968326,226822.5,114272.78571428571,13.4628
r6a.12xlarge.skylake-Og.0.0,true,25,1,AMD,6.1.134-152.225.amzn2023.x86_64,6,1,134,amzn,2023,2023,skylake,24.0,2.0,Og,3527438322.9248667,83682.0,2697463.0,9.67935
r6a.12xlarge.skylake-Og.1.0,true,25,1,AMD,6.1.134-152.225.amzn2023.x86_64,6,1,134,amzn,2023,2023,skylake,24.0,2.0,Og,3527438322.9248667,83682.0,2697463.0,13.1009
r6a.12xlarge.skylake-Og.2.0,true,25,1,AMD,6.1.134-152.225.amzn2023.x86_64,6,1,134,amzn,2023,2023,skylake,24.0,2.0,Og,3527438322.9248667,83682.0,2697463.0,13.2583
r6a.12xlarge.ivybridge-O3.0.0,true,25,1,AMD,6.1.134-152.225.amzn2023.x86_64,6,1,134,amzn,2023,2023,ivybridge,24.0,2.0,O3,3071251708.6597347,43631.0,2210.0,12.1149
r6a.12xlarge.ivybridge-O3.1.0,true,25,1,AMD,6.1.134-152.225.amzn2023.x86_64,6,1,134,amzn,2023,2023,ivybridge,24.0,2.0,O3,3071251708.6597347,43631.0,2210.0,13.2923
r6a.12xlarge.ivybridge-O3.2.0,true,25,1,AMD,6.1.134-152.225.amzn2023.x86_64,6,1,134,amzn,2023,2023,ivybridge,24.0,2.0,O3,3071251708.6597347,43631.0,2210.0,13.3944
r6a.12xlarge.broadwell-Ofast.0.0,true,25,1,AMD,6.1.134-152.225.amzn2023.x86_64,6,1,134,amzn,2023,2023,broadwell,24.0,2.0,Ofast,4172474961.632727,929505.0,16671.0,10.2428
r6a.12xlarge.broadwell-Ofast.1.0,true,25,1,AMD,6.1.134-152.225.amzn2023.x86_64,6,1,134,amzn,2023,2023,broadwell,24.0,2.0,Ofast,4172474961.632727,929505.0,16671.0,13.7547
r6a.12xlarge.broadwell-Ofast.2.0,true,25,1,AMD,6.1.134-152.225.amzn2023.x86_64,6,1,134,amzn,2023,2023,broadwell,24.0,2.0,Ofast,4172474961.632727,929505.0,16671.0,13.1948
r6a.12xlarge.znver4-O2.0.0,true,25,1,AMD,6.1.134-152.225.amzn2023.x86_64,6,1,134,amzn,2023,2023,znver4,24.0,2.0,O2,3783878542.941571,191476.0,10080.0,10.3154
r6a.12xlarge.znver4-O2.1.0,true,25,1,AMD,6.1.134-152.225.amzn2023.x86_64,6,1,134,amzn,2023,2023,znver4,24.0,2.0,O2,3783878542.941571,191476.0,10080.0,12.8655
r6a.12xlarge.znver4-O2.2.0,true,25,1,AMD,6.1.134-152.225.amzn2023.x86_64,6,1,134,amzn,2023,2023,znver4,24.0,2.0,O2,3783878542.941571,191476.0,10080.0,12.9276
r6a.12xlarge.znver3-Os.0.0,true,25,1,AMD,6.1.134-152.225.amzn2023.x86_64,6,1,134,amzn,2023,2023,znver3,24.0,2.0,Os,2459027936.3356094,10220.0,674678.0,12.8926
r6a.12xlarge.znver3-Os.1.0,true,25,1,AMD,6.1.134-152.225.amzn2023.x86_64,6,1,134,amzn,2023,2023,znver3,24.0,2.0,Os,2459027936.3356094,10220.0,674678.0,13.444
r6a.12xlarge.znver3-Os.2.0,true,25,1,AMD,6.1.134-152.225.amzn2023.x86_64,6,1,134,amzn,2023,2023,znver3,24.0,2.0,Os,2459027936.3356094,10220.0,674678.0,13.1469
r6a.12xlarge.znver1-O1.0.0,true,25,1,AMD,6.1.134-152.225.amzn2023.x86_64,6,1,134,amzn,2023,2023,znver1,24.0,2.0,O1,2465027992.4010086,1201401.0,25881.0,12.9384
r6a.12xlarge.znver1-O1.1.0,true,25,1,AMD,6.1.134-152.225.amzn2023.x86_64,6,1,134,amzn,2023,2023,znver1,24.0,2.0,O1,2465027992.4010086,1201401.0,25881.0,13.7283
r6a.12xlarge.znver1-O1.2.0,true,25,1,AMD,6.1.134-152.225.amzn2023.x86_64,6,1,134,amzn,2023,2023,znver1,24.0,2.0,O1,2465027992.4010086,1201401.0,25881.0,13.6532
r6a.12xlarge.sandybridge-Os.0.0,true,25,1,AMD,6.1.134-152.225.amzn2023.x86_64,6,1,134,amzn,2023,2023,sandybridge,24.0,2.0,Os,2521155912.6708293,3230955.912795982,1531031.1390086615,12.8516
r6a.12xlarge.sandybridge-Os.1.0,true,25,1,AMD,6.1.134-152.225.amzn2023.x86_64,6,1,134,amzn,2023,2023,sandybridge,24.0,2.0,Os,2521155912.6708293,3230955.912795982,1531031.1390086615,13.6579
r6a.12xlarge.sandybridge-Os.2.0,true,25,1,AMD,6.1.134-152.225.amzn2023.x86_64,6,1,134,amzn,2023,2023,sandybridge,24.0,2.0,Os,2521155912.6708293,3230955.912795982,1531031.1390086615,13.4418
r6a.12xlarge.btver2-Os.0.0,true,25,1,AMD,6.1.134-152.225.amzn2023.x86_64,6,1,134,amzn,2023,2023,btver2,24.0,2.0,Os,1225228783.5973065,1704666.5928443226,1032509.2406562306,13.1782
r6a.12xlarge.btver2-Os.1.0,true,25,1,AMD,6.1.134-152.225.amzn2023.x86_64,6,1,134,amzn,2023,2023,btver2,24.0,2.0,Os,1225228783.5973065,1704666.5928443226,1032509.2406562306,13.2016
r6a.12xlarge.btver2-Os.2.0,true,25,1,AMD,6.1.134-152.225.amzn2023.x86_64,6,1,134,amzn,2023,2023,btver2,24.0,2.0,Os,1225228783.5973065,1704666.5928443226,1032509.2406562306,13.1912
r6a.12xlarge.znver2-Os.0.0,true,25,1,AMD,6.1.134-152.225.amzn2023.x86_64,6,1,134,amzn,2023,2023,znver2,24.0,2.0,Os,2518756186.745247,51004.666666666664,12880.666666666666,13.1078
r6a.12xlarge.znver2-Os.1.0,true,25,1,AMD,6.1.134-152.225.amzn2023.x86_64,6,1,134,amzn,2023,2023,znver2,24.0,2.0,Os,2518756186.745247,51004.666666666664,12880.666666666666,13.5915
r6a.12xlarge.znver2-Os.2.0,true,25,1,AMD,6.1.134-152.225.amzn2023.x86_64,6,1,134,amzn,2023,2023,znver2,24.0,2.0,Os,2518756186.745247,51004.666666666664,12880.666666666666,13.3403
r6a.12xlarge.znver3-Ofast.0.0,true,25,1,AMD,6.1.134-152.225.amzn2023.x86_64,6,1,134,amzn,2023,2023,znver3,24.0,2.0,Ofast,2578839065.579514,2634826.7506276905,1515289.0634140777,12.7011
r6a.12xlarge.znver3-Ofast.1.0,true,25,1,AMD,6.1.134-152.225.amzn2023.x86_64,6,1,134,amzn,2023,2023,znver3,24.0,2.0,Ofast,2578839065.579514,2634826.7506276905,1515289.0634140777,13.1807
r6a.12xlarge.znver3-Ofast.2.0,true,25,1,AMD,6.1.134-152.225.amzn2023.x86_64,6,1,134,amzn,2023,2023,znver3,24.0,2.0,Ofast,2578839065.579514,2634826.7506276905,1515289.0634140777,13.1415
r6a.12xlarge.broadwell-Os.0.0,true,25,1,AMD,6.1.134-152.225.amzn2023.x86_64,6,1,134,amzn,2023,2023,broadwell,24.0,2.0,Os,2206067178.311787,2584166.8596486975,1290182.6196174193,12.9158
r6a.12xlarge.broadwell-Os.1.0,true,25,1,AMD,6.1.134-152.225.amzn2023.x86_64,6,1,134,amzn,2023,2023,broadwell,24.0,2.0,Os,2206067178.311787,2584166.8596486975,1290182.6196174193,13.2951
r6a.12xlarge.broadwell-Os.2.0,true,25,1,AMD,6.1.134-152.225.amzn2023.x86_64,6,1,134,amzn,2023,2023,broadwell,24.0,2.0,Os,2206067178.311787,2584166.8596486975,1290182.6196174193,13.2087
r6a.12xlarge.znver3-O3.0.0,true,25,1,AMD,6.1.134-152.225.amzn2023.x86_64,6,1,134,amzn,2023,2023,znver3,24.0,2.0,O3,4031803673.045926,191165.0,38571.0,11.2158
r6a.12xlarge.znver3-O3.1.0,true,25,1,AMD,6.1.134-152.225.amzn2023.x86_64,6,1,134,amzn,2023,2023,znver3,24.0,2.0,O3,4031803673.045926,191165.0,38571.0,13.153
r6a.12xlarge.znver3-O3.2.0,true,25,1,AMD,6.1.134-152.225.amzn2023.x86_64,6,1,134,amzn,2023,2023,znver3,24.0,2.0,O3,4031803673.045926,191165.0,38571.0,13.2515
r6a.12xlarge.haswell-O3.0.0,true,25,1,AMD,6.1.134-152.225.amzn2023.x86_64,6,1,134,amzn,2023,2023,haswell,24.0,2.0,O3,2802738784.6301346,215966.0,5290.0,10.2061
r6a.12xlarge.haswell-O3.1.0,true,25,1,AMD,6.1.134-152.225.amzn2023.x86_64,6,1,134,amzn,2023,2023,haswell,24.0,2.0,O3,2802738784.6301346,215966.0,5290.0,13.6005
r6a.12xlarge.haswell-O3.2.0,true,25,1,AMD,6.1.134-152.225.amzn2023.x86_64,6,1,134,amzn,2023,2023,haswell,24.0,2.0,O3,2802738784.6301346,215966.0,5290.0,14.0176
r6a.12xlarge.znver3-O0.0.0,true,25,1,AMD,6.1.134-152.225.amzn2023.x86_64,6,1,134,amzn,2023,2023,znver3,24.0,2.0,O0,1974542447.2232668,1093340.7513659287,728845.8231698914,12.4898
r6a.12xlarge.znver3-O0.1.0,true,25,1,AMD,6.1.134-152.225.amzn2023.x86_64,6,1,134,amzn,2023,2023,znver3,24.0,2.0,O0,1974542447.2232668,1093340.7513659287,728845.8231698914,13.2219
r6a.12xlarge.znver3-O0.2.0,true,25,1,AMD,6.1.134-152.225.amzn2023.x86_64,6,1,134,amzn,2023,2023,znver3,24.0,2.0,O0,1974542447.2232668,1093340.7513659287,728845.8231698914,13.0891
r6a.12xlarge.sapphirerapids-O0.0.0,true,25,1,AMD,6.1.134-152.225.amzn2023.x86_64,6,1,134,amzn,2023,2023,sapphirerapids,24.0,2.0,O0,2150724192.8753686,809217.6024265188,470319.70837491093,9.95235
r6a.12xlarge.sapphirerapids-O0.1.0,true,25,1,AMD,6.1.134-152.225.amzn2023.x86_64,6,1,134,amzn,2023,2023,sapphirerapids,24.0,2.0,O0,2150724192.8753686,809217.6024265188,470319.70837491093,13.3372
r6a.12xlarge.sapphirerapids-O0.2.0,true,25,1,AMD,6.1.134-152.225.amzn2023.x86_64,6,1,134,amzn,2023,2023,sapphirerapids,24.0,2.0,O0,2150724192.8753686,809217.6024265188,470319.70837491093,13.2079
r6a.12xlarge.haswell-Og.0.0,true,25,1,AMD,6.1.134-152.225.amzn2023.x86_64,6,1,134,amzn,2023,2023,haswell,24.0,2.0,Og,1789018774.0576777,1720506.6180684958,832921.8019108678,13.3515
r6a.12xlarge.haswell-Og.1.0,true,25,1,AMD,6.1.134-152.225.amzn2023.x86_64,6,1,134,amzn,2023,2023,haswell,24.0,2.0,Og,1789018774.0576777,1720506.6180684958,832921.8019108678,13.3672
r6a.12xlarge.haswell-Og.2.0,true,25,1,AMD,6.1.134-152.225.amzn2023.x86_64,6,1,134,amzn,2023,2023,haswell,24.0,2.0,Og,1789018774.0576777,1720506.6180684958,832921.8019108678,12.8976
r6a.12xlarge.znver1-Og.0.0,true,25,1,AMD,6.1.134-152.225.amzn2023.x86_64,6,1,134,amzn,2023,2023,znver1,24.0,2.0,Og,2869009927.73324,2080170.2375719813,1244106.3555933454,12.9223
r6a.12xlarge.znver1-Og.1.0,true,25,1,AMD,6.1.134-152.225.amzn2023.x86_64,6,1,134,amzn,2023,2023,znver1,24.0,2.0,Og,2869009927.73324,2080170.2375719813,1244106.3555933454,13.0921
r6a.12xlarge.znver1-Og.2.0,true,25,1,AMD,6.1.134-152.225.amzn2023.x86_64,6,1,134,amzn,2023,2023,znver1,24.0,2.0,Og,2869009927.73324,2080170.2375719813,1244106.3555933454,13.5037
r6a.12xlarge.ivybridge-Ofast.0.0,true,25,1,AMD,6.1.134-152.225.amzn2023.x86_64,6,1,134,amzn,2023,2023,ivybridge,24.0,2.0,Ofast,2487974815.60097,2764949.2276984295,1367661.985716412,12.8831
r6a.12xlarge.ivybridge-Ofast.1.0,true,25,1,AMD,6.1.134-152.225.amzn2023.x86_64,6,1,134,amzn,2023,2023,ivybridge,24.0,2.0,Ofast,2487974815.60097,2764949.2276984295,1367661.985716412,12.8337
r6a.12xlarge.ivybridge-Ofast.2.0,true,25,1,AMD,6.1.134-152.225.amzn2023.x86_64,6,1,134,amzn,2023,2023,ivybridge,24.0,2.0,Ofast,2487974815.60097,2764949.2276984295,1367661.985716412,13.1284
r6a.12xlarge.znver1-Ofast.0.0,true,25,1,AMD,6.1.134-152.225.amzn2023.x86_64,6,1,134,amzn,2023,2023,znver1,24.0,2.0,Ofast,1595401308.0540006,2210314.8860728,1056324.8458629274,12.9397
r6a.12xlarge.znver1-Ofast.1.0,true,25,1,AMD,6.1.134-152.225.amzn2023.x86_64,6,1,134,amzn,2023,2023,znver1,24.0,2.0,Ofast,1595401308.0540006,2210314.8860728,1056324.8458629274,13.2778
r6a.12xlarge.znver1-Ofast.2.0,true,25,1,AMD,6.1.134-152.225.amzn2023.x86_64,6,1,134,amzn,2023,2023,znver1,24.0,2.0,Ofast,1595401308.0540006,2210314.8860728,1056324.8458629274,12.9278
r6a.12xlarge.btver2-Ofast.0.0,true,25,1,AMD,6.1.134-152.225.amzn2023.x86_64,6,1,134,amzn,2023,2023,btver2,24.0,2.0,Ofast,1602298387.7358296,2486398.67480458,1169099.1237930316,13.4268
r6a.12xlarge.btver2-Ofast.1.0,true,25,1,AMD,6.1.134-152.225.amzn2023.x86_64,6,1,134,amzn,2023,2023,btver2,24.0,2.0,Ofast,1602298387.7358296,2486398.67480458,1169099.1237930316,13.5076
r6a.12xlarge.btver2-Ofast.2.0,true,25,1,AMD,6.1.134-152.225.amzn2023.x86_64,6,1,134,amzn,2023,2023,btver2,24.0,2.0,Ofast,1602298387.7358296,2486398.67480458,1169099.1237930316,13.6084
r6a.12xlarge.znver4-Ofast.0.0,true,25,1,AMD,6.1.134-152.225.amzn2023.x86_64,6,1,134,amzn,2023,2023,znver4,24.0,2.0,Ofast,1589788604.6708007,3144426.236435611,1330235.8910860934,12.9816
r6a.12xlarge.znver4-Ofast.1.0,true,25,1,AMD,6.1.134-152.225.amzn2023.x86_64,6,1,134,amzn,2023,2023,znver4,24.0,2.0,Ofast,1589788604.6708007,3144426.236435611,1330235.8910860934,13.1586
r6a.12xlarge.znver4-Ofast.2.0,true,25,1,AMD,6.1.134-152.225.amzn2023.x86_64,6,1,134,amzn,2023,2023,znver4,24.0,2.0,Ofast,1589788604.6708007,3144426.236435611,1330235.8910860934,13.26
r6a.12xlarge.skylake-Ofast.0.0,true,25,1,AMD,6.1.134-152.225.amzn2023.x86_64,6,1,134,amzn,2023,2023,skylake,24.0,2.0,Ofast,4026930766.375808,1941740.0398105197,1162975.145845152,11.6296
r6a.12xlarge.skylake-Ofast.1.0,true,25,1,AMD,6.1.134-152.225.amzn2023.x86_64,6,1,134,amzn,2023,2023,skylake,24.0,2.0,Ofast,4026930766.375808,1941740.0398105197,1162975.145845152,9.14729
r6a.12xlarge.skylake-Ofast.2.0,true,25,1,AMD,6.1.134-152.225.amzn2023.x86_64,6,1,134,amzn,2023,2023,skylake,24.0,2.0,Ofast,4026930766.375808,1941740.0398105197,1162975.145845152,13.0707
r6a.12xlarge.x86-64-v3-O2.0.0,true,25,1,AMD,6.1.134-152.225.amzn2023.x86_64,6,1,134,amzn,2023,2023,x86-64-v3,24.0,2.0,O2,3826406288.4230633,1270183.0,14051.0,12.9355
r6a.12xlarge.x86-64-v3-O2.1.0,true,25,1,AMD,6.1.134-152.225.amzn2023.x86_64,6,1,134,amzn,2023,2023,x86-64-v3,24.0,2.0,O2,3826406288.4230633,1270183.0,14051.0,13.2138
r6a.12xlarge.x86-64-v3-O2.2.0,true,25,1,AMD,6.1.134-152.225.amzn2023.x86_64,6,1,134,amzn,2023,2023,x86-64-v3,24.0,2.0,O2,3826406288.4230633,1270183.0,14051.0,13.2091
r6a.12xlarge.x86-64-v3-Ofast.0.0,true,25,1,AMD,6.1.134-152.225.amzn2023.x86_64,6,1,134,amzn,2023,2023,x86-64-v3,24.0,2.0,Ofast,1822241633.5246105,1948554.023237805,1100600.3016820685,12.2079
r6a.12xlarge.x86-64-v3-Ofast.1.0,true,25,1,AMD,6.1.134-152.225.amzn2023.x86_64,6,1,134,amzn,2023,2023,x86-64-v3,24.0,2.0,Ofast,1822241633.5246105,1948554.023237805,1100600.3016820685,10.3592
r6a.12xlarge.x86-64-v3-Ofast.2.0,true,25,1,AMD,6.1.134-152.225.amzn2023.x86_64,6,1,134,amzn,2023,2023,x86-64-v3,24.0,2.0,Ofast,1822241633.5246105,1948554.023237805,1100600.3016820685,13.3277
r6a.12xlarge.znver4-O0.0.0,true,25,1,AMD,6.1.134-152.225.amzn2023.x86_64,6,1,134,amzn,2023,2023,znver4,24.0,2.0,O0,1988745748.414957,675258.2027609409,373431.79181227647,12.8742
r6a.12xlarge.znver4-O0.1.0,true,25,1,AMD,6.1.134-152.225.amzn2023.x86_64,6,1,134,amzn,2023,2023,znver4,24.0,2.0,O0,1988745748.414957,675258.2027609409,373431.79181227647,13.1782
r6a.12xlarge.znver4-O0.2.0,true,25,1,AMD,6.1.134-152.225.amzn2023.x86_64,6,1,134,amzn,2023,2023,znver4,24.0,2.0,O0,1988745748.414957,675258.2027609409,373431.79181227647,13.4084
r6a.12xlarge.znver4-Os.0.0,true,25,1,AMD,6.1.134-152.225.amzn2023.x86_64,6,1,134,amzn,2023,2023,znver4,24.0,2.0,Os,1820737578.9798374,2098614.059532003,959874.1399544689,13.5632
r6a.12xlarge.znver4-Os.1.0,true,25,1,AMD,6.1.134-152.225.amzn2023.x86_64,6,1,134,amzn,2023,2023,znver4,24.0,2.0,Os,1820737578.9798374,2098614.059532003,959874.1399544689,13.2511
r6a.12xlarge.znver4-Os.2.0,true,25,1,AMD,6.1.134-152.225.amzn2023.x86_64,6,1,134,amzn,2023,2023,znver4,24.0,2.0,Os,1820737578.9798374,2098614.059532003,959874.1399544689,13.342
r6a.12xlarge.skylake-O2.0.0,true,25,1,AMD,6.1.134-152.225.amzn2023.x86_64,6,1,134,amzn,2023,2023,skylake,24.0,2.0,O2,2242898495.6526604,1145321.0,39181.0,13.0755
r6a.12xlarge.skylake-O2.1.0,true,25,1,AMD,6.1.134-152.225.amzn2023.x86_64,6,1,134,amzn,2023,2023,skylake,24.0,2.0,O2,2242898495.6526604,1145321.0,39181.0,13.169
r6a.12xlarge.skylake-O2.2.0,true,25,1,AMD,6.1.134-152.225.amzn2023.x86_64,6,1,134,amzn,2023,2023,skylake,24.0,2.0,O2,2242898495.6526604,1145321.0,39181.0,12.9693
r6a.12xlarge.native-O0.0.0,true,25,1,AMD,6.1.134-152.225.amzn2023.x86_64,6,1,134,amzn,2023,2023,native,24.0,2.0,O0,2760296960.1628428,45581.0,4660.0,13.204
r6a.12xlarge.native-O0.1.0,true,25,1,AMD,6.1.134-152.225.amzn2023.x86_64,6,1,134,amzn,2023,2023,native,24.0,2.0,O0,2760296960.1628428,45581.0,4660.0,13.2364
r6a.12xlarge.native-O0.2.0,true,25,1,AMD,6.1.134-152.225.amzn2023.x86_64,6,1,134,amzn,2023,2023,native,24.0,2.0,O0,2760296960.1628428,45581.0,4660.0,12.8294
r6a.12xlarge.sandybridge-O3.0.0,true,25,1,AMD,6.1.134-152.225.amzn2023.x86_64,6,1,134,amzn,2023,2023,sandybridge,24.0,2.0,O3,2798900387.439294,1907833.9067134096,955934.8573178536,13.5085
r6a.12xlarge.sandybridge-O3.1.0,true,25,1,AMD,6.1.134-152.225.amzn2023.x86_64,6,1,134,amzn,2023,2023,sandybridge,24.0,2.0,O3,2798900387.439294,1907833.9067134096,955934.8573178536,13.4085
r6a.12xlarge.sandybridge-O3.2.0,true,25,1,AMD,6.1.134-152.225.amzn2023.x86_64,6,1,134,amzn,2023,2023,sandybridge,24.0,2.0,O3,2798900387.439294,1907833.9067134096,955934.8573178536,13.2593
r6a.12xlarge.skylake-Os.0.0,true,25,1,AMD,6.1.134-152.225.amzn2023.x86_64,6,1,134,amzn,2023,2023,skylake,24.0,2.0,Os,2251707445.859379,1179875.7540072692,672581.7334720154,11.0353
r6a.12xlarge.skylake-Os.1.0,true,25,1,AMD,6.1.134-152.225.amzn2023.x86_64,6,1,134,amzn,2023,2023,skylake,24.0,2.0,Os,2251707445.859379,1179875.7540072692,672581.7334720154,13.4074
r6a.12xlarge.skylake-Os.2.0,true,25,1,AMD,6.1.134-152.225.amzn2023.x86_64,6,1,134,amzn,2023,2023,skylake,24.0,2.0,Os,2251707445.859379,1179875.7540072692,672581.7334720154,13.6085
r6a.12xlarge.znver4-O3.0.0,true,25,1,AMD,6.1.134-152.225.amzn2023.x86_64,6,1,134,amzn,2023,2023,znver4,24.0,2.0,O3,2459457697.099886,1196583.6001673166,1215063.7744504206,13.0601
r6a.12xlarge.znver4-O3.1.0,true,25,1,AMD,6.1.134-152.225.amzn2023.x86_64,6,1,134,amzn,2023,2023,znver4,24.0,2.0,O3,2459457697.099886,1196583.6001673166,1215063.7744504206,13.3536
r6a.12xlarge.znver4-O3.2.0,true,25,1,AMD,6.1.134-152.225.amzn2023.x86_64,6,1,134,amzn,2023,2023,znver4,24.0,2.0,O3,2459457697.099886,1196583.6001673166,1215063.7744504206,13.6675
r6a.12xlarge.btver2-O3.0.0,true,25,1,AMD,6.1.134-152.225.amzn2023.x86_64,6,1,134,amzn,2023,2023,btver2,24.0,2.0,O3,2606098630.7683644,165430.12657920312,60894.94291122448,11.4217
r6a.12xlarge.btver2-O3.1.0,true,25,1,AMD,6.1.134-152.225.amzn2023.x86_64,6,1,134,amzn,2023,2023,btver2,24.0,2.0,O3,2606098630.7683644,165430.12657920312,60894.94291122448,14.3032
r6a.12xlarge.btver2-O3.2.0,true,25,1,AMD,6.1.134-152.225.amzn2023.x86_64,6,1,134,amzn,2023,2023,btver2,24.0,2.0,O3,2606098630.7683644,165430.12657920312,60894.94291122448,13.8695
r6a.12xlarge.znver2-Ofast.0.0,true,25,1,AMD,6.1.134-152.225.amzn2023.x86_64,6,1,134,amzn,2023,2023,znver2,24.0,2.0,Ofast,2610194720.5537086,14350.5,5050.5,12.8952
r6a.12xlarge.znver2-Ofast.1.0,true,25,1,AMD,6.1.134-152.225.amzn2023.x86_64,6,1,134,amzn,2023,2023,znver2,24.0,2.0,Ofast,2610194720.5537086,14350.5,5050.5,13.853
r6a.12xlarge.znver2-Ofast.2.0,true,25,1,AMD,6.1.134-152.225.amzn2023.x86_64,6,1,134,amzn,2023,2023,znver2,24.0,2.0,Ofast,2610194720.5537086,14350.5,5050.5,13.5372
r6a.12xlarge.x86-64-v4-O0.0.0,true,25,1,AMD,6.1.134-152.225.amzn2023.x86_64,6,1,134,amzn,2023,2023,x86-64-v4,24.0,2.0,O0,2028395959.0377295,1370416.529398377,552896.5160951436,12.419
r6a.12xlarge.x86-64-v4-O0.1.0,true,25,1,AMD,6.1.134-152.225.amzn2023.x86_64,6,1,134,amzn,2023,2023,x86-64-v4,24.0,2.0,O0,2028395959.0377295,1370416.529398377,552896.5160951436,12.9736
r6a.12xlarge.x86-64-v4-O0.2.0,true,25,1,AMD,6.1.134-152.225.amzn2023.x86_64,6,1,134,amzn,2023,2023,x86-64-v4,24.0,2.0,O0,2028395959.0377295,1370416.529398377,552896.5160951436,13.3682
r6a.12xlarge.x86-64-v3-O0.0.0,true,25,1,AMD,6.1.134-152.225.amzn2023.x86_64,6,1,134,amzn,2023,2023,x86-64-v3,24.0,2.0,O0,1973813222.397247,928548.2889693663,467548.8588801356,11.8267
r6a.12xlarge.x86-64-v3-O0.1.0,true,25,1,AMD,6.1.134-152.225.amzn2023.x86_64,6,1,134,amzn,2023,2023,x86-64-v3,24.0,2.0,O0,1973813222.397247,928548.2889693663,467548.8588801356,12.3759
r6a.12xlarge.x86-64-v3-O0.2.0,true,25,1,AMD,6.1.134-152.225.amzn2023.x86_64,6,1,134,amzn,2023,2023,x86-64-v3,24.0,2.0,O0,1973813222.397247,928548.2889693663,467548.8588801356,13.341
r6a.12xlarge.x86-64-v2-Ofast.0.0,true,25,1,AMD,6.1.134-152.225.amzn2023.x86_64,6,1,134,amzn,2023,2023,x86-64-v2,24.0,2.0,Ofast,3388053276.2474265,2632952.74141624,1153485.3542276695,11.966
r6a.12xlarge.x86-64-v2-Ofast.1.0,true,25,1,AMD,6.1.134-152.225.amzn2023.x86_64,6,1,134,amzn,2023,2023,x86-64-v2,24.0,2.0,Ofast,3388053276.2474265,2632952.74141624,1153485.3542276695,13.2475
r6a.12xlarge.x86-64-v2-Ofast.2.0,true,25,1,AMD,6.1.134-152.225.amzn2023.x86_64,6,1,134,amzn,2023,2023,x86-64-v2,24.0,2.0,Ofast,3388053276.2474265,2632952.74141624,1153485.3542276695,13.2559
r6a.12xlarge.znver2-O1.0.0,true,25,1,AMD,6.1.134-152.225.amzn2023.x86_64,6,1,134,amzn,2023,2023,znver2,24.0,2.0,O1,2128249144.5233238,2185568.7849921663,1634875.4535192167,13.4985
r6a.12xlarge.znver2-O1.1.0,true,25,1,AMD,6.1.134-152.225.amzn2023.x86_64,6,1,134,amzn,2023,2023,znver2,24.0,2.0,O1,2128249144.5233238,2185568.7849921663,1634875.4535192167,13.8079
r6a.12xlarge.znver2-O1.2.0,true,25,1,AMD,6.1.134-152.225.amzn2023.x86_64,6,1,134,amzn,2023,2023,znver2,24.0,2.0,O1,2128249144.5233238,2185568.7849921663,1634875.4535192167,13.2467
r6a.12xlarge.broadwell-Og.0.0,true,25,1,AMD,6.1.134-152.225.amzn2023.x86_64,6,1,134,amzn,2023,2023,broadwell,24.0,2.0,Og,1726638007.3339992,1802247.9189895608,1090427.3092023865,13.0204
r6a.12xlarge.broadwell-Og.1.0,true,25,1,AMD,6.1.134-152.225.amzn2023.x86_64,6,1,134,amzn,2023,2023,broadwell,24.0,2.0,Og,1726638007.3339992,1802247.9189895608,1090427.3092023865,13.0228
r6a.12xlarge.broadwell-Og.2.0,true,25,1,AMD,6.1.134-152.225.amzn2023.x86_64,6,1,134,amzn,2023,2023,broadwell,24.0,2.0,Og,1726638007.3339992,1802247.9189895608,1090427.3092023865,13.1896
r6a.12xlarge.icelake-server-O0.0.0,true,25,1,AMD,6.1.134-152.225.amzn2023.x86_64,6,1,134,amzn,2023,2023,icelake-server,24.0,2.0,O0,1984827816.76734,838611.1856938675,412334.02141389064,13.1024
r6a.12xlarge.icelake-server-O0.1.0,true,25,1,AMD,6.1.134-152.225.amzn2023.x86_64,6,1,134,amzn,2023,2023,icelake-server,24.0,2.0,O0,1984827816.76734,838611.1856938675,412334.02141389064,13.4956
r6a.12xlarge.icelake-server-O0.2.0,true,25,1,AMD,6.1.134-152.225.amzn2023.x86_64,6,1,134,amzn,2023,2023,icelake-server,24.0,2.0,O0,1984827816.76734,838611.1856938675,412334.02141389064,13.2212
r6a.12xlarge.x86-64-v3-O1.0.0,true,25,1,AMD,6.1.134-152.225.amzn2023.x86_64,6,1,134,amzn,2023,2023,x86-64-v3,24.0,2.0,O1,2748501610.562466,281242.1666666667,99521.83333333333,12.7754
r6a.12xlarge.x86-64-v3-O1.1.0,true,25,1,AMD,6.1.134-152.225.amzn2023.x86_64,6,1,134,amzn,2023,2023,x86-64-v3,24.0,2.0,O1,2748501610.562466,281242.1666666667,99521.83333333333,13.4652
r6a.12xlarge.x86-64-v3-O1.2.0,true,25,1,AMD,6.1.134-152.225.amzn2023.x86_64,6,1,134,amzn,2023,2023,x86-64-v3,24.0,2.0,O1,2748501610.562466,281242.1666666667,99521.83333333333,13.2024
r6a.12xlarge.skylake-O0.0.0,true,25,1,AMD,6.1.134-152.225.amzn2023.x86_64,6,1,134,amzn,2023,2023,skylake,24.0,2.0,O0,2595391326.4269958,947709.1590868226,433810.3402651261,11.5897
r6a.12xlarge.skylake-O0.1.0,true,25,1,AMD,6.1.134-152.225.amzn2023.x86_64,6,1,134,amzn,2023,2023,skylake,24.0,2.0,O0,2595391326.4269958,947709.1590868226,433810.3402651261,13.0878
r6a.12xlarge.skylake-O0.2.0,true,25,1,AMD,6.1.134-152.225.amzn2023.x86_64,6,1,134,amzn,2023,2023,skylake,24.0,2.0,O0,2595391326.4269958,947709.1590868226,433810.3402651261,13.6832
r6a.12xlarge.bdver4-O1.0.0,true,25,1,AMD,6.1.134-152.225.amzn2023.x86_64,6,1,134,amzn,2023,2023,bdver4,24.0,2.0,O1,2519013854.8569922,37851.0,4880.0,11.4811
r6a.12xlarge.bdver4-O1.1.0,true,25,1,AMD,6.1.134-152.225.amzn2023.x86_64,6,1,134,amzn,2023,2023,bdver4,24.0,2.0,O1,2519013854.8569922,37851.0,4880.0,13.184
r6a.12xlarge.bdver4-O1.2.0,true,25,1,AMD,6.1.134-152.225.amzn2023.x86_64,6,1,134,amzn,2023,2023,bdver4,24.0,2.0,O1,2519013854.8569922,37851.0,4880.0,13.1659
r6a.12xlarge.x86-64-v2-O3.0.0,true,25,1,AMD,6.1.134-152.225.amzn2023.x86_64,6,1,134,amzn,2023,2023,x86-64-v2,24.0,2.0,O3,2808002680.5719457,1785436.742341096,955558.5124417066,12.8822
r6a.12xlarge.x86-64-v2-O3.1.0,true,25,1,AMD,6.1.134-152.225.amzn2023.x86_64,6,1,134,amzn,2023,2023,x86-64-v2,24.0,2.0,O3,2808002680.5719457,1785436.742341096,955558.5124417066,13.5152
r6a.12xlarge.x86-64-v2-O3.2.0,true,25,1,AMD,6.1.134-152.225.amzn2023.x86_64,6,1,134,amzn,2023,2023,x86-64-v2,24.0,2.0,O3,2808002680.5719457,1785436.742341096,955558.5124417066,13.2016
r6a.12xlarge.skylake-avx512-O0.0.0,true,25,1,AMD,6.1.134-152.225.amzn2023.x86_64,6,1,134,amzn,2023,2023,skylake-avx512,24.0,2.0,O0,2760218760.142953,1357836.425509505,1559351.886599875,11.451
r6a.12xlarge.skylake-avx512-O0.1.0,true,25,1,AMD,6.1.134-152.225.amzn2023.x86_64,6,1,134,amzn,2023,2023,skylake-avx512,24.0,2.0,O0,2760218760.142953,1357836.425509505,1559351.886599875,13.4768
r6a.12xlarge.skylake-avx512-O0.2.0,true,25,1,AMD,6.1.134-152.225.amzn2023.x86_64,6,1,134,amzn,2023,2023,skylake-avx512,24.0,2.0,O0,2760218760.142953,1357836.425509505,1559351.886599875,13.2068
r6a.12xlarge.broadwell-O2.0.0,true,25,1,AMD,6.1.134-152.225.amzn2023.x86_64,6,1,134,amzn,2023,2023,broadwell,24.0,2.0,O2,2429442359.4890614,1913898.5904667564,1050592.8661151351,12.0626
r6a.12xlarge.broadwell-O2.1.0,true,25,1,AMD,6.1.134-152.225.amzn2023.x86_64,6,1,134,amzn,2023,2023,broadwell,24.0,2.0,O2,2429442359.4890614,1913898.5904667564,1050592.8661151351,12.7637
r6a.12xlarge.broadwell-O2.2.0,true,25,1,AMD,6.1.134-152.225.amzn2023.x86_64,6,1,134,amzn,2023,2023,broadwell,24.0,2.0,O2,2429442359.4890614,1913898.5904667564,1050592.8661151351,13.4812
r6a.12xlarge.znver3-Og.0.0,true,25,1,AMD,6.1.134-152.225.amzn2023.x86_64,6,1,134,amzn,2023,2023,znver3,24.0,2.0,Og,2288274135.3714895,2191525.446514126,1041298.7541638996,10.7359
r6a.12xlarge.znver3-Og.1.0,true,25,1,AMD,6.1.134-152.225.amzn2023.x86_64,6,1,134,amzn,2023,2023,znver3,24.0,2.0,Og,2288274135.3714895,2191525.446514126,1041298.7541638996,13.1577
r6a.12xlarge.znver3-Og.2.0,true,25,1,AMD,6.1.134-152.225.amzn2023.x86_64,6,1,134,amzn,2023,2023,znver3,24.0,2.0,Og,2288274135.3714895,2191525.446514126,1041298.7541638996,13.6684
r6a.12xlarge.sandybridge-O0.0.0,true,25,1,AMD,6.1.134-152.225.amzn2023.x86_64,6,1,134,amzn,2023,2023,sandybridge,24.0,2.0,O0,1937075016.715458,1105914.4412257376,458901.69462795346,12.6026
r6a.12xlarge.sandybridge-O0.1.0,true,25,1,AMD,6.1.134-152.225.amzn2023.x86_64,6,1,134,amzn,2023,2023,sandybridge,24.0,2.0,O0,1937075016.715458,1105914.4412257376,458901.69462795346,13.1789
r6a.12xlarge.sandybridge-O0.2.0,true,25,1,AMD,6.1.134-152.225.amzn2023.x86_64,6,1,134,amzn,2023,2023,sandybridge,24.0,2.0,O0,1937075016.715458,1105914.4412257376,458901.69462795346,13.5442
r6a.12xlarge.skylake-O3.0.0,true,25,1,AMD,6.1.134-152.225.amzn2023.x86_64,6,1,134,amzn,2023,2023,skylake,24.0,2.0,O3,2110549144.8585243,187516.0,6160.0,13.0149
r6a.12xlarge.skylake-O3.1.0,true,25,1,AMD,6.1.134-152.225.amzn2023.x86_64,6,1,134,amzn,2023,2023,skylake,24.0,2.0,O3,2110549144.8585243,187516.0,6160.0,13.1006
r6a.12xlarge.skylake-O3.2.0,true,25,1,AMD,6.1.134-152.225.amzn2023.x86_64,6,1,134,amzn,2023,2023,skylake,24.0,2.0,O3,2110549144.8585243,187516.0,6160.0,13.21
r6a.12xlarge.ivybridge-O2.0.0,true,25,1,AMD,6.1.134-152.225.amzn2023.x86_64,6,1,134,amzn,2023,2023,ivybridge,24.0,2.0,O2,1463434015.3664064,1167671.0,24021.0,13.1132
r6a.12xlarge.ivybridge-O2.1.0,true,25,1,AMD,6.1.134-152.225.amzn2023.x86_64,6,1,134,amzn,2023,2023,ivybridge,24.0,2.0,O2,1463434015.3664064,1167671.0,24021.0,13.1183
r6a.12xlarge.ivybridge-O2.2.0,true,25,1,AMD,6.1.134-152.225.amzn2023.x86_64,6,1,134,amzn,2023,2023,ivybridge,24.0,2.0,O2,1463434015.3664064,1167671.0,24021.0,13.1475
r6a.12xlarge.znver4-O1.0.0,true,25,1,AMD,6.1.134-152.225.amzn2023.x86_64,6,1,134,amzn,2023,2023,znver4,24.0,2.0,O1,2067989028.201274,333714.0,151696.7142857143,13.6039
r6a.12xlarge.znver4-O1.1.0,true,25,1,AMD,6.1.134-152.225.amzn2023.x86_64,6,1,134,amzn,2023,2023,znver4,24.0,2.0,O1,2067989028.201274,333714.0,151696.7142857143,13.9082
r6a.12xlarge.znver4-O1.2.0,true,25,1,AMD,6.1.134-152.225.amzn2023.x86_64,6,1,134,amzn,2023,2023,znver4,24.0,2.0,O1,2067989028.201274,333714.0,151696.7142857143,13.2154
r6a.12xlarge.ivybridge-O0.0.0,true,25,1,AMD,6.1.134-152.225.amzn2023.x86_64,6,1,134,amzn,2023,2023,ivybridge,24.0,2.0,O0,2067510287.8085217,1233818.6928121948,747992.316714091,12.3911
r6a.12xlarge.ivybridge-O0.1.0,true,25,1,AMD,6.1.134-152.225.amzn2023.x86_64,6,1,134,amzn,2023,2023,ivybridge,24.0,2.0,O0,2067510287.8085217,1233818.6928121948,747992.316714091,13.1482
r6a.12xlarge.ivybridge-O0.2.0,true,25,1,AMD,6.1.134-152.225.amzn2023.x86_64,6,1,134,amzn,2023,2023,ivybridge,24.0,2.0,O0,2067510287.8085217,1233818.6928121948,747992.316714091,13.3398
r6a.12xlarge.znver3-O2.0.0,true,25,1,AMD,6.1.134-152.225.amzn2023.x86_64,6,1,134,amzn,2023,2023,znver3,24.0,2.0,O2,2910999591.132829,7880.5,66707.0,10.2726
r6a.12xlarge.znver3-O2.1.0,true,25,1,AMD,6.1.134-152.225.amzn2023.x86_64,6,1,134,amzn,2023,2023,znver3,24.0,2.0,O2,2910999591.132829,7880.5,66707.0,13.3765
r6a.12xlarge.znver3-O2.2.0,true,25,1,AMD,6.1.134-152.225.amzn2023.x86_64,6,1,134,amzn,2023,2023,znver3,24.0,2.0,O2,2910999591.132829,7880.5,66707.0,13.1516
r6a.12xlarge.znver1-O3.0.0,true,25,1,AMD,6.1.134-152.225.amzn2023.x86_64,6,1,134,amzn,2023,2023,znver1,24.0,2.0,O3,3652547497.433255,774728.6135339985,313640.4300148295,12.3272
r6a.12xlarge.znver1-O3.1.0,true,25,1,AMD,6.1.134-152.225.amzn2023.x86_64,6,1,134,amzn,2023,2023,znver1,24.0,2.0,O3,3652547497.433255,774728.6135339985,313640.4300148295,13.2494
r6a.12xlarge.znver1-O3.2.0,true,25,1,AMD,6.1.134-152.225.amzn2023.x86_64,6,1,134,amzn,2023,2023,znver1,24.0,2.0,O3,3652547497.433255,774728.6135339985,313640.4300148295,13.32
r6a.12xlarge.znver2-O0.0.0,true,25,1,AMD,6.1.134-152.225.amzn2023.x86_64,6,1,134,amzn,2023,2023,znver2,24.0,2.0,O0,2021117204.1738033,265217.0,19690.0,13.0056
r6a.12xlarge.znver2-O0.1.0,true,25,1,AMD,6.1.134-152.225.amzn2023.x86_64,6,1,134,amzn,2023,2023,znver2,24.0,2.0,O0,2021117204.1738033,265217.0,19690.0,13.2803
r6a.12xlarge.znver2-O0.2.0,true,25,1,AMD,6.1.134-152.225.amzn2023.x86_64,6,1,134,amzn,2023,2023,znver2,24.0,2.0,O0,2021117204.1738033,265217.0,19690.0,13.1879
r6a.12xlarge.x86-64-v2-Os.0.0,true,25,1,AMD,6.1.134-152.225.amzn2023.x86_64,6,1,134,amzn,2023,2023,x86-64-v2,24.0,2.0,Os,2929978789.7755117,1887912.9810087702,981665.5020762779,11.5756
r6a.12xlarge.x86-64-v2-Os.1.0,true,25,1,AMD,6.1.134-152.225.amzn2023.x86_64,6,1,134,amzn,2023,2023,x86-64-v2,24.0,2.0,Os,2929978789.7755117,1887912.9810087702,981665.5020762779,14.0951
r6a.12xlarge.x86-64-v2-Os.2.0,true,25,1,AMD,6.1.134-152.225.amzn2023.x86_64,6,1,134,amzn,2023,2023,x86-64-v2,24.0,2.0,Os,2929978789.7755117,1887912.9810087702,981665.5020762779,13.3869
r6a.12xlarge.bdver4-Og.0.0,true,25,1,AMD,6.1.134-152.225.amzn2023.x86_64,6,1,134,amzn,2023,2023,bdver4,24.0,2.0,Og,2282972835.668783,1862309.368981874,1137978.8210948624,13.3255
r6a.12xlarge.bdver4-Og.1.0,true,25,1,AMD,6.1.134-152.225.amzn2023.x86_64,6,1,134,amzn,2023,2023,bdver4,24.0,2.0,Og,2282972835.668783,1862309.368981874,1137978.8210948624,13.1051
r6a.12xlarge.bdver4-Og.2.0,true,25,1,AMD,6.1.134-152.225.amzn2023.x86_64,6,1,134,amzn,2023,2023,bdver4,24.0,2.0,Og,2282972835.668783,1862309.368981874,1137978.8210948624,13.1564
r6a.12xlarge.btver2-O0.0.0,true,25,1,AMD,6.1.134-152.225.amzn2023.x86_64,6,1,134,amzn,2023,2023,btver2,24.0,2.0,O0,2136111560.7419996,1387616.8863782685,628106.5919196298,13.1393
r6a.12xlarge.btver2-O0.1.0,true,25,1,AMD,6.1.134-152.225.amzn2023.x86_64,6,1,134,amzn,2023,2023,btver2,24.0,2.0,O0,2136111560.7419996,1387616.8863782685,628106.5919196298,12.7658
r6a.12xlarge.btver2-O0.2.0,true,25,1,AMD,6.1.134-152.225.amzn2023.x86_64,6,1,134,amzn,2023,2023,btver2,24.0,2.0,O0,2136111560.7419996,1387616.8863782685,628106.5919196298,13.2009
r6a.12xlarge.znver1-O2.0.0,true,25,1,AMD,6.1.134-152.225.amzn2023.x86_64,6,1,134,amzn,2023,2023,znver1,24.0,2.0,O2,3791792627.1092834,2037190.1303967575,1077013.9753925318,11.952
r6a.12xlarge.znver1-O2.1.0,true,25,1,AMD,6.1.134-152.225.amzn2023.x86_64,6,1,134,amzn,2023,2023,znver1,24.0,2.0,O2,3791792627.1092834,2037190.1303967575,1077013.9753925318,13.4387
r6a.12xlarge.znver1-O2.2.0,true,25,1,AMD,6.1.134-152.225.amzn2023.x86_64,6,1,134,amzn,2023,2023,znver1,24.0,2.0,O2,3791792627.1092834,2037190.1303967575,1077013.9753925318,13.2109
r6a.12xlarge.sandybridge-O2.0.0,true,25,1,AMD,6.1.134-152.225.amzn2023.x86_64,6,1,134,amzn,2023,2023,sandybridge,24.0,2.0,O2,3688791688.4597745,684105.1134707388,336059.13324641186,11.4267
r6a.12xlarge.sandybridge-O2.1.0,true,25,1,AMD,6.1.134-152.225.amzn2023.x86_64,6,1,134,amzn,2023,2023,sandybridge,24.0,2.0,O2,3688791688.4597745,684105.1134707388,336059.13324641186,13.2577
r6a.12xlarge.sandybridge-O2.2.0,true,25,1,AMD,6.1.134-152.225.amzn2023.x86_64,6,1,134,amzn,2023,2023,sandybridge,24.0,2.0,O2,3688791688.4597745,684105.1134707388,336059.13324641186,13.1704
r6a.12xlarge.haswell-O1.0.0,true,25,1,AMD,6.1.134-152.225.amzn2023.x86_64,6,1,134,amzn,2023,2023,haswell,24.0,2.0,O1,2678638259.305149,1361718.1354458234,695411.8562004283,10.7207
r6a.12xlarge.haswell-O1.1.0,true,25,1,AMD,6.1.134-152.225.amzn2023.x86_64,6,1,134,amzn,2023,2023,haswell,24.0,2.0,O1,2678638259.305149,1361718.1354458234,695411.8562004283,13.405
r6a.12xlarge.haswell-O1.2.0,true,25,1,AMD,6.1.134-152.225.amzn2023.x86_64,6,1,134,amzn,2023,2023,haswell,24.0,2.0,O1,2678638259.305149,1361718.1354458234,695411.8562004283,13.3606
r6a.12xlarge.x86-64-v3-Og.0.0,true,25,1,AMD,6.1.134-152.225.amzn2023.x86_64,6,1,134,amzn,2023,2023,x86-64-v3,24.0,2.0,Og,3888663965.574828,1488119.0,11360.0,11.955
r6a.12xlarge.x86-64-v3-Og.1.0,true,25,1,AMD,6.1.134-152.225.amzn2023.x86_64,6,1,134,amzn,2023,2023,x86-64-v3,24.0,2.0,Og,3888663965.574828,1488119.0,11360.0,12.3721
r6a.12xlarge.x86-64-v3-Og.2.0,true,25,1,AMD,6.1.134-152.225.amzn2023.x86_64,6,1,134,amzn,2023,2023,x86-64-v3,24.0,2.0,Og,3888663965.574828,1488119.0,11360.0,13.2336
r6a.12xlarge.x86-64-v2-O2.0.0,true,25,1,AMD,6.1.134-152.225.amzn2023.x86_64,6,1,134,amzn,2023,2023,x86-64-v2,24.0,2.0,O2,1405703606.5096688,212405.0,9761.0,12.982
r6a.12xlarge.x86-64-v2-O2.1.0,true,25,1,AMD,6.1.134-152.225.amzn2023.x86_64,6,1,134,amzn,2023,2023,x86-64-v2,24.0,2.0,O2,1405703606.5096688,212405.0,9761.0,13.0741
r6a.12xlarge.x86-64-v2-O2.2.0,true,25,1,AMD,6.1.134-152.225.amzn2023.x86_64,6,1,134,amzn,2023,2023,x86-64-v2,24.0,2.0,O2,1405703606.5096688,212405.0,9761.0,13.2272
r6a.12xlarge.sandybridge-Og.0.0,true,25,1,AMD,6.1.134-152.225.amzn2023.x86_64,6,1,134,amzn,2023,2023,sandybridge,24.0,2.0,Og,3751955235.007033,1591278.6180916883,555964.9850461335,10.9711
r6a.12xlarge.sandybridge-Og.1.0,true,25,1,AMD,6.1.134-152.225.amzn2023.x86_64,6,1,134,amzn,2023,2023,sandybridge,24.0,2.0,Og,3751955235.007033,1591278.6180916883,555964.9850461335,13.0322
r6a.12xlarge.sandybridge-Og.2.0,true,25,1,AMD,6.1.134-152.225.amzn2023.x86_64,6,1,134,amzn,2023,2023,sandybridge,24.0,2.0,Og,3751955235.007033,1591278.6180916883,555964.9850461335,13.2028
r6a.12xlarge.ivybridge-Og.0.0,true,25,1,AMD,6.1.134-152.225.amzn2023.x86_64,6,1,134,amzn,2023,2023,ivybridge,24.0,2.0,Og,3933770736.791366,274237.0,13651.0,13.0632
r6a.12xlarge.ivybridge-Og.1.0,true,25,1,AMD,6.1.134-152.225.amzn2023.x86_64,6,1,134,amzn,2023,2023,ivybridge,24.0,2.0,Og,3933770736.791366,274237.0,13651.0,13.1609
r6a.12xlarge.ivybridge-Og.2.0,true,25,1,AMD,6.1.134-152.225.amzn2023.x86_64,6,1,134,amzn,2023,2023,ivybridge,24.0,2.0,Og,3933770736.791366,274237.0,13651.0,12.8719
r6a.12xlarge.btver2-O2.0.0,true,25,1,AMD,6.1.134-152.225.amzn2023.x86_64,6,1,134,amzn,2023,2023,btver2,24.0,2.0,O2,3652643816.1214814,2121494.128108271,1119697.9479658862,11.94
r6a.12xlarge.btver2-O2.1.0,true,25,1,AMD,6.1.134-152.225.amzn2023.x86_64,6,1,134,amzn,2023,2023,btver2,24.0,2.0,O2,3652643816.1214814,2121494.128108271,1119697.9479658862,13.7782
r6a.12xlarge.btver2-O2.2.0,true,25,1,AMD,6.1.134-152.225.amzn2023.x86_64,6,1,134,amzn,2023,2023,btver2,24.0,2.0,O2,3652643816.1214814,2121494.128108271,1119697.9479658862,13.8388
r6a.12xlarge.broadwell-O1.0.0,true,25,1,AMD,6.1.134-152.225.amzn2023.x86_64,6,1,134,amzn,2023,2023,broadwell,24.0,2.0,O1,3384243054.197619,1496492.6029288813,870425.0880527643,12.311
r6a.12xlarge.broadwell-O1.1.0,true,25,1,AMD,6.1.134-152.225.amzn2023.x86_64,6,1,134,amzn,2023,2023,broadwell,24.0,2.0,O1,3384243054.197619,1496492.6029288813,870425.0880527643,13.2002
r6a.12xlarge.broadwell-O1.2.0,true,25,1,AMD,6.1.134-152.225.amzn2023.x86_64,6,1,134,amzn,2023,2023,broadwell,24.0,2.0,O1,3384243054.197619,1496492.6029288813,870425.0880527643,13.3174
r6a.12xlarge.ivybridge-O1.0.0,true,25,1,AMD,6.1.134-152.225.amzn2023.x86_64,6,1,134,amzn,2023,2023,ivybridge,24.0,2.0,O1,3640384630.6950855,1755880.4769565244,1232774.2601905784,12.9975
r6a.12xlarge.ivybridge-O1.1.0,true,25,1,AMD,6.1.134-152.225.amzn2023.x86_64,6,1,134,amzn,2023,2023,ivybridge,24.0,2.0,O1,3640384630.6950855,1755880.4769565244,1232774.2601905784,13.1165
r6a.12xlarge.ivybridge-O1.2.0,true,25,1,AMD,6.1.134-152.225.amzn2023.x86_64,6,1,134,amzn,2023,2023,ivybridge,24.0,2.0,O1,3640384630.6950855,1755880.4769565244,1232774.2601905784,13.1764
r6a.12xlarge.bdver4-O0.0.0,true,25,1,AMD,6.1.134-152.225.amzn2023.x86_64,6,1,134,amzn,2023,2023,bdver4,24.0,2.0,O0,1929583468.2153823,859649.1675825588,531977.3188741339,11.6514
r6a.12xlarge.bdver4-O0.1.0,true,25,1,AMD,6.1.134-152.225.amzn2023.x86_64,6,1,134,amzn,2023,2023,bdver4,24.0,2.0,O0,1929583468.2153823,859649.1675825588,531977.3188741339,13.0705
r6a.12xlarge.bdver4-O0.2.0,true,25,1,AMD,6.1.134-152.225.amzn2023.x86_64,6,1,134,amzn,2023,2023,bdver4,24.0,2.0,O0,1929583468.2153823,859649.1675825588,531977.3188741339,13.4538
r6a.12xlarge.x86-64-v2-Og.0.0,true,25,1,AMD,6.1.134-152.225.amzn2023.x86_64,6,1,134,amzn,2023,2023,x86-64-v2,24.0,2.0,Og,2535697006.944253,603960.8343293584,259979.59603965798,13.1314
r6a.12xlarge.x86-64-v2-Og.1.0,true,25,1,AMD,6.1.134-152.225.amzn2023.x86_64,6,1,134,amzn,2023,2023,x86-64-v2,24.0,2.0,Og,2535697006.944253,603960.8343293584,259979.59603965798,13.732
r6a.12xlarge.x86-64-v2-Og.2.0,true,25,1,AMD,6.1.134-152.225.amzn2023.x86_64,6,1,134,amzn,2023,2023,x86-64-v2,24.0,2.0,Og,2535697006.944253,603960.8343293584,259979.59603965798,12.9953
r6a.12xlarge.sandybridge-Ofast.0.0,true,25,1,AMD,6.1.134-152.225.amzn2023.x86_64,6,1,134,amzn,2023,2023,sandybridge,24.0,2.0,Ofast,3627395317.9170384,990363.3696609612,873893.9080886414,12.2972
r6a.12xlarge.sandybridge-Ofast.1.0,true,25,1,AMD,6.1.134-152.225.amzn2023.x86_64,6,1,134,amzn,2023,2023,sandybridge,24.0,2.0,Ofast,3627395317.9170384,990363.3696609612,873893.9080886414,13.2058
r6a.12xlarge.sandybridge-Ofast.2.0,true,25,1,AMD,6.1.134-152.225.amzn2023.x86_64,6,1,134,amzn,2023,2023,sandybridge,24.0,2.0,Ofast,3627395317.9170384,990363.3696609612,873893.9080886414,13.2108
r6a.12xlarge.znver2-Og.0.0,true,25,1,AMD,6.1.134-152.225.amzn2023.x86_64,6,1,134,amzn,2023,2023,znver2,24.0,2.0,Og,2334088415.8642774,1189371.0,10031.0,12.9655
r6a.12xlarge.znver2-Og.1.0,true,25,1,AMD,6.1.134-152.225.amzn2023.x86_64,6,1,134,amzn,2023,2023,znver2,24.0,2.0,Og,2334088415.8642774,1189371.0,10031.0,13.7793
r6a.12xlarge.znver2-Og.2.0,true,25,1,AMD,6.1.134-152.225.amzn2023.x86_64,6,1,134,amzn,2023,2023,znver2,24.0,2.0,Og,2334088415.8642774,1189371.0,10031.0,13.6785
r6a.12xlarge.x86-64-v2-O1.0.0,true,25,1,AMD,6.1.134-152.225.amzn2023.x86_64,6,1,134,amzn,2023,2023,x86-64-v2,24.0,2.0,O1,2364027990.244986,2185085.2258684305,1008315.791525951,11.5841
r6a.12xlarge.x86-64-v2-O1.1.0,true,25,1,AMD,6.1.134-152.225.amzn2023.x86_64,6,1,134,amzn,2023,2023,x86-64-v2,24.0,2.0,O1,2364027990.244986,2185085.2258684305,1008315.791525951,10.7935
r6a.12xlarge.x86-64-v2-O1.2.0,true,25,1,AMD,6.1.134-152.225.amzn2023.x86_64,6,1,134,amzn,2023,2023,x86-64-v2,24.0,2.0,O1,2364027990.244986,2185085.2258684305,1008315.791525951,13.7952
r6a.12xlarge.btver2-Og.0.0,true,25,1,AMD,6.1.134-152.225.amzn2023.x86_64,6,1,134,amzn,2023,2023,btver2,24.0,2.0,Og,1626986314.3216376,478913.0,34761.0,13.3866
r6a.12xlarge.btver2-Og.1.0,true,25,1,AMD,6.1.134-152.225.amzn2023.x86_64,6,1,134,amzn,2023,2023,btver2,24.0,2.0,Og,1626986314.3216376,478913.0,34761.0,13.19
r6a.12xlarge.btver2-Og.2.0,true,25,1,AMD,6.1.134-152.225.amzn2023.x86_64,6,1,134,amzn,2023,2023,btver2,24.0,2.0,Og,1626986314.3216376,478913.0,34761.0,13.2364
r6a.12xlarge.broadwell-O0.0.0,true,25,1,AMD,6.1.134-152.225.amzn2023.x86_64,6,1,134,amzn,2023,2023,broadwell,24.0,2.0,O0,2105191521.7641408,1263818.7033805805,509860.6084029943,13.1901
r6a.12xlarge.broadwell-O0.1.0,true,25,1,AMD,6.1.134-152.225.amzn2023.x86_64,6,1,134,amzn,2023,2023,broadwell,24.0,2.0,O0,2105191521.7641408,1263818.7033805805,509860.6084029943,13.275
r6a.12xlarge.broadwell-O0.2.0,true,25,1,AMD,6.1.134-152.225.amzn2023.x86_64,6,1,134,amzn,2023,2023,broadwell,24.0,2.0,O0,2105191521.7641408,1263818.7033805805,509860.6084029943,13.1239
r6a.12xlarge.znver2-O2.0.0,true,25,1,AMD,6.1.134-152.225.amzn2023.x86_64,6,1,134,amzn,2023,2023,znver2,24.0,2.0,O2,1604385262.3583584,130643.0,1660.0,11.9902
r6a.12xlarge.znver2-O2.1.0,true,25,1,AMD,6.1.134-152.225.amzn2023.x86_64,6,1,134,amzn,2023,2023,znver2,24.0,2.0,O2,1604385262.3583584,130643.0,1660.0,10.53
r6a.12xlarge.znver2-O2.2.0,true,25,1,AMD,6.1.134-152.225.amzn2023.x86_64,6,1,134,amzn,2023,2023,znver2,24.0,2.0,O2,1604385262.3583584,130643.0,1660.0,13.8095
r6a.12xlarge.btver2-O1.0.0,true,25,1,AMD,6.1.134-152.225.amzn2023.x86_64,6,1,134,amzn,2023,2023,btver2,24.0,2.0,O1,3046475862.0621305,1760988.8132393484,1201166.0475034819,9.97579
r6a.12xlarge.btver2-O1.1.0,true,25,1,AMD,6.1.134-152.225.amzn2023.x86_64,6,1,134,amzn,2023,2023,btver2,24.0,2.0,O1,3046475862.0621305,1760988.8132393484,1201166.0475034819,13.2828
r6a.12xlarge.btver2-O1.2.0,true,25,1,AMD,6.1.134-152.225.amzn2023.x86_64,6,1,134,amzn,2023,2023,btver2,24.0,2.0,O1,3046475862.0621305,1760988.8132393484,1201166.0475034819,13.4117
r6a.12xlarge.broadwell-O3.0.0,true,25,1,AMD,6.1.134-152.225.amzn2023.x86_64,6,1,134,amzn,2023,2023,broadwell,24.0,2.0,O3,3659053859.9277587,1710436.1805711465,821969.3118400059,12.2252
r6a.12xlarge.broadwell-O3.1.0,true,25,1,AMD,6.1.134-152.225.amzn2023.x86_64,6,1,134,amzn,2023,2023,broadwell,24.0,2.0,O3,3659053859.9277587,1710436.1805711465,821969.3118400059,13.1498
r6a.12xlarge.broadwell-O3.2.0,true,25,1,AMD,6.1.134-152.225.amzn2023.x86_64,6,1,134,amzn,2023,2023,broadwell,24.0,2.0,O3,3659053859.9277587,1710436.1805711465,821969.3118400059,13.2693
m7g.16xlarge.cortex-a72-Og.0.0,false,31,54273,ARM,6.1.134-152.225.amzn2023.aarch64,6,1,134,amzn,2023,2023,cortex-a72,64.0,1.0,Og,6121.0,81750.0,70550.0,43.7824
m7g.16xlarge.cortex-a72-Og.1.0,false,31,54273,ARM,6.1.134-152.225.amzn2023.aarch64,6,1,134,amzn,2023,2023,cortex-a72,64.0,1.0,Og,6121.0,81750.0,70550.0,45.2252
m7g.16xlarge.cortex-a72-Og.2.0,false,31,54273,ARM,6.1.134-152.225.amzn2023.aarch64,6,1,134,amzn,2023,2023,cortex-a72,64.0,1.0,Og,6121.0,81750.0,70550.0,45.4347
m7g.16xlarge.neoverse-v2-O3.0.0,false,31,54273,ARM,6.1.134-152.225.amzn2023.aarch64,6,1,134,amzn,2023,2023,neoverse-v2,64.0,1.0,O3,6146.0,151116.0,100863.0,43.193
m7g.16xlarge.neoverse-v2-O3.1.0,false,31,54273,ARM,6.1.134-152.225.amzn2023.aarch64,6,1,134,amzn,2023,2023,neoverse-v2,64.0,1.0,O3,6146.0,151116.0,100863.0,45.0109
m7g.16xlarge.neoverse-v2-O3.2.0,false,31,54273,ARM,6.1.134-152.225.amzn2023.aarch64,6,1,134,amzn,2023,2023,neoverse-v2,64.0,1.0,O3,6146.0,151116.0,100863.0,45.4453
m7g.16xlarge.cortex-x1-Og.0.0,false,31,54273,ARM,6.1.134-152.225.amzn2023.aarch64,6,1,134,amzn,2023,2023,cortex-x1,64.0,1.0,Og,5812.0,10157.5,4910.75,44.0671
m7g.16xlarge.cortex-x1-Og.1.0,false,31,54273,ARM,6.1.134-152.225.amzn2023.aarch64,6,1,134,amzn,2023,2023,cortex-x1,64.0,1.0,Og,5812.0,10157.5,4910.75,46.7058
m7g.16xlarge.cortex-x1-Og.2.0,false,31,54273,ARM,6.1.134-152.225.amzn2023.aarch64,6,1,134,amzn,2023,2023,cortex-x1,64.0,1.0,Og,5812.0,10157.5,4910.75,46.3547
m7g.16xlarge.cortex-a72-O2.0.0,false,31,54273,ARM,6.1.134-152.225.amzn2023.aarch64,6,1,134,amzn,2023,2023,cortex-a72,64.0,1.0,O2,5523.0,98940.0,99270.0,43.222
m7g.16xlarge.cortex-a72-O2.1.0,false,31,54273,ARM,6.1.134-152.225.amzn2023.aarch64,6,1,134,amzn,2023,2023,cortex-a72,64.0,1.0,O2,5523.0,98940.0,99270.0,45.6261
m7g.16xlarge.cortex-a72-O2.2.0,false,31,54273,ARM,6.1.134-152.225.amzn2023.aarch64,6,1,134,amzn,2023,2023,cortex-a72,64.0,1.0,O2,5523.0,98940.0,99270.0,45.2774
m7g.16xlarge.neoverse-n2-O0.0.0,false,31,54273,ARM,6.1.134-152.225.amzn2023.aarch64,6,1,134,amzn,2023,2023,neoverse-n2,64.0,1.0,O0,5846.0,78042.0,57888.0,35.2162
m7g.16xlarge.neoverse-n2-O0.1.0,false,31,54273,ARM,6.1.134-152.225.amzn2023.aarch64,6,1,134,amzn,2023,2023,neoverse-n2,64.0,1.0,O0,5846.0,78042.0,57888.0,37.8623
m7g.16xlarge.neoverse-n2-O0.2.0,false,31,54273,ARM,6.1.134-152.225.amzn2023.aarch64,6,1,134,amzn,2023,2023,neoverse-n2,64.0,1.0,O0,5846.0,78042.0,57888.0,37.7284
m7g.16xlarge.cortex-x1-O0.0.0,false,31,54273,ARM,6.1.134-152.225.amzn2023.aarch64,6,1,134,amzn,2023,2023,cortex-x1,64.0,1.0,O0,5831.0,29432.0,486353.0,29.5303
m7g.16xlarge.cortex-x1-O0.1.0,false,31,54273,ARM,6.1.134-152.225.amzn2023.aarch64,6,1,134,amzn,2023,2023,cortex-x1,64.0,1.0,O0,5831.0,29432.0,486353.0,38.0155
m7g.16xlarge.cortex-x1-O0.2.0,false,31,54273,ARM,6.1.134-152.225.amzn2023.aarch64,6,1,134,amzn,2023,2023,cortex-x1,64.0,1.0,O0,5831.0,29432.0,486353.0,38.4127
m7g.16xlarge.cortex-a53-Os.0.0,false,31,54273,ARM,6.1.134-152.225.amzn2023.aarch64,6,1,134,amzn,2023,2023,cortex-a53,64.0,1.0,Os,5718.0,7937.666666666667,2249.6666666666665,36.5145
m7g.16xlarge.cortex-a53-Os.1.0,false,31,54273,ARM,6.1.134-152.225.amzn2023.aarch64,6,1,134,amzn,2023,2023,cortex-a53,64.0,1.0,Os,5718.0,7937.666666666667,2249.6666666666665,45.7822
m7g.16xlarge.cortex-a53-Os.2.0,false,31,54273,ARM,6.1.134-152.225.amzn2023.aarch64,6,1,134,amzn,2023,2023,cortex-a53,64.0,1.0,Os,5718.0,7937.666666666667,2249.6666666666665,45.2311
m7g.16xlarge.neoverse-n2-O2.0.0,false,31,54273,ARM,6.1.134-152.225.amzn2023.aarch64,6,1,134,amzn,2023,2023,neoverse-n2,64.0,1.0,O2,6232.0,92005.0,73735.0,39.4922
m7g.16xlarge.neoverse-n2-O2.1.0,false,31,54273,ARM,6.1.134-152.225.amzn2023.aarch64,6,1,134,amzn,2023,2023,neoverse-n2,64.0,1.0,O2,6232.0,92005.0,73735.0,44.5092
m7g.16xlarge.neoverse-n2-O2.2.0,false,31,54273,ARM,6.1.134-152.225.amzn2023.aarch64,6,1,134,amzn,2023,2023,neoverse-n2,64.0,1.0,O2,6232.0,92005.0,73735.0,45.2781
m7g.16xlarge.neoverse-n2-Ofast.0.0,false,31,54273,ARM,6.1.134-152.225.amzn2023.aarch64,6,1,134,amzn,2023,2023,neoverse-n2,64.0,1.0,Ofast,6079.0,108180.0,67190.0,43.1855
m7g.16xlarge.neoverse-n2-Ofast.1.0,false,31,54273,ARM,6.1.134-152.225.amzn2023.aarch64,6,1,134,amzn,2023,2023,neoverse-n2,64.0,1.0,Ofast,6079.0,108180.0,67190.0,45.2253
m7g.16xlarge.neoverse-n2-Ofast.2.0,false,31,54273,ARM,6.1.134-152.225.amzn2023.aarch64,6,1,134,amzn,2023,2023,neoverse-n2,64.0,1.0,Ofast,6079.0,108180.0,67190.0,45.3294
m7g.16xlarge.cortex-a57-Og.0.0,false,31,54273,ARM,6.1.134-152.225.amzn2023.aarch64,6,1,134,amzn,2023,2023,cortex-a57,64.0,1.0,Og,6196.0,145392.0,113040.0,40.8045
m7g.16xlarge.cortex-a57-Og.1.0,false,31,54273,ARM,6.1.134-152.225.amzn2023.aarch64,6,1,134,amzn,2023,2023,cortex-a57,64.0,1.0,Og,6196.0,145392.0,113040.0,38.9258
m7g.16xlarge.cortex-a57-Og.2.0,false,31,54273,ARM,6.1.134-152.225.amzn2023.aarch64,6,1,134,amzn,2023,2023,cortex-a57,64.0,1.0,Og,6196.0,145392.0,113040.0,45.8877
m7g.16xlarge.a64fx-Ofast.0.0,false,31,54273,ARM,6.1.134-152.225.amzn2023.aarch64,6,1,134,amzn,2023,2023,a64fx,64.0,1.0,Ofast,5805.0,70326.0,23070.0,43.1705
m7g.16xlarge.a64fx-Ofast.1.0,false,31,54273,ARM,6.1.134-152.225.amzn2023.aarch64,6,1,134,amzn,2023,2023,a64fx,64.0,1.0,Ofast,5805.0,70326.0,23070.0,45.3401
m7g.16xlarge.a64fx-Ofast.2.0,false,31,54273,ARM,6.1.134-152.225.amzn2023.aarch64,6,1,134,amzn,2023,2023,a64fx,64.0,1.0,Ofast,5805.0,70326.0,23070.0,45.3485
m7g.16xlarge.neoverse-v1-O0.0.0,false,31,54273,ARM,6.1.134-152.225.amzn2023.aarch64,6,1,134,amzn,2023,2023,neoverse-v1,64.0,1.0,O0,6184.0,3659.0,1691.375,34.1406
m7g.16xlarge.neoverse-v1-O0.1.0,false,31,54273,ARM,6.1.134-152.225.amzn2023.aarch64,6,1,134,amzn,2023,2023,neoverse-v1,64.0,1.0,O0,6184.0,3659.0,1691.375,38.0649
m7g.16xlarge.neoverse-v1-O0.2.0,false,31,54273,ARM,6.1.134-152.225.amzn2023.aarch64,6,1,134,amzn,2023,2023,neoverse-v1,64.0,1.0,O0,6184.0,3659.0,1691.375,38.9078
m7g.16xlarge.native-Os.0.0,false,31,54273,ARM,6.1.134-152.225.amzn2023.aarch64,6,1,134,amzn,2023,2023,native,64.0,1.0,Os,5623.0,67373.0,69915.0,40.3511
m7g.16xlarge.native-Os.1.0,false,31,54273,ARM,6.1.134-152.225.amzn2023.aarch64,6,1,134,amzn,2023,2023,native,64.0,1.0,Os,5623.0,67373.0,69915.0,45.1688
m7g.16xlarge.native-Os.2.0,false,31,54273,ARM,6.1.134-152.225.amzn2023.aarch64,6,1,134,amzn,2023,2023,native,64.0,1.0,Os,5623.0,67373.0,69915.0,45.1841
m7g.16xlarge.generic-O2.0.0,false,31,54273,ARM,6.1.134-152.225.amzn2023.aarch64,6,1,134,amzn,2023,2023,generic,64.0,1.0,O2,6134.0,6988.0,1141.0,45.4217
m7g.16xlarge.generic-O2.1.0,false,31,54273,ARM,6.1.134-152.225.amzn2023.aarch64,6,1,134,amzn,2023,2023,generic,64.0,1.0,O2,6134.0,6988.0,1141.0,45.613
m7g.16xlarge.generic-O2.2.0,false,31,54273,ARM,6.1.134-152.225.amzn2023.aarch64,6,1,134,amzn,2023,2023,generic,64.0,1.0,O2,6134.0,6988.0,1141.0,45.4908
m7g.16xlarge.cortex-a57-Ofast.0.0,false,31,54273,ARM,6.1.134-152.225.amzn2023.aarch64,6,1,134,amzn,2023,2023,cortex-a57,64.0,1.0,Ofast,5935.0,31675.333333333332,17423.333333333332,43.8033
m7g.16xlarge.cortex-a57-Ofast.1.0,false,31,54273,ARM,6.1.134-152.225.amzn2023.aarch64,6,1,134,amzn,2023,2023,cortex-a57,64.0,1.0,Ofast,5935.0,31675.333333333332,17423.333333333332,45.3804
m7g.16xlarge.cortex-a57-Ofast.2.0,false,31,54273,ARM,6.1.134-152.225.amzn2023.aarch64,6,1,134,amzn,2023,2023,cortex-a57,64.0,1.0,Ofast,5935.0,31675.333333333332,17423.333333333332,45.8066
m7g.16xlarge.cortex-a72-O0.0.0,false,31,54273,ARM,6.1.134-152.225.amzn2023.aarch64,6,1,134,amzn,2023,2023,cortex-a72,64.0,1.0,O0,5953.0,84618.0,59598.0,34.336
m7g.16xlarge.cortex-a72-O0.1.0,false,31,54273,ARM,6.1.134-152.225.amzn2023.aarch64,6,1,134,amzn,2023,2023,cortex-a72,64.0,1.0,O0,5953.0,84618.0,59598.0,37.9357
m7g.16xlarge.cortex-a72-O0.2.0,false,31,54273,ARM,6.1.134-152.225.amzn2023.aarch64,6,1,134,amzn,2023,2023,cortex-a72,64.0,1.0,O0,5953.0,84618.0,59598.0,39.1761
m7g.16xlarge.cortex-x1-Os.0.0,false,31,54273,ARM,6.1.134-152.225.amzn2023.aarch64,6,1,134,amzn,2023,2023,cortex-x1,64.0,1.0,Os,5648.0,96156.0,93360.0,40.7974
m7g.16xlarge.cortex-x1-Os.1.0,false,31,54273,ARM,6.1.134-152.225.amzn2023.aarch64,6,1,134,amzn,2023,2023,cortex-x1,64.0,1.0,Os,5648.0,96156.0,93360.0,40.3474
m7g.16xlarge.cortex-x1-Os.2.0,false,31,54273,ARM,6.1.134-152.225.amzn2023.aarch64,6,1,134,amzn,2023,2023,cortex-x1,64.0,1.0,Os,5648.0,96156.0,93360.0,45.2827
m7g.16xlarge.neoverse-n1-Os.0.0,false,31,54273,ARM,6.1.134-152.225.amzn2023.aarch64,6,1,134,amzn,2023,2023,neoverse-n1,64.0,1.0,Os,6169.0,160132.38888888888,105821.72222222222,43.1561
m7g.16xlarge.neoverse-n1-Os.1.0,false,31,54273,ARM,6.1.134-152.225.amzn2023.aarch64,6,1,134,amzn,2023,2023,neoverse-n1,64.0,1.0,Os,6169.0,160132.38888888888,105821.72222222222,45.4155
m7g.16xlarge.neoverse-n1-Os.2.0,false,31,54273,ARM,6.1.134-152.225.amzn2023.aarch64,6,1,134,amzn,2023,2023,neoverse-n1,64.0,1.0,Os,6169.0,160132.38888888888,105821.72222222222,45.7393
m7g.16xlarge.a64fx-O3.0.0,false,31,54273,ARM,6.1.134-152.225.amzn2023.aarch64,6,1,134,amzn,2023,2023,a64fx,64.0,1.0,O3,6180.0,85048.0,62228.0,40.5853
m7g.16xlarge.a64fx-O3.1.0,false,31,54273,ARM,6.1.134-152.225.amzn2023.aarch64,6,1,134,amzn,2023,2023,a64fx,64.0,1.0,O3,6180.0,85048.0,62228.0,45.3764
m7g.16xlarge.a64fx-O3.2.0,false,31,54273,ARM,6.1.134-152.225.amzn2023.aarch64,6,1,134,amzn,2023,2023,a64fx,64.0,1.0,O3,6180.0,85048.0,62228.0,45.3838
m7g.16xlarge.cortex-x1-O3.0.0,false,31,54273,ARM,6.1.134-152.225.amzn2023.aarch64,6,1,134,amzn,2023,2023,cortex-x1,64.0,1.0,O3,6073.0,109950.0,64086.0,40.9628
m7g.16xlarge.cortex-x1-O3.1.0,false,31,54273,ARM,6.1.134-152.225.amzn2023.aarch64,6,1,134,amzn,2023,2023,cortex-x1,64.0,1.0,O3,6073.0,109950.0,64086.0,39.1803
m7g.16xlarge.cortex-x1-O3.2.0,false,31,54273,ARM,6.1.134-152.225.amzn2023.aarch64,6,1,134,amzn,2023,2023,cortex-x1,64.0,1.0,O3,6073.0,109950.0,64086.0,47.2174
m7g.16xlarge.native-O1.0.0,false,31,54273,ARM,6.1.134-152.225.amzn2023.aarch64,6,1,134,amzn,2023,2023,native,64.0,1.0,O1,6125.0,29197.0,4514.0,38.6324
m7g.16xlarge.native-O1.1.0,false,31,54273,ARM,6.1.134-152.225.amzn2023.aarch64,6,1,134,amzn,2023,2023,native,64.0,1.0,O1,6125.0,29197.0,4514.0,45.1865
m7g.16xlarge.native-O1.2.0,false,31,54273,ARM,6.1.134-152.225.amzn2023.aarch64,6,1,134,amzn,2023,2023,native,64.0,1.0,O1,6125.0,29197.0,4514.0,45.2493
m7g.16xlarge.generic-O1.0.0,false,31,54273,ARM,6.1.134-152.225.amzn2023.aarch64,6,1,134,amzn,2023,2023,generic,64.0,1.0,O1,5651.0,95035.0,80930.0,43.3674
m7g.16xlarge.generic-O1.1.0,false,31,54273,ARM,6.1.134-152.225.amzn2023.aarch64,6,1,134,amzn,2023,2023,generic,64.0,1.0,O1,5651.0,95035.0,80930.0,45.2447
m7g.16xlarge.generic-O1.2.0,false,31,54273,ARM,6.1.134-152.225.amzn2023.aarch64,6,1,134,amzn,2023,2023,generic,64.0,1.0,O1,5651.0,95035.0,80930.0,44.4268
m7g.16xlarge.neoverse-v1-O1.0.0,false,31,54273,ARM,6.1.134-152.225.amzn2023.aarch64,6,1,134,amzn,2023,2023,neoverse-v1,64.0,1.0,O1,6310.0,150258.22222222222,148413.33333333334,39.548
m7g.16xlarge.neoverse-v1-O1.1.0,false,31,54273,ARM,6.1.134-152.225.amzn2023.aarch64,6,1,134,amzn,2023,2023,neoverse-v1,64.0,1.0,O1,6310.0,150258.22222222222,148413.33333333334,44.7444
m7g.16xlarge.neoverse-v1-O1.2.0,false,31,54273,ARM,6.1.134-152.225.amzn2023.aarch64,6,1,134,amzn,2023,2023,neoverse-v1,64.0,1.0,O1,6310.0,150258.22222222222,148413.33333333334,45.4536
m7g.16xlarge.generic-Os.0.0,false,31,54273,ARM,6.1.134-152.225.amzn2023.aarch64,6,1,134,amzn,2023,2023,generic,64.0,1.0,Os,6374.0,112539.0,82432.0,43.9075
m7g.16xlarge.generic-Os.1.0,false,31,54273,ARM,6.1.134-152.225.amzn2023.aarch64,6,1,134,amzn,2023,2023,generic,64.0,1.0,Os,6374.0,112539.0,82432.0,46.2288
m7g.16xlarge.generic-Os.2.0,false,31,54273,ARM,6.1.134-152.225.amzn2023.aarch64,6,1,134,amzn,2023,2023,generic,64.0,1.0,Os,6374.0,112539.0,82432.0,45.2679
m7g.16xlarge.generic-O3.0.0,false,31,54273,ARM,6.1.134-152.225.amzn2023.aarch64,6,1,134,amzn,2023,2023,generic,64.0,1.0,O3,5993.0,26677.125,6781.0,42.9812
m7g.16xlarge.generic-O3.1.0,false,31,54273,ARM,6.1.134-152.225.amzn2023.aarch64,6,1,134,amzn,2023,2023,generic,64.0,1.0,O3,5993.0,26677.125,6781.0,45.3859
m7g.16xlarge.generic-O3.2.0,false,31,54273,ARM,6.1.134-152.225.amzn2023.aarch64,6,1,134,amzn,2023,2023,generic,64.0,1.0,O3,5993.0,26677.125,6781.0,45.1592
m7g.16xlarge.cortex-a76-Ofast.0.0,false,31,54273,ARM,6.1.134-152.225.amzn2023.aarch64,6,1,134,amzn,2023,2023,cortex-a76,64.0,1.0,Ofast,5879.0,32222.0,336081.0,38.8493
m7g.16xlarge.cortex-a76-Ofast.1.0,false,31,54273,ARM,6.1.134-152.225.amzn2023.aarch64,6,1,134,amzn,2023,2023,cortex-a76,64.0,1.0,Ofast,5879.0,32222.0,336081.0,46.0508
m7g.16xlarge.cortex-a76-Ofast.2.0,false,31,54273,ARM,6.1.134-152.225.amzn2023.aarch64,6,1,134,amzn,2023,2023,cortex-a76,64.0,1.0,Ofast,5879.0,32222.0,336081.0,45.5076
m7g.16xlarge.cortex-a53-O2.0.0,false,31,54273,ARM,6.1.134-152.225.amzn2023.aarch64,6,1,134,amzn,2023,2023,cortex-a53,64.0,1.0,O2,5800.0,26112.666666666668,17281.333333333332,38.7232
m7g.16xlarge.cortex-a53-O2.1.0,false,31,54273,ARM,6.1.134-152.225.amzn2023.aarch64,6,1,134,amzn,2023,2023,cortex-a53,64.0,1.0,O2,5800.0,26112.666666666668,17281.333333333332,46.8109
m7g.16xlarge.cortex-a53-O2.2.0,false,31,54273,ARM,6.1.134-152.225.amzn2023.aarch64,6,1,134,amzn,2023,2023,cortex-a53,64.0,1.0,O2,5800.0,26112.666666666668,17281.333333333332,46.8253
m7g.16xlarge.neoverse-v2-Ofast.0.0,false,31,54273,ARM,6.1.134-152.225.amzn2023.aarch64,6,1,134,amzn,2023,2023,neoverse-v2,64.0,1.0,Ofast,5818.0,42032.0,5600.0,41.6172
m7g.16xlarge.neoverse-v2-Ofast.1.0,false,31,54273,ARM,6.1.134-152.225.amzn2023.aarch64,6,1,134,amzn,2023,2023,neoverse-v2,64.0,1.0,Ofast,5818.0,42032.0,5600.0,44.9754
m7g.16xlarge.neoverse-v2-Ofast.2.0,false,31,54273,ARM,6.1.134-152.225.amzn2023.aarch64,6,1,134,amzn,2023,2023,neoverse-v2,64.0,1.0,Ofast,5818.0,42032.0,5600.0,45.3762
m7g.16xlarge.ampere1-O3.0.0,false,31,54273,ARM,6.1.134-152.225.amzn2023.aarch64,6,1,134,amzn,2023,2023,ampere1,64.0,1.0,O3,6216.0,129965.0,69480.0,38.9003
m7g.16xlarge.ampere1-O3.1.0,false,31,54273,ARM,6.1.134-152.225.amzn2023.aarch64,6,1,134,amzn,2023,2023,ampere1,64.0,1.0,O3,6216.0,129965.0,69480.0,44.9062
m7g.16xlarge.ampere1-O3.2.0,false,31,54273,ARM,6.1.134-152.225.amzn2023.aarch64,6,1,134,amzn,2023,2023,ampere1,64.0,1.0,O3,6216.0,129965.0,69480.0,45.301
m7g.16xlarge.ampere1-O2.0.0,false,31,54273,ARM,6.1.134-152.225.amzn2023.aarch64,6,1,134,amzn,2023,2023,ampere1,64.0,1.0,O2,5960.0,176173.6666666667,36225.0,43.3292
m7g.16xlarge.ampere1-O2.1.0,false,31,54273,ARM,6.1.134-152.225.amzn2023.aarch64,6,1,134,amzn,2023,2023,ampere1,64.0,1.0,O2,5960.0,176173.6666666667,36225.0,45.2352
m7g.16xlarge.ampere1-O2.2.0,false,31,54273,ARM,6.1.134-152.225.amzn2023.aarch64,6,1,134,amzn,2023,2023,ampere1,64.0,1.0,O2,5960.0,176173.6666666667,36225.0,45.4448
m7g.16xlarge.cortex-a76-O0.0.0,false,31,54273,ARM,6.1.134-152.225.amzn2023.aarch64,6,1,134,amzn,2023,2023,cortex-a76,64.0,1.0,O0,6041.0,22559.375,8425.625,36.5977
m7g.16xlarge.cortex-a76-O0.1.0,false,31,54273,ARM,6.1.134-152.225.amzn2023.aarch64,6,1,134,amzn,2023,2023,cortex-a76,64.0,1.0,O0,6041.0,22559.375,8425.625,37.366
m7g.16xlarge.cortex-a76-O0.2.0,false,31,54273,ARM,6.1.134-152.225.amzn2023.aarch64,6,1,134,amzn,2023,2023,cortex-a76,64.0,1.0,O0,6041.0,22559.375,8425.625,37.809
m7g.16xlarge.generic-Ofast.0.0,false,31,54273,ARM,6.1.134-152.225.amzn2023.aarch64,6,1,134,amzn,2023,2023,generic,64.0,1.0,Ofast,5811.0,94626.0,72750.0,40.4342
m7g.16xlarge.generic-Ofast.1.0,false,31,54273,ARM,6.1.134-152.225.amzn2023.aarch64,6,1,134,amzn,2023,2023,generic,64.0,1.0,Ofast,5811.0,94626.0,72750.0,44.4194
m7g.16xlarge.generic-Ofast.2.0,false,31,54273,ARM,6.1.134-152.225.amzn2023.aarch64,6,1,134,amzn,2023,2023,generic,64.0,1.0,Ofast,5811.0,94626.0,72750.0,45.2354
m7g.16xlarge.cortex-a76-O2.0.0,false,31,54273,ARM,6.1.134-152.225.amzn2023.aarch64,6,1,134,amzn,2023,2023,cortex-a76,64.0,1.0,O2,6187.0,191489.77777777778,124238.66666666666,38.0905
m7g.16xlarge.cortex-a76-O2.1.0,false,31,54273,ARM,6.1.134-152.225.amzn2023.aarch64,6,1,134,amzn,2023,2023,cortex-a76,64.0,1.0,O2,6187.0,191489.77777777778,124238.66666666666,46.0391
m7g.16xlarge.cortex-a76-O2.2.0,false,31,54273,ARM,6.1.134-152.225.amzn2023.aarch64,6,1,134,amzn,2023,2023,cortex-a76,64.0,1.0,O2,6187.0,191489.77777777778,124238.66666666666,47.0754
m7g.16xlarge.cortex-a53-O0.0.0,false,31,54273,ARM,6.1.134-152.225.amzn2023.aarch64,6,1,134,amzn,2023,2023,cortex-a53,64.0,1.0,O0,6107.0,115112.0,79640.0,34.5931
m7g.16xlarge.cortex-a53-O0.1.0,false,31,54273,ARM,6.1.134-152.225.amzn2023.aarch64,6,1,134,amzn,2023,2023,cortex-a53,64.0,1.0,O0,6107.0,115112.0,79640.0,37.7746
m7g.16xlarge.cortex-a53-O0.2.0,false,31,54273,ARM,6.1.134-152.225.amzn2023.aarch64,6,1,134,amzn,2023,2023,cortex-a53,64.0,1.0,O0,6107.0,115112.0,79640.0,38.1063
m7g.16xlarge.neoverse-n2-Og.0.0,false,31,54273,ARM,6.1.134-152.225.amzn2023.aarch64,6,1,134,amzn,2023,2023,neoverse-n2,64.0,1.0,Og,5991.0,45542.0,7434.0,36.783
m7g.16xlarge.neoverse-n2-Og.1.0,false,31,54273,ARM,6.1.134-152.225.amzn2023.aarch64,6,1,134,amzn,2023,2023,neoverse-n2,64.0,1.0,Og,5991.0,45542.0,7434.0,45.2876
m7g.16xlarge.neoverse-n2-Og.2.0,false,31,54273,ARM,6.1.134-152.225.amzn2023.aarch64,6,1,134,amzn,2023,2023,neoverse-n2,64.0,1.0,Og,5991.0,45542.0,7434.0,45.0568
m7g.16xlarge.generic-O0.0.0,false,31,54273,ARM,6.1.134-152.225.amzn2023.aarch64,6,1,134,amzn,2023,2023,generic,64.0,1.0,O0,6115.0,25236.0,6220.0,35.1669
m7g.16xlarge.generic-O0.1.0,false,31,54273,ARM,6.1.134-152.225.amzn2023.aarch64,6,1,134,amzn,2023,2023,generic,64.0,1.0,O0,6115.0,25236.0,6220.0,37.9271
m7g.16xlarge.generic-O0.2.0,false,31,54273,ARM,6.1.134-152.225.amzn2023.aarch64,6,1,134,amzn,2023,2023,generic,64.0,1.0,O0,6115.0,25236.0,6220.0,37.8419
m7g.16xlarge.native-Og.0.0,false,31,54273,ARM,6.1.134-152.225.amzn2023.aarch64,6,1,134,amzn,2023,2023,native,64.0,1.0,Og,6249.0,88020.0,103866.0,40.0113
m7g.16xlarge.native-Og.1.0,false,31,54273,ARM,6.1.134-152.225.amzn2023.aarch64,6,1,134,amzn,2023,2023,native,64.0,1.0,Og,6249.0,88020.0,103866.0,44.3854
m7g.16xlarge.native-Og.2.0,false,31,54273,ARM,6.1.134-152.225.amzn2023.aarch64,6,1,134,amzn,2023,2023,native,64.0,1.0,Og,6249.0,88020.0,103866.0,45.3019
m7g.16xlarge.ampere1-O0.0.0,false,31,54273,ARM,6.1.134-152.225.amzn2023.aarch64,6,1,134,amzn,2023,2023,ampere1,64.0,1.0,O0,5805.0,9695.166666666666,2093.1666666666665,32.5523
m7g.16xlarge.ampere1-O0.1.0,false,31,54273,ARM,6.1.134-152.225.amzn2023.aarch64,6,1,134,amzn,2023,2023,ampere1,64.0,1.0,O0,5805.0,9695.166666666666,2093.1666666666665,37.7761
m7g.16xlarge.ampere1-O0.2.0,false,31,54273,ARM,6.1.134-152.225.amzn2023.aarch64,6,1,134,amzn,2023,2023,ampere1,64.0,1.0,O0,5805.0,9695.166666666666,2093.1666666666665,37.2668
m7g.16xlarge.cortex-a76-Og.0.0,false,31,54273,ARM,6.1.134-152.225.amzn2023.aarch64,6,1,134,amzn,2023,2023,cortex-a76,64.0,1.0,Og,6081.0,90150.0,95718.0,41.1907
m7g.16xlarge.cortex-a76-Og.1.0,false,31,54273,ARM,6.1.134-152.225.amzn2023.aarch64,6,1,134,amzn,2023,2023,cortex-a76,64.0,1.0,Og,6081.0,90150.0,95718.0,46.8285
m7g.16xlarge.cortex-a76-Og.2.0,false,31,54273,ARM,6.1.134-152.225.amzn2023.aarch64,6,1,134,amzn,2023,2023,cortex-a76,64.0,1.0,Og,6081.0,90150.0,95718.0,47.0142
m7g.16xlarge.cortex-a57-O3.0.0,false,31,54273,ARM,6.1.134-152.225.amzn2023.aarch64,6,1,134,amzn,2023,2023,cortex-a57,64.0,1.0,O3,6177.0,18849.0,256321.5,41.4063
m7g.16xlarge.cortex-a57-O3.1.0,false,31,54273,ARM,6.1.134-152.225.amzn2023.aarch64,6,1,134,amzn,2023,2023,cortex-a57,64.0,1.0,O3,6177.0,18849.0,256321.5,45.2884
m7g.16xlarge.cortex-a57-O3.2.0,false,31,54273,ARM,6.1.134-152.225.amzn2023.aarch64,6,1,134,amzn,2023,2023,cortex-a57,64.0,1.0,O3,6177.0,18849.0,256321.5,45.9195
m7g.16xlarge.neoverse-v2-Os.0.0,false,31,54273,ARM,6.1.134-152.225.amzn2023.aarch64,6,1,134,amzn,2023,2023,neoverse-v2,64.0,1.0,Os,5757.0,147636.0,100968.0,42.4304
m7g.16xlarge.neoverse-v2-Os.1.0,false,31,54273,ARM,6.1.134-152.225.amzn2023.aarch64,6,1,134,amzn,2023,2023,neoverse-v2,64.0,1.0,Os,5757.0,147636.0,100968.0,45.2511
m7g.16xlarge.neoverse-v2-Os.2.0,false,31,54273,ARM,6.1.134-152.225.amzn2023.aarch64,6,1,134,amzn,2023,2023,neoverse-v2,64.0,1.0,Os,5757.0,147636.0,100968.0,43.4446
m7g.16xlarge.neoverse-n1-O1.0.0,false,31,54273,ARM,6.1.134-152.225.amzn2023.aarch64,6,1,134,amzn,2023,2023,neoverse-n1,64.0,1.0,O1,6405.0,18118.571428571428,8099.285714285715,43.3075
m7g.16xlarge.neoverse-n1-O1.1.0,false,31,54273,ARM,6.1.134-152.225.amzn2023.aarch64,6,1,134,amzn,2023,2023,neoverse-n1,64.0,1.0,O1,6405.0,18118.571428571428,8099.285714285715,45.2345
m7g.16xlarge.neoverse-n1-O1.2.0,false,31,54273,ARM,6.1.134-152.225.amzn2023.aarch64,6,1,134,amzn,2023,2023,neoverse-n1,64.0,1.0,O1,6405.0,18118.571428571428,8099.285714285715,45.3582
m7g.16xlarge.cortex-a72-Os.0.0,false,31,54273,ARM,6.1.134-152.225.amzn2023.aarch64,6,1,134,amzn,2023,2023,cortex-a72,64.0,1.0,Os,6206.0,106060.0,79675.0,44.7692
m7g.16xlarge.cortex-a72-Os.1.0,false,31,54273,ARM,6.1.134-152.225.amzn2023.aarch64,6,1,134,amzn,2023,2023,cortex-a72,64.0,1.0,Os,6206.0,106060.0,79675.0,45.3915
m7g.16xlarge.cortex-a72-Os.2.0,false,31,54273,ARM,6.1.134-152.225.amzn2023.aarch64,6,1,134,amzn,2023,2023,cortex-a72,64.0,1.0,Os,6206.0,106060.0,79675.0,45.326
m7g.16xlarge.cortex-a72-Ofast.0.0,false,31,54273,ARM,6.1.134-152.225.amzn2023.aarch64,6,1,134,amzn,2023,2023,cortex-a72,64.0,1.0,Ofast,6274.0,103812.0,69594.0,40.6041
m7g.16xlarge.cortex-a72-Ofast.1.0,false,31,54273,ARM,6.1.134-152.225.amzn2023.aarch64,6,1,134,amzn,2023,2023,cortex-a72,64.0,1.0,Ofast,6274.0,103812.0,69594.0,45.1975
m7g.16xlarge.cortex-a72-Ofast.2.0,false,31,54273,ARM,6.1.134-152.225.amzn2023.aarch64,6,1,134,amzn,2023,2023,cortex-a72,64.0,1.0,Ofast,6274.0,103812.0,69594.0,45.9772
m7g.16xlarge.a64fx-O2.0.0,false,31,54273,ARM,6.1.134-152.225.amzn2023.aarch64,6,1,134,amzn,2023,2023,a64fx,64.0,1.0,O2,6258.0,24661.0,9787.333333333334,40.424
m7g.16xlarge.a64fx-O2.1.0,false,31,54273,ARM,6.1.134-152.225.amzn2023.aarch64,6,1,134,amzn,2023,2023,a64fx,64.0,1.0,O2,6258.0,24661.0,9787.333333333334,39.3525
m7g.16xlarge.a64fx-O2.2.0,false,31,54273,ARM,6.1.134-152.225.amzn2023.aarch64,6,1,134,amzn,2023,2023,a64fx,64.0,1.0,O2,6258.0,24661.0,9787.333333333334,46.4799
m7g.16xlarge.native-Ofast.0.0,false,31,54273,ARM,6.1.134-152.225.amzn2023.aarch64,6,1,134,amzn,2023,2023,native,64.0,1.0,Ofast,5934.0,124131.0,65818.66666666666,43.5399
m7g.16xlarge.native-Ofast.1.0,false,31,54273,ARM,6.1.134-152.225.amzn2023.aarch64,6,1,134,amzn,2023,2023,native,64.0,1.0,Ofast,5934.0,124131.0,65818.66666666666,45.3269
m7g.16xlarge.native-Ofast.2.0,false,31,54273,ARM,6.1.134-152.225.amzn2023.aarch64,6,1,134,amzn,2023,2023,native,64.0,1.0,Ofast,5934.0,124131.0,65818.66666666666,45.3755
m7g.16xlarge.ampere1-Og.0.0,false,31,54273,ARM,6.1.134-152.225.amzn2023.aarch64,6,1,134,amzn,2023,2023,ampere1,64.0,1.0,Og,5976.0,61237.0,881608.0,38.9657
m7g.16xlarge.ampere1-Og.1.0,false,31,54273,ARM,6.1.134-152.225.amzn2023.aarch64,6,1,134,amzn,2023,2023,ampere1,64.0,1.0,Og,5976.0,61237.0,881608.0,45.0446
m7g.16xlarge.ampere1-Og.2.0,false,31,54273,ARM,6.1.134-152.225.amzn2023.aarch64,6,1,134,amzn,2023,2023,ampere1,64.0,1.0,Og,5976.0,61237.0,881608.0,45.4755
m7g.16xlarge.generic-Og.0.0,false,31,54273,ARM,6.1.134-152.225.amzn2023.aarch64,6,1,134,amzn,2023,2023,generic,64.0,1.0,Og,5526.0,111501.77777777778,41512.0,42.4834
m7g.16xlarge.generic-Og.1.0,false,31,54273,ARM,6.1.134-152.225.amzn2023.aarch64,6,1,134,amzn,2023,2023,generic,64.0,1.0,Og,5526.0,111501.77777777778,41512.0,45.6473
m7g.16xlarge.generic-Og.2.0,false,31,54273,ARM,6.1.134-152.225.amzn2023.aarch64,6,1,134,amzn,2023,2023,generic,64.0,1.0,Og,5526.0,111501.77777777778,41512.0,45.3104
m7g.16xlarge.cortex-a76-O1.0.0,false,31,54273,ARM,6.1.134-152.225.amzn2023.aarch64,6,1,134,amzn,2023,2023,cortex-a76,64.0,1.0,O1,6081.0,24883.75,8815.5,41.485
m7g.16xlarge.cortex-a76-O1.1.0,false,31,54273,ARM,6.1.134-152.225.amzn2023.aarch64,6,1,134,amzn,2023,2023,cortex-a76,64.0,1.0,O1,6081.0,24883.75,8815.5,45.6045
m7g.16xlarge.cortex-a76-O1.2.0,false,31,54273,ARM,6.1.134-152.225.amzn2023.aarch64,6,1,134,amzn,2023,2023,cortex-a76,64.0,1.0,O1,6081.0,24883.75,8815.5,45.177
m7g.16xlarge.neoverse-v1-O3.0.0,false,31,54273,ARM,6.1.134-152.225.amzn2023.aarch64,6,1,134,amzn,2023,2023,neoverse-v1,64.0,1.0,O3,6105.0,95436.0,69186.0,43.214
m7g.16xlarge.neoverse-v1-O3.1.0,false,31,54273,ARM,6.1.134-152.225.amzn2023.aarch64,6,1,134,amzn,2023,2023,neoverse-v1,64.0,1.0,O3,6105.0,95436.0,69186.0,45.4376
m7g.16xlarge.neoverse-v1-O3.2.0,false,31,54273,ARM,6.1.134-152.225.amzn2023.aarch64,6,1,134,amzn,2023,2023,neoverse-v1,64.0,1.0,O3,6105.0,95436.0,69186.0,45.2124
m7g.16xlarge.neoverse-v2-Og.0.0,false,31,54273,ARM,6.1.134-152.225.amzn2023.aarch64,6,1,134,amzn,2023,2023,neoverse-v2,64.0,1.0,Og,6062.0,101305.0,74925.0,44.9039
m7g.16xlarge.neoverse-v2-Og.1.0,false,31,54273,ARM,6.1.134-152.225.amzn2023.aarch64,6,1,134,amzn,2023,2023,neoverse-v2,64.0,1.0,Og,6062.0,101305.0,74925.0,46.4075
m7g.16xlarge.neoverse-v2-Og.2.0,false,31,54273,ARM,6.1.134-152.225.amzn2023.aarch64,6,1,134,amzn,2023,2023,neoverse-v2,64.0,1.0,Og,6062.0,101305.0,74925.0,45.2809
m7g.16xlarge.cortex-x1-O1.0.0,false,31,54273,ARM,6.1.134-152.225.amzn2023.aarch64,6,1,134,amzn,2023,2023,cortex-x1,64.0,1.0,O1,6165.0,154728.0,112984.0,40.4978
m7g.16xlarge.cortex-x1-O1.1.0,false,31,54273,ARM,6.1.134-152.225.amzn2023.aarch64,6,1,134,amzn,2023,2023,cortex-x1,64.0,1.0,O1,6165.0,154728.0,112984.0,44.4363
m7g.16xlarge.cortex-x1-O1.2.0,false,31,54273,ARM,6.1.134-152.225.amzn2023.aarch64,6,1,134,amzn,2023,2023,cortex-x1,64.0,1.0,O1,6165.0,154728.0,112984.0,45.2108
m7g.16xlarge.native-O2.0.0,false,31,54273,ARM,6.1.134-152.225.amzn2023.aarch64,6,1,134,amzn,2023,2023,native,64.0,1.0,O2,5846.0,15851.5,3347.25,45.2051
m7g.16xlarge.native-O2.1.0,false,31,54273,ARM,6.1.134-152.225.amzn2023.aarch64,6,1,134,amzn,2023,2023,native,64.0,1.0,O2,5846.0,15851.5,3347.25,45.5907
m7g.16xlarge.native-O2.2.0,false,31,54273,ARM,6.1.134-152.225.amzn2023.aarch64,6,1,134,amzn,2023,2023,native,64.0,1.0,O2,5846.0,15851.5,3347.25,45.4516
m7g.16xlarge.neoverse-v2-O2.0.0,false,31,54273,ARM,6.1.134-152.225.amzn2023.aarch64,6,1,134,amzn,2023,2023,neoverse-v2,64.0,1.0,O2,5909.0,62012.25,25629.0,43.8017
m7g.16xlarge.neoverse-v2-O2.1.0,false,31,54273,ARM,6.1.134-152.225.amzn2023.aarch64,6,1,134,amzn,2023,2023,neoverse-v2,64.0,1.0,O2,5909.0,62012.25,25629.0,45.3288
m7g.16xlarge.neoverse-v2-O2.2.0,false,31,54273,ARM,6.1.134-152.225.amzn2023.aarch64,6,1,134,amzn,2023,2023,neoverse-v2,64.0,1.0,O2,5909.0,62012.25,25629.0,46.3161
m7g.16xlarge.neoverse-n1-Ofast.0.0,false,31,54273,ARM,6.1.134-152.225.amzn2023.aarch64,6,1,134,amzn,2023,2023,neoverse-n1,64.0,1.0,Ofast,5792.0,85974.0,90834.0,42.8961
m7g.16xlarge.neoverse-n1-Ofast.1.0,false,31,54273,ARM,6.1.134-152.225.amzn2023.aarch64,6,1,134,amzn,2023,2023,neoverse-n1,64.0,1.0,Ofast,5792.0,85974.0,90834.0,45.2669
m7g.16xlarge.neoverse-n1-Ofast.2.0,false,31,54273,ARM,6.1.134-152.225.amzn2023.aarch64,6,1,134,amzn,2023,2023,neoverse-n1,64.0,1.0,Ofast,5792.0,85974.0,90834.0,46.2233
m7g.16xlarge.cortex-a53-Ofast.0.0,false,31,54273,ARM,6.1.134-152.225.amzn2023.aarch64,6,1,134,amzn,2023,2023,cortex-a53,64.0,1.0,Ofast,6323.0,9897.0,4698.0,43.8427
m7g.16xlarge.cortex-a53-Ofast.1.0,false,31,54273,ARM,6.1.134-152.225.amzn2023.aarch64,6,1,134,amzn,2023,2023,cortex-a53,64.0,1.0,Ofast,6323.0,9897.0,4698.0,44.8917
m7g.16xlarge.cortex-a53-Ofast.2.0,false,31,54273,ARM,6.1.134-152.225.amzn2023.aarch64,6,1,134,amzn,2023,2023,cortex-a53,64.0,1.0,Ofast,6323.0,9897.0,4698.0,45.4376
m7g.16xlarge.cortex-a57-O2.0.0,false,31,54273,ARM,6.1.134-152.225.amzn2023.aarch64,6,1,134,amzn,2023,2023,cortex-a57,64.0,1.0,O2,5886.0,29650.333333333332,8752.666666666666,41.9263
m7g.16xlarge.cortex-a57-O2.1.0,false,31,54273,ARM,6.1.134-152.225.amzn2023.aarch64,6,1,134,amzn,2023,2023,cortex-a57,64.0,1.0,O2,5886.0,29650.333333333332,8752.666666666666,39.0618
m7g.16xlarge.cortex-a57-O2.2.0,false,31,54273,ARM,6.1.134-152.225.amzn2023.aarch64,6,1,134,amzn,2023,2023,cortex-a57,64.0,1.0,O2,5886.0,29650.333333333332,8752.666666666666,45.0614
m7g.16xlarge.native-O3.0.0,false,31,54273,ARM,6.1.134-152.225.amzn2023.aarch64,6,1,134,amzn,2023,2023,native,64.0,1.0,O3,5632.0,75548.0,744119.0,36.3093
m7g.16xlarge.native-O3.1.0,false,31,54273,ARM,6.1.134-152.225.amzn2023.aarch64,6,1,134,amzn,2023,2023,native,64.0,1.0,O3,5632.0,75548.0,744119.0,45.3372
m7g.16xlarge.native-O3.2.0,false,31,54273,ARM,6.1.134-152.225.amzn2023.aarch64,6,1,134,amzn,2023,2023,native,64.0,1.0,O3,5632.0,75548.0,744119.0,44.9692
m7g.16xlarge.neoverse-n1-Og.0.0,false,31,54273,ARM,6.1.134-152.225.amzn2023.aarch64,6,1,134,amzn,2023,2023,neoverse-n1,64.0,1.0,Og,5400.0,8622.25,4122.625,43.1814
m7g.16xlarge.neoverse-n1-Og.1.0,false,31,54273,ARM,6.1.134-152.225.amzn2023.aarch64,6,1,134,amzn,2023,2023,neoverse-n1,64.0,1.0,Og,5400.0,8622.25,4122.625,45.5183
m7g.16xlarge.neoverse-n1-Og.2.0,false,31,54273,ARM,6.1.134-152.225.amzn2023.aarch64,6,1,134,amzn,2023,2023,neoverse-n1,64.0,1.0,Og,5400.0,8622.25,4122.625,45.2482
m7g.16xlarge.cortex-x1-Ofast.0.0,false,31,54273,ARM,6.1.134-152.225.amzn2023.aarch64,6,1,134,amzn,2023,2023,cortex-x1,64.0,1.0,Ofast,6097.0,103422.0,80310.0,41.3159
m7g.16xlarge.cortex-x1-Ofast.1.0,false,31,54273,ARM,6.1.134-152.225.amzn2023.aarch64,6,1,134,amzn,2023,2023,cortex-x1,64.0,1.0,Ofast,6097.0,103422.0,80310.0,37.2869
m7g.16xlarge.cortex-x1-Ofast.2.0,false,31,54273,ARM,6.1.134-152.225.amzn2023.aarch64,6,1,134,amzn,2023,2023,cortex-x1,64.0,1.0,Ofast,6097.0,103422.0,80310.0,45.6662
m7g.16xlarge.neoverse-v1-Og.0.0,false,31,54273,ARM,6.1.134-152.225.amzn2023.aarch64,6,1,134,amzn,2023,2023,neoverse-v1,64.0,1.0,Og,5973.0,82625.0,52750.0,42.7864
m7g.16xlarge.neoverse-v1-Og.1.0,false,31,54273,ARM,6.1.134-152.225.amzn2023.aarch64,6,1,134,amzn,2023,2023,neoverse-v1,64.0,1.0,Og,5973.0,82625.0,52750.0,39.2905
m7g.16xlarge.neoverse-v1-Og.2.0,false,31,54273,ARM,6.1.134-152.225.amzn2023.aarch64,6,1,134,amzn,2023,2023,neoverse-v1,64.0,1.0,Og,5973.0,82625.0,52750.0,46.2778
m7g.16xlarge.neoverse-v1-Os.0.0,false,31,54273,ARM,6.1.134-152.225.amzn2023.aarch64,6,1,134,amzn,2023,2023,neoverse-v1,64.0,1.0,Os,6207.0,124348.0,88299.98765432098,42.6432
m7g.16xlarge.neoverse-v1-Os.1.0,false,31,54273,ARM,6.1.134-152.225.amzn2023.aarch64,6,1,134,amzn,2023,2023,neoverse-v1,64.0,1.0,Os,6207.0,124348.0,88299.98765432098,41.2242
m7g.16xlarge.neoverse-v1-Os.2.0,false,31,54273,ARM,6.1.134-152.225.amzn2023.aarch64,6,1,134,amzn,2023,2023,neoverse-v1,64.0,1.0,Os,6207.0,124348.0,88299.98765432098,45.1341
m7g.16xlarge.cortex-x1-O2.0.0,false,31,54273,ARM,6.1.134-152.225.amzn2023.aarch64,6,1,134,amzn,2023,2023,cortex-x1,64.0,1.0,O2,6019.0,36787.0,7696.0,42.1488
m7g.16xlarge.cortex-x1-O2.1.0,false,31,54273,ARM,6.1.134-152.225.amzn2023.aarch64,6,1,134,amzn,2023,2023,cortex-x1,64.0,1.0,O2,6019.0,36787.0,7696.0,40.7239
m7g.16xlarge.cortex-x1-O2.2.0,false,31,54273,ARM,6.1.134-152.225.amzn2023.aarch64,6,1,134,amzn,2023,2023,cortex-x1,64.0,1.0,O2,6019.0,36787.0,7696.0,45.3142
m7g.16xlarge.neoverse-n2-Os.0.0,false,31,54273,ARM,6.1.134-152.225.amzn2023.aarch64,6,1,134,amzn,2023,2023,neoverse-n2,64.0,1.0,Os,5796.0,176426.25,179537.21041666667,38.9357
m7g.16xlarge.neoverse-n2-Os.1.0,false,31,54273,ARM,6.1.134-152.225.amzn2023.aarch64,6,1,134,amzn,2023,2023,neoverse-n2,64.0,1.0,Os,5796.0,176426.25,179537.21041666667,45.3625
m7g.16xlarge.neoverse-n2-Os.2.0,false,31,54273,ARM,6.1.134-152.225.amzn2023.aarch64,6,1,134,amzn,2023,2023,neoverse-n2,64.0,1.0,Os,5796.0,176426.25,179537.21041666667,45.2908
m7g.16xlarge.a64fx-O1.0.0,false,31,54273,ARM,6.1.134-152.225.amzn2023.aarch64,6,1,134,amzn,2023,2023,a64fx,64.0,1.0,O1,6489.0,134496.66666666666,112248.0,42.9148
m7g.16xlarge.a64fx-O1.1.0,false,31,54273,ARM,6.1.134-152.225.amzn2023.aarch64,6,1,134,amzn,2023,2023,a64fx,64.0,1.0,O1,6489.0,134496.66666666666,112248.0,44.6322
m7g.16xlarge.a64fx-O1.2.0,false,31,54273,ARM,6.1.134-152.225.amzn2023.aarch64,6,1,134,amzn,2023,2023,a64fx,64.0,1.0,O1,6489.0,134496.66666666666,112248.0,45.3384
m7g.16xlarge.a64fx-Os.0.0,false,31,54273,ARM,6.1.134-152.225.amzn2023.aarch64,6,1,134,amzn,2023,2023,a64fx,64.0,1.0,Os,6346.0,9009.0,4544.625,39.9924
m7g.16xlarge.a64fx-Os.1.0,false,31,54273,ARM,6.1.134-152.225.amzn2023.aarch64,6,1,134,amzn,2023,2023,a64fx,64.0,1.0,Os,6346.0,9009.0,4544.625,40.1018
m7g.16xlarge.a64fx-Os.2.0,false,31,54273,ARM,6.1.134-152.225.amzn2023.aarch64,6,1,134,amzn,2023,2023,a64fx,64.0,1.0,Os,6346.0,9009.0,4544.625,45.9314
m7g.16xlarge.cortex-a57-Os.0.0,false,31,54273,ARM,6.1.134-152.225.amzn2023.aarch64,6,1,134,amzn,2023,2023,cortex-a57,64.0,1.0,Os,6102.0,8401.25,4093.5,43.2293
m7g.16xlarge.cortex-a57-Os.1.0,false,31,54273,ARM,6.1.134-152.225.amzn2023.aarch64,6,1,134,amzn,2023,2023,cortex-a57,64.0,1.0,Os,6102.0,8401.25,4093.5,44.5287
m7g.16xlarge.cortex-a57-Os.2.0,false,31,54273,ARM,6.1.134-152.225.amzn2023.aarch64,6,1,134,amzn,2023,2023,cortex-a57,64.0,1.0,Os,6102.0,8401.25,4093.5,44.6301
m7g.16xlarge.cortex-a53-O1.0.0,false,31,54273,ARM,6.1.134-152.225.amzn2023.aarch64,6,1,134,amzn,2023,2023,cortex-a53,64.0,1.0,O1,6194.0,5702.0,3011.625,41.4192
m7g.16xlarge.cortex-a53-O1.1.0,false,31,54273,ARM,6.1.134-152.225.amzn2023.aarch64,6,1,134,amzn,2023,2023,cortex-a53,64.0,1.0,O1,6194.0,5702.0,3011.625,39.2386
m7g.16xlarge.cortex-a53-O1.2.0,false,31,54273,ARM,6.1.134-152.225.amzn2023.aarch64,6,1,134,amzn,2023,2023,cortex-a53,64.0,1.0,O1,6194.0,5702.0,3011.625,46.5483
m7g.16xlarge.neoverse-v1-O2.0.0,false,31,54273,ARM,6.1.134-152.225.amzn2023.aarch64,6,1,134,amzn,2023,2023,neoverse-v1,64.0,1.0,O2,6359.0,101489.5,82691.0,41.0263
m7g.16xlarge.neoverse-v1-O2.1.0,false,31,54273,ARM,6.1.134-152.225.amzn2023.aarch64,6,1,134,amzn,2023,2023,neoverse-v1,64.0,1.0,O2,6359.0,101489.5,82691.0,44.6914
m7g.16xlarge.neoverse-v1-O2.2.0,false,31,54273,ARM,6.1.134-152.225.amzn2023.aarch64,6,1,134,amzn,2023,2023,neoverse-v1,64.0,1.0,O2,6359.0,101489.5,82691.0,44.4133
m7g.16xlarge.ampere1-O1.0.0,false,31,54273,ARM,6.1.134-152.225.amzn2023.aarch64,6,1,134,amzn,2023,2023,ampere1,64.0,1.0,O1,5624.0,6922.25,3220.25,43.1171
m7g.16xlarge.ampere1-O1.1.0,false,31,54273,ARM,6.1.134-152.225.amzn2023.aarch64,6,1,134,amzn,2023,2023,ampere1,64.0,1.0,O1,5624.0,6922.25,3220.25,45.5057
m7g.16xlarge.ampere1-O1.2.0,false,31,54273,ARM,6.1.134-152.225.amzn2023.aarch64,6,1,134,amzn,2023,2023,ampere1,64.0,1.0,O1,5624.0,6922.25,3220.25,45.1248
m7g.16xlarge.neoverse-n2-O3.0.0,false,31,54273,ARM,6.1.134-152.225.amzn2023.aarch64,6,1,134,amzn,2023,2023,neoverse-n2,64.0,1.0,O3,5732.0,4048.875,1522.375,37.5713
m7g.16xlarge.neoverse-n2-O3.1.0,false,31,54273,ARM,6.1.134-152.225.amzn2023.aarch64,6,1,134,amzn,2023,2023,neoverse-n2,64.0,1.0,O3,5732.0,4048.875,1522.375,46.0503
m7g.16xlarge.neoverse-n2-O3.2.0,false,31,54273,ARM,6.1.134-152.225.amzn2023.aarch64,6,1,134,amzn,2023,2023,neoverse-n2,64.0,1.0,O3,5732.0,4048.875,1522.375,45.2676
m7g.16xlarge.neoverse-n2-O1.0.0,false,31,54273,ARM,6.1.134-152.225.amzn2023.aarch64,6,1,134,amzn,2023,2023,neoverse-n2,64.0,1.0,O1,6076.0,87072.0,69912.0,43.6043
m7g.16xlarge.neoverse-n2-O1.1.0,false,31,54273,ARM,6.1.134-152.225.amzn2023.aarch64,6,1,134,amzn,2023,2023,neoverse-n2,64.0,1.0,O1,6076.0,87072.0,69912.0,45.3069
m7g.16xlarge.neoverse-n2-O1.2.0,false,31,54273,ARM,6.1.134-152.225.amzn2023.aarch64,6,1,134,amzn,2023,2023,neoverse-n2,64.0,1.0,O1,6076.0,87072.0,69912.0,45.1655
m7g.16xlarge.neoverse-v2-O0.0.0,false,31,54273,ARM,6.1.134-152.225.amzn2023.aarch64,6,1,134,amzn,2023,2023,neoverse-v2,64.0,1.0,O0,6357.0,5599.8,2666.0,29.1783
m7g.16xlarge.neoverse-v2-O0.1.0,false,31,54273,ARM,6.1.134-152.225.amzn2023.aarch64,6,1,134,amzn,2023,2023,neoverse-v2,64.0,1.0,O0,6357.0,5599.8,2666.0,39.0609
m7g.16xlarge.neoverse-v2-O0.2.0,false,31,54273,ARM,6.1.134-152.225.amzn2023.aarch64,6,1,134,amzn,2023,2023,neoverse-v2,64.0,1.0,O0,6357.0,5599.8,2666.0,38.0896
m7g.16xlarge.ampere1-Os.0.0,false,31,54273,ARM,6.1.134-152.225.amzn2023.aarch64,6,1,134,amzn,2023,2023,ampere1,64.0,1.0,Os,6292.0,20052.25,8545.75,43.0827
m7g.16xlarge.ampere1-Os.1.0,false,31,54273,ARM,6.1.134-152.225.amzn2023.aarch64,6,1,134,amzn,2023,2023,ampere1,64.0,1.0,Os,6292.0,20052.25,8545.75,45.3561
m7g.16xlarge.ampere1-Os.2.0,false,31,54273,ARM,6.1.134-152.225.amzn2023.aarch64,6,1,134,amzn,2023,2023,ampere1,64.0,1.0,Os,6292.0,20052.25,8545.75,45.3283
m7g.16xlarge.cortex-a76-O3.0.0,false,31,54273,ARM,6.1.134-152.225.amzn2023.aarch64,6,1,134,amzn,2023,2023,cortex-a76,64.0,1.0,O3,5741.0,133139.33333333334,76792.0,40.545
m7g.16xlarge.cortex-a76-O3.1.0,false,31,54273,ARM,6.1.134-152.225.amzn2023.aarch64,6,1,134,amzn,2023,2023,cortex-a76,64.0,1.0,O3,5741.0,133139.33333333334,76792.0,45.2444
m7g.16xlarge.cortex-a76-O3.2.0,false,31,54273,ARM,6.1.134-152.225.amzn2023.aarch64,6,1,134,amzn,2023,2023,cortex-a76,64.0,1.0,O3,5741.0,133139.33333333334,76792.0,45.5268
m7g.16xlarge.a64fx-O0.0.0,false,31,54273,ARM,6.1.134-152.225.amzn2023.aarch64,6,1,134,amzn,2023,2023,a64fx,64.0,1.0,O0,6325.0,70287.80840277777,26988.576898148145,35.1606
m7g.16xlarge.a64fx-O0.1.0,false,31,54273,ARM,6.1.134-152.225.amzn2023.aarch64,6,1,134,amzn,2023,2023,a64fx,64.0,1.0,O0,6325.0,70287.80840277777,26988.576898148145,37.5685
m7g.16xlarge.a64fx-O0.2.0,false,31,54273,ARM,6.1.134-152.225.amzn2023.aarch64,6,1,134,amzn,2023,2023,a64fx,64.0,1.0,O0,6325.0,70287.80840277777,26988.576898148145,37.6552
m7g.16xlarge.cortex-a53-Og.0.0,false,31,54273,ARM,6.1.134-152.225.amzn2023.aarch64,6,1,134,amzn,2023,2023,cortex-a53,64.0,1.0,Og,6012.0,13686.0,215023.0,43.3523
m7g.16xlarge.cortex-a53-Og.1.0,false,31,54273,ARM,6.1.134-152.225.amzn2023.aarch64,6,1,134,amzn,2023,2023,cortex-a53,64.0,1.0,Og,6012.0,13686.0,215023.0,45.2432
m7g.16xlarge.cortex-a53-Og.2.0,false,31,54273,ARM,6.1.134-152.225.amzn2023.aarch64,6,1,134,amzn,2023,2023,cortex-a53,64.0,1.0,Og,6012.0,13686.0,215023.0,45.0757
m7g.16xlarge.neoverse-n1-O0.0.0,false,31,54273,ARM,6.1.134-152.225.amzn2023.aarch64,6,1,134,amzn,2023,2023,neoverse-n1,64.0,1.0,O0,5554.0,54785.0,27740.0,32.0148
m7g.16xlarge.neoverse-n1-O0.1.0,false,31,54273,ARM,6.1.134-152.225.amzn2023.aarch64,6,1,134,amzn,2023,2023,neoverse-n1,64.0,1.0,O0,5554.0,54785.0,27740.0,34.1195
m7g.16xlarge.neoverse-n1-O0.2.0,false,31,54273,ARM,6.1.134-152.225.amzn2023.aarch64,6,1,134,amzn,2023,2023,neoverse-n1,64.0,1.0,O0,5554.0,54785.0,27740.0,39.341
m7g.16xlarge.cortex-a72-O3.0.0,false,31,54273,ARM,6.1.134-152.225.amzn2023.aarch64,6,1,134,amzn,2023,2023,cortex-a72,64.0,1.0,O3,5681.0,97350.0,75620.0,43.7488
m7g.16xlarge.cortex-a72-O3.1.0,false,31,54273,ARM,6.1.134-152.225.amzn2023.aarch64,6,1,134,amzn,2023,2023,cortex-a72,64.0,1.0,O3,5681.0,97350.0,75620.0,44.6516
m7g.16xlarge.cortex-a72-O3.2.0,false,31,54273,ARM,6.1.134-152.225.amzn2023.aarch64,6,1,134,amzn,2023,2023,cortex-a72,64.0,1.0,O3,5681.0,97350.0,75620.0,46.5015
m7g.16xlarge.neoverse-v1-Ofast.0.0,false,31,54273,ARM,6.1.134-152.225.amzn2023.aarch64,6,1,134,amzn,2023,2023,neoverse-v1,64.0,1.0,Ofast,5891.0,109884.0,97236.0,43.4634
m7g.16xlarge.neoverse-v1-Ofast.1.0,false,31,54273,ARM,6.1.134-152.225.amzn2023.aarch64,6,1,134,amzn,2023,2023,neoverse-v1,64.0,1.0,Ofast,5891.0,109884.0,97236.0,45.2376
m7g.16xlarge.neoverse-v1-Ofast.2.0,false,31,54273,ARM,6.1.134-152.225.amzn2023.aarch64,6,1,134,amzn,2023,2023,neoverse-v1,64.0,1.0,Ofast,5891.0,109884.0,97236.0,46.0923
m7g.16xlarge.cortex-a53-O3.0.0,false,31,54273,ARM,6.1.134-152.225.amzn2023.aarch64,6,1,134,amzn,2023,2023,cortex-a53,64.0,1.0,O3,5919.0,25095.25,7073.625,43.4171
m7g.16xlarge.cortex-a53-O3.1.0,false,31,54273,ARM,6.1.134-152.225.amzn2023.aarch64,6,1,134,amzn,2023,2023,cortex-a53,64.0,1.0,O3,5919.0,25095.25,7073.625,45.4203
m7g.16xlarge.cortex-a53-O3.2.0,false,31,54273,ARM,6.1.134-152.225.amzn2023.aarch64,6,1,134,amzn,2023,2023,cortex-a53,64.0,1.0,O3,5919.0,25095.25,7073.625,45.7182
m7g.16xlarge.cortex-a72-O1.0.0,false,31,54273,ARM,6.1.134-152.225.amzn2023.aarch64,6,1,134,amzn,2023,2023,cortex-a72,64.0,1.0,O1,5659.0,9762.333333333334,4801.333333333333,41.34
m7g.16xlarge.cortex-a72-O1.1.0,false,31,54273,ARM,6.1.134-152.225.amzn2023.aarch64,6,1,134,amzn,2023,2023,cortex-a72,64.0,1.0,O1,5659.0,9762.333333333334,4801.333333333333,38.9641
m7g.16xlarge.cortex-a72-O1.2.0,false,31,54273,ARM,6.1.134-152.225.amzn2023.aarch64,6,1,134,amzn,2023,2023,cortex-a72,64.0,1.0,O1,5659.0,9762.333333333334,4801.333333333333,45.462
m7g.16xlarge.a64fx-Og.0.0,false,31,54273,ARM,6.1.134-152.225.amzn2023.aarch64,6,1,134,amzn,2023,2023,a64fx,64.0,1.0,Og,6129.0,19576.666666666668,7818.0,40.4564
m7g.16xlarge.a64fx-Og.1.0,false,31,54273,ARM,6.1.134-152.225.amzn2023.aarch64,6,1,134,amzn,2023,2023,a64fx,64.0,1.0,Og,6129.0,19576.666666666668,7818.0,45.0176
m7g.16xlarge.a64fx-Og.2.0,false,31,54273,ARM,6.1.134-152.225.amzn2023.aarch64,6,1,134,amzn,2023,2023,a64fx,64.0,1.0,Og,6129.0,19576.666666666668,7818.0,45.1751
m7g.16xlarge.ampere1-Ofast.0.0,false,31,54273,ARM,6.1.134-152.225.amzn2023.aarch64,6,1,134,amzn,2023,2023,ampere1,64.0,1.0,Ofast,5847.0,7754.0,171367.0,43.6401
m7g.16xlarge.ampere1-Ofast.1.0,false,31,54273,ARM,6.1.134-152.225.amzn2023.aarch64,6,1,134,amzn,2023,2023,ampere1,64.0,1.0,Ofast,5847.0,7754.0,171367.0,44.8232
m7g.16xlarge.ampere1-Ofast.2.0,false,31,54273,ARM,6.1.134-152.225.amzn2023.aarch64,6,1,134,amzn,2023,2023,ampere1,64.0,1.0,Ofast,5847.0,7754.0,171367.0,45.7296
m7g.16xlarge.cortex-a76-Os.0.0,false,31,54273,ARM,6.1.134-152.225.amzn2023.aarch64,6,1,134,amzn,2023,2023,cortex-a76,64.0,1.0,Os,6338.0,67696.0,13714.0,40.2502
m7g.16xlarge.cortex-a76-Os.1.0,false,31,54273,ARM,6.1.134-152.225.amzn2023.aarch64,6,1,134,amzn,2023,2023,cortex-a76,64.0,1.0,Os,6338.0,67696.0,13714.0,45.3374
m7g.16xlarge.cortex-a76-Os.2.0,false,31,54273,ARM,6.1.134-152.225.amzn2023.aarch64,6,1,134,amzn,2023,2023,cortex-a76,64.0,1.0,Os,6338.0,67696.0,13714.0,45.2478
m7g.16xlarge.neoverse-n1-O2.0.0,false,31,54273,ARM,6.1.134-152.225.amzn2023.aarch64,6,1,134,amzn,2023,2023,neoverse-n1,64.0,1.0,O2,5862.0,107810.0,90620.0,43.2603
m7g.16xlarge.neoverse-n1-O2.1.0,false,31,54273,ARM,6.1.134-152.225.amzn2023.aarch64,6,1,134,amzn,2023,2023,neoverse-n1,64.0,1.0,O2,5862.0,107810.0,90620.0,45.5037
m7g.16xlarge.neoverse-n1-O2.2.0,false,31,54273,ARM,6.1.134-152.225.amzn2023.aarch64,6,1,134,amzn,2023,2023,neoverse-n1,64.0,1.0,O2,5862.0,107810.0,90620.0,45.7347
m7g.16xlarge.native-O0.0.0,false,31,54273,ARM,6.1.134-152.225.amzn2023.aarch64,6,1,134,amzn,2023,2023,native,64.0,1.0,O0,5672.0,146778.0,76563.0,32.8092
m7g.16xlarge.native-O0.1.0,false,31,54273,ARM,6.1.134-152.225.amzn2023.aarch64,6,1,134,amzn,2023,2023,native,64.0,1.0,O0,5672.0,146778.0,76563.0,37.7796
m7g.16xlarge.native-O0.2.0,false,31,54273,ARM,6.1.134-152.225.amzn2023.aarch64,6,1,134,amzn,2023,2023,native,64.0,1.0,O0,5672.0,146778.0,76563.0,37.9397
m7g.16xlarge.cortex-a57-O0.0.0,false,31,54273,ARM,6.1.134-152.225.amzn2023.aarch64,6,1,134,amzn,2023,2023,cortex-a57,64.0,1.0,O0,5958.0,86359.0,80234.0,32.4517
m7g.16xlarge.cortex-a57-O0.1.0,false,31,54273,ARM,6.1.134-152.225.amzn2023.aarch64,6,1,134,amzn,2023,2023,cortex-a57,64.0,1.0,O0,5958.0,86359.0,80234.0,32.4168
m7g.16xlarge.cortex-a57-O0.2.0,false,31,54273,ARM,6.1.134-152.225.amzn2023.aarch64,6,1,134,amzn,2023,2023,cortex-a57,64.0,1.0,O0,5958.0,86359.0,80234.0,38.1265
m7g.16xlarge.cortex-a57-O1.0.0,false,31,54273,ARM,6.1.134-152.225.amzn2023.aarch64,6,1,134,amzn,2023,2023,cortex-a57,64.0,1.0,O1,6119.0,99085.0,75905.0,39.6486
m7g.16xlarge.cortex-a57-O1.1.0,false,31,54273,ARM,6.1.134-152.225.amzn2023.aarch64,6,1,134,amzn,2023,2023,cortex-a57,64.0,1.0,O1,6119.0,99085.0,75905.0,45.0181
m7g.16xlarge.cortex-a57-O1.2.0,false,31,54273,ARM,6.1.134-152.225.amzn2023.aarch64,6,1,134,amzn,2023,2023,cortex-a57,64.0,1.0,O1,6119.0,99085.0,75905.0,45.1688
m7g.16xlarge.neoverse-v2-O1.0.0,false,31,54273,ARM,6.1.134-152.225.amzn2023.aarch64,6,1,134,amzn,2023,2023,neoverse-v2,64.0,1.0,O1,6326.0,49275.0,56135.0,39.9315
m7g.16xlarge.neoverse-v2-O1.1.0,false,31,54273,ARM,6.1.134-152.225.amzn2023.aarch64,6,1,134,amzn,2023,2023,neoverse-v2,64.0,1.0,O1,6326.0,49275.0,56135.0,39.9116
m7g.16xlarge.neoverse-v2-O1.2.0,false,31,54273,ARM,6.1.134-152.225.amzn2023.aarch64,6,1,134,amzn,2023,2023,neoverse-v2,64.0,1.0,O1,6326.0,49275.0,56135.0,46.9034
m7g.16xlarge.neoverse-n1-O3.0.0,false,31,54273,ARM,6.1.134-152.225.amzn2023.aarch64,6,1,134,amzn,2023,2023,neoverse-n1,64.0,1.0,O3,6335.0,25135.75,6355.25,42.8477
m7g.16xlarge.neoverse-n1-O3.1.0,false,31,54273,ARM,6.1.134-152.225.amzn2023.aarch64,6,1,134,amzn,2023,2023,neoverse-n1,64.0,1.0,O3,6335.0,25135.75,6355.25,45.4894
m7g.16xlarge.neoverse-n1-O3.2.0,false,31,54273,ARM,6.1.134-152.225.amzn2023.aarch64,6,1,134,amzn,2023,2023,neoverse-n1,64.0,1.0,O3,6335.0,25135.75,6355.25,45.4861
c7a.12xlarge.znver4-Og.0.0,false,25,17,AMD,6.1.134-152.225.amzn2023.x86_64,6,1,134,amzn,2023,2023,znver4,48.0,1.0,Og,8850.0,286423.0,11310.0,40.359
c7a.12xlarge.znver4-Og.1.0,false,25,17,AMD,6.1.134-152.225.amzn2023.x86_64,6,1,134,amzn,2023,2023,znver4,48.0,1.0,Og,8850.0,286423.0,11310.0,44.2773
c7a.12xlarge.znver4-Og.2.0,false,25,17,AMD,6.1.134-152.225.amzn2023.x86_64,6,1,134,amzn,2023,2023,znver4,48.0,1.0,Og,8850.0,286423.0,11310.0,41.4146
c7a.12xlarge.haswell-O0.0.0,false,25,17,AMD,6.1.134-152.225.amzn2023.x86_64,6,1,134,amzn,2023,2023,haswell,48.0,1.0,O0,8780.0,292870.1287950928,120648.74704452438,22.6562
c7a.12xlarge.haswell-O0.1.0,false,25,17,AMD,6.1.134-152.225.amzn2023.x86_64,6,1,134,amzn,2023,2023,haswell,48.0,1.0,O0,8780.0,292870.1287950928,120648.74704452438,24.665
c7a.12xlarge.haswell-O0.2.0,false,25,17,AMD,6.1.134-152.225.amzn2023.x86_64,6,1,134,amzn,2023,2023,haswell,48.0,1.0,O0,8780.0,292870.1287950928,120648.74704452438,26.0689
c7a.12xlarge.znver1-O0.0.0,false,25,17,AMD,6.1.134-152.225.amzn2023.x86_64,6,1,134,amzn,2023,2023,znver1,48.0,1.0,O0,9010.0,284795.03901907144,98378.42128964752,25.3079
c7a.12xlarge.znver1-O0.1.0,false,25,17,AMD,6.1.134-152.225.amzn2023.x86_64,6,1,134,amzn,2023,2023,znver1,48.0,1.0,O0,9010.0,284795.03901907144,98378.42128964752,24.6516
c7a.12xlarge.znver1-O0.2.0,false,25,17,AMD,6.1.134-152.225.amzn2023.x86_64,6,1,134,amzn,2023,2023,znver1,48.0,1.0,O0,9010.0,284795.03901907144,98378.42128964752,24.0614
c7a.12xlarge.skylake-O1.0.0,false,25,17,AMD,6.1.134-152.225.amzn2023.x86_64,6,1,134,amzn,2023,2023,skylake,48.0,1.0,O1,8830.0,1010688.8110087966,593647.7174318882,39.6532
c7a.12xlarge.skylake-O1.1.0,false,25,17,AMD,6.1.134-152.225.amzn2023.x86_64,6,1,134,amzn,2023,2023,skylake,48.0,1.0,O1,8830.0,1010688.8110087966,593647.7174318882,35.5398
c7a.12xlarge.skylake-O1.2.0,false,25,17,AMD,6.1.134-152.225.amzn2023.x86_64,6,1,134,amzn,2023,2023,skylake,48.0,1.0,O1,8830.0,1010688.8110087966,593647.7174318882,44.1765
c7a.12xlarge.ivybridge-Os.0.0,false,25,17,AMD,6.1.134-152.225.amzn2023.x86_64,6,1,134,amzn,2023,2023,ivybridge,48.0,1.0,Os,9380.0,793962.7234928019,314968.1822701688,40.6678
c7a.12xlarge.ivybridge-Os.1.0,false,25,17,AMD,6.1.134-152.225.amzn2023.x86_64,6,1,134,amzn,2023,2023,ivybridge,48.0,1.0,Os,9380.0,793962.7234928019,314968.1822701688,47.0541
c7a.12xlarge.ivybridge-Os.2.0,false,25,17,AMD,6.1.134-152.225.amzn2023.x86_64,6,1,134,amzn,2023,2023,ivybridge,48.0,1.0,Os,9380.0,793962.7234928019,314968.1822701688,46.8509
c7a.12xlarge.sapphirerapids-Ofast.0.0,false,25,17,AMD,6.1.134-152.225.amzn2023.x86_64,6,1,134,amzn,2023,2023,sapphirerapids,48.0,1.0,Ofast,9621.0,1732818.3097104628,1707510.1742046808,37.7648
c7a.12xlarge.sapphirerapids-Ofast.1.0,false,25,17,AMD,6.1.134-152.225.amzn2023.x86_64,6,1,134,amzn,2023,2023,sapphirerapids,48.0,1.0,Ofast,9621.0,1732818.3097104628,1707510.1742046808,42.6733
c7a.12xlarge.sapphirerapids-Ofast.2.0,false,25,17,AMD,6.1.134-152.225.amzn2023.x86_64,6,1,134,amzn,2023,2023,sapphirerapids,48.0,1.0,Ofast,9621.0,1732818.3097104628,1707510.1742046808,40.1841
c7a.12xlarge.haswell-Ofast.0.0,false,25,17,AMD,6.1.134-152.225.amzn2023.x86_64,6,1,134,amzn,2023,2023,haswell,48.0,1.0,Ofast,9510.0,1352927.0994926572,1260493.4350523537,42.5973
c7a.12xlarge.haswell-Ofast.1.0,false,25,17,AMD,6.1.134-152.225.amzn2023.x86_64,6,1,134,amzn,2023,2023,haswell,48.0,1.0,Ofast,9510.0,1352927.0994926572,1260493.4350523537,43.9296
c7a.12xlarge.haswell-Ofast.2.0,false,25,17,AMD,6.1.134-152.225.amzn2023.x86_64,6,1,134,amzn,2023,2023,haswell,48.0,1.0,Ofast,9510.0,1352927.0994926572,1260493.4350523537,43.2443
c7a.12xlarge.x86-64-v4-O3.0.0,false,25,17,AMD,6.1.134-152.225.amzn2023.x86_64,6,1,134,amzn,2023,2023,x86-64-v4,48.0,1.0,O3,9130.0,1241308.2915268438,508601.46784877847,39.9055
c7a.12xlarge.x86-64-v4-O3.1.0,false,25,17,AMD,6.1.134-152.225.amzn2023.x86_64,6,1,134,amzn,2023,2023,x86-64-v4,48.0,1.0,O3,9130.0,1241308.2915268438,508601.46784877847,42.8478
c7a.12xlarge.x86-64-v4-O3.2.0,false,25,17,AMD,6.1.134-152.225.amzn2023.x86_64,6,1,134,amzn,2023,2023,x86-64-v4,48.0,1.0,O3,9130.0,1241308.2915268438,508601.46784877847,45.196
c7a.12xlarge.znver2-O3.0.0,false,25,17,AMD,6.1.134-152.225.amzn2023.x86_64,6,1,134,amzn,2023,2023,znver2,48.0,1.0,O3,8971.0,122906.0,3255.0,27.3057
c7a.12xlarge.znver2-O3.1.0,false,25,17,AMD,6.1.134-152.225.amzn2023.x86_64,6,1,134,amzn,2023,2023,znver2,48.0,1.0,O3,8971.0,122906.0,3255.0,40.0674
c7a.12xlarge.znver2-O3.2.0,false,25,17,AMD,6.1.134-152.225.amzn2023.x86_64,6,1,134,amzn,2023,2023,znver2,48.0,1.0,O3,8971.0,122906.0,3255.0,40.8867
c7a.12xlarge.skylake-avx512-Ofast.0.0,false,25,17,AMD,6.1.134-152.225.amzn2023.x86_64,6,1,134,amzn,2023,2023,skylake-avx512,48.0,1.0,Ofast,8450.0,118328.25,44490.75,38.851
c7a.12xlarge.skylake-avx512-Ofast.1.0,false,25,17,AMD,6.1.134-152.225.amzn2023.x86_64,6,1,134,amzn,2023,2023,skylake-avx512,48.0,1.0,Ofast,8450.0,118328.25,44490.75,45.1129
c7a.12xlarge.skylake-avx512-Ofast.2.0,false,25,17,AMD,6.1.134-152.225.amzn2023.x86_64,6,1,134,amzn,2023,2023,skylake-avx512,48.0,1.0,Ofast,8450.0,118328.25,44490.75,44.8923
c7a.12xlarge.skylake-avx512-O3.0.0,false,25,17,AMD,6.1.134-152.225.amzn2023.x86_64,6,1,134,amzn,2023,2023,skylake-avx512,48.0,1.0,O3,9350.0,597394.1102763265,648199.9676574604,42.4743
c7a.12xlarge.skylake-avx512-O3.1.0,false,25,17,AMD,6.1.134-152.225.amzn2023.x86_64,6,1,134,amzn,2023,2023,skylake-avx512,48.0,1.0,O3,9350.0,597394.1102763265,648199.9676574604,43.3448
c7a.12xlarge.skylake-avx512-O3.2.0,false,25,17,AMD,6.1.134-152.225.amzn2023.x86_64,6,1,134,amzn,2023,2023,skylake-avx512,48.0,1.0,O3,9350.0,597394.1102763265,648199.9676574604,43.4394
c7a.12xlarge.x86-64-v3-Os.0.0,false,25,17,AMD,6.1.134-152.225.amzn2023.x86_64,6,1,134,amzn,2023,2023,x86-64-v3,48.0,1.0,Os,9410.0,504204.145372558,378424.27314011997,39.6518
c7a.12xlarge.x86-64-v3-Os.1.0,false,25,17,AMD,6.1.134-152.225.amzn2023.x86_64,6,1,134,amzn,2023,2023,x86-64-v3,48.0,1.0,Os,9410.0,504204.145372558,378424.27314011997,43.9331
c7a.12xlarge.x86-64-v3-Os.2.0,false,25,17,AMD,6.1.134-152.225.amzn2023.x86_64,6,1,134,amzn,2023,2023,x86-64-v3,48.0,1.0,Os,9410.0,504204.145372558,378424.27314011997,41.9913
c7a.12xlarge.icelake-server-Og.0.0,false,25,17,AMD,6.1.134-152.225.amzn2023.x86_64,6,1,134,amzn,2023,2023,icelake-server,48.0,1.0,Og,8590.0,1292379.0512061832,525323.7898803988,37.5329
c7a.12xlarge.icelake-server-Og.1.0,false,25,17,AMD,6.1.134-152.225.amzn2023.x86_64,6,1,134,amzn,2023,2023,icelake-server,48.0,1.0,Og,8590.0,1292379.0512061832,525323.7898803988,41.2252
c7a.12xlarge.icelake-server-Og.2.0,false,25,17,AMD,6.1.134-152.225.amzn2023.x86_64,6,1,134,amzn,2023,2023,icelake-server,48.0,1.0,Og,8590.0,1292379.0512061832,525323.7898803988,46.2173
c7a.12xlarge.znver3-O1.0.0,false,25,17,AMD,6.1.134-152.225.amzn2023.x86_64,6,1,134,amzn,2023,2023,znver3,48.0,1.0,O1,9020.0,402765.0,22040.0,38.8697
c7a.12xlarge.znver3-O1.1.0,false,25,17,AMD,6.1.134-152.225.amzn2023.x86_64,6,1,134,amzn,2023,2023,znver3,48.0,1.0,O1,9020.0,402765.0,22040.0,41.2593
c7a.12xlarge.znver3-O1.2.0,false,25,17,AMD,6.1.134-152.225.amzn2023.x86_64,6,1,134,amzn,2023,2023,znver3,48.0,1.0,O1,9020.0,402765.0,22040.0,42.0332
c7a.12xlarge.haswell-O2.0.0,false,25,17,AMD,6.1.134-152.225.amzn2023.x86_64,6,1,134,amzn,2023,2023,haswell,48.0,1.0,O2,8930.0,733652.4896730409,431348.42231006414,44.2374
c7a.12xlarge.haswell-O2.1.0,false,25,17,AMD,6.1.134-152.225.amzn2023.x86_64,6,1,134,amzn,2023,2023,haswell,48.0,1.0,O2,8930.0,733652.4896730409,431348.42231006414,47.3956
c7a.12xlarge.haswell-O2.2.0,false,25,17,AMD,6.1.134-152.225.amzn2023.x86_64,6,1,134,amzn,2023,2023,haswell,48.0,1.0,O2,8930.0,733652.4896730409,431348.42231006414,47.324
c7a.12xlarge.x86-64-v4-Ofast.0.0,false,25,17,AMD,6.1.134-152.225.amzn2023.x86_64,6,1,134,amzn,2023,2023,x86-64-v4,48.0,1.0,Ofast,10080.0,1331880.1666717762,683933.0306882538,34.5858
c7a.12xlarge.x86-64-v4-Ofast.1.0,false,25,17,AMD,6.1.134-152.225.amzn2023.x86_64,6,1,134,amzn,2023,2023,x86-64-v4,48.0,1.0,Ofast,10080.0,1331880.1666717762,683933.0306882538,43.8068
c7a.12xlarge.x86-64-v4-Ofast.2.0,false,25,17,AMD,6.1.134-152.225.amzn2023.x86_64,6,1,134,amzn,2023,2023,x86-64-v4,48.0,1.0,Ofast,10080.0,1331880.1666717762,683933.0306882538,46.6075
c7a.12xlarge.haswell-Os.0.0,false,25,17,AMD,6.1.134-152.225.amzn2023.x86_64,6,1,134,amzn,2023,2023,haswell,48.0,1.0,Os,9621.0,1203737.757173237,916196.5138660436,38.8617
c7a.12xlarge.haswell-Os.1.0,false,25,17,AMD,6.1.134-152.225.amzn2023.x86_64,6,1,134,amzn,2023,2023,haswell,48.0,1.0,Os,9621.0,1203737.757173237,916196.5138660436,44.1133
c7a.12xlarge.haswell-Os.2.0,false,25,17,AMD,6.1.134-152.225.amzn2023.x86_64,6,1,134,amzn,2023,2023,haswell,48.0,1.0,Os,9621.0,1203737.757173237,916196.5138660436,43.2568
c7a.12xlarge.x86-64-v3-O3.0.0,false,25,17,AMD,6.1.134-152.225.amzn2023.x86_64,6,1,134,amzn,2023,2023,x86-64-v3,48.0,1.0,O3,9580.0,637059.2627331521,311877.9312797305,41.4956
c7a.12xlarge.x86-64-v3-O3.1.0,false,25,17,AMD,6.1.134-152.225.amzn2023.x86_64,6,1,134,amzn,2023,2023,x86-64-v3,48.0,1.0,O3,9580.0,637059.2627331521,311877.9312797305,36.8271
c7a.12xlarge.x86-64-v3-O3.2.0,false,25,17,AMD,6.1.134-152.225.amzn2023.x86_64,6,1,134,amzn,2023,2023,x86-64-v3,48.0,1.0,O3,9580.0,637059.2627331521,311877.9312797305,44.8144
c7a.12xlarge.znver1-Os.0.0,false,25,17,AMD,6.1.134-152.225.amzn2023.x86_64,6,1,134,amzn,2023,2023,znver1,48.0,1.0,Os,9660.0,793370.4677981274,857766.8498970816,38.6581
c7a.12xlarge.znver1-Os.1.0,false,25,17,AMD,6.1.134-152.225.amzn2023.x86_64,6,1,134,amzn,2023,2023,znver1,48.0,1.0,Os,9660.0,793370.4677981274,857766.8498970816,40.0829
c7a.12xlarge.znver1-Os.2.0,false,25,17,AMD,6.1.134-152.225.amzn2023.x86_64,6,1,134,amzn,2023,2023,znver1,48.0,1.0,Os,9660.0,793370.4677981274,857766.8498970816,43.0857
c7a.12xlarge.sandybridge-O1.0.0,false,25,17,AMD,6.1.134-152.225.amzn2023.x86_64,6,1,134,amzn,2023,2023,sandybridge,48.0,1.0,O1,9490.0,1176678.3175902579,493782.9428887575,35.4363
c7a.12xlarge.sandybridge-O1.1.0,false,25,17,AMD,6.1.134-152.225.amzn2023.x86_64,6,1,134,amzn,2023,2023,sandybridge,48.0,1.0,O1,9490.0,1176678.3175902579,493782.9428887575,44.5806
c7a.12xlarge.sandybridge-O1.2.0,false,25,17,AMD,6.1.134-152.225.amzn2023.x86_64,6,1,134,amzn,2023,2023,sandybridge,48.0,1.0,O1,9490.0,1176678.3175902579,493782.9428887575,48.5561
c7a.12xlarge.x86-64-v2-O0.0.0,false,25,17,AMD,6.1.134-152.225.amzn2023.x86_64,6,1,134,amzn,2023,2023,x86-64-v2,48.0,1.0,O0,8520.0,319073.0,4860.0,20.6969
c7a.12xlarge.x86-64-v2-O0.1.0,false,25,17,AMD,6.1.134-152.225.amzn2023.x86_64,6,1,134,amzn,2023,2023,x86-64-v2,48.0,1.0,O0,8520.0,319073.0,4860.0,20.3284
c7a.12xlarge.x86-64-v2-O0.2.0,false,25,17,AMD,6.1.134-152.225.amzn2023.x86_64,6,1,134,amzn,2023,2023,x86-64-v2,48.0,1.0,O0,8520.0,319073.0,4860.0,24.8254
c7a.12xlarge.skylake-Og.0.0,false,25,17,AMD,6.1.134-152.225.amzn2023.x86_64,6,1,134,amzn,2023,2023,skylake,48.0,1.0,Og,9020.0,663874.6556037767,405019.4215118094,40.2981
c7a.12xlarge.skylake-Og.1.0,false,25,17,AMD,6.1.134-152.225.amzn2023.x86_64,6,1,134,amzn,2023,2023,skylake,48.0,1.0,Og,9020.0,663874.6556037767,405019.4215118094,35.2492
c7a.12xlarge.skylake-Og.2.0,false,25,17,AMD,6.1.134-152.225.amzn2023.x86_64,6,1,134,amzn,2023,2023,skylake,48.0,1.0,Og,9020.0,663874.6556037767,405019.4215118094,43.6732
c7a.12xlarge.ivybridge-O3.0.0,false,25,17,AMD,6.1.134-152.225.amzn2023.x86_64,6,1,134,amzn,2023,2023,ivybridge,48.0,1.0,O3,9810.0,209385.72259930757,95269.91985544222,40.6326
c7a.12xlarge.ivybridge-O3.1.0,false,25,17,AMD,6.1.134-152.225.amzn2023.x86_64,6,1,134,amzn,2023,2023,ivybridge,48.0,1.0,O3,9810.0,209385.72259930757,95269.91985544222,37.5621
c7a.12xlarge.ivybridge-O3.2.0,false,25,17,AMD,6.1.134-152.225.amzn2023.x86_64,6,1,134,amzn,2023,2023,ivybridge,48.0,1.0,O3,9810.0,209385.72259930757,95269.91985544222,42.2907
c7a.12xlarge.broadwell-Ofast.0.0,false,25,17,AMD,6.1.134-152.225.amzn2023.x86_64,6,1,134,amzn,2023,2023,broadwell,48.0,1.0,Ofast,9210.0,556153.2571707838,375366.34523432783,42.1856
c7a.12xlarge.broadwell-Ofast.1.0,false,25,17,AMD,6.1.134-152.225.amzn2023.x86_64,6,1,134,amzn,2023,2023,broadwell,48.0,1.0,Ofast,9210.0,556153.2571707838,375366.34523432783,36.2167
c7a.12xlarge.broadwell-Ofast.2.0,false,25,17,AMD,6.1.134-152.225.amzn2023.x86_64,6,1,134,amzn,2023,2023,broadwell,48.0,1.0,Ofast,9210.0,556153.2571707838,375366.34523432783,42.8126
c7a.12xlarge.native-O2.0.0,false,25,17,AMD,6.1.134-152.225.amzn2023.x86_64,6,1,134,amzn,2023,2023,native,48.0,1.0,O2,8810.0,322398.6296121604,124937.4056520425,33.6894
c7a.12xlarge.native-O2.1.0,false,25,17,AMD,6.1.134-152.225.amzn2023.x86_64,6,1,134,amzn,2023,2023,native,48.0,1.0,O2,8810.0,322398.6296121604,124937.4056520425,49.5088
c7a.12xlarge.native-O2.2.0,false,25,17,AMD,6.1.134-152.225.amzn2023.x86_64,6,1,134,amzn,2023,2023,native,48.0,1.0,O2,8810.0,322398.6296121604,124937.4056520425,47.626
c7a.12xlarge.znver4-O2.0.0,false,25,17,AMD,6.1.134-152.225.amzn2023.x86_64,6,1,134,amzn,2023,2023,znver4,48.0,1.0,O2,9010.0,1542561.3864392492,804696.2898971481,41.0435
c7a.12xlarge.znver4-O2.1.0,false,25,17,AMD,6.1.134-152.225.amzn2023.x86_64,6,1,134,amzn,2023,2023,znver4,48.0,1.0,O2,9010.0,1542561.3864392492,804696.2898971481,44.2008
c7a.12xlarge.znver4-O2.2.0,false,25,17,AMD,6.1.134-152.225.amzn2023.x86_64,6,1,134,amzn,2023,2023,znver4,48.0,1.0,O2,9010.0,1542561.3864392492,804696.2898971481,44.6976
c7a.12xlarge.znver3-Os.0.0,false,25,17,AMD,6.1.134-152.225.amzn2023.x86_64,6,1,134,amzn,2023,2023,znver3,48.0,1.0,Os,9610.0,434614.7875661376,166979.2380952381,39.7977
c7a.12xlarge.znver3-Os.1.0,false,25,17,AMD,6.1.134-152.225.amzn2023.x86_64,6,1,134,amzn,2023,2023,znver3,48.0,1.0,Os,9610.0,434614.7875661376,166979.2380952381,40.9458
c7a.12xlarge.znver3-Os.2.0,false,25,17,AMD,6.1.134-152.225.amzn2023.x86_64,6,1,134,amzn,2023,2023,znver3,48.0,1.0,Os,9610.0,434614.7875661376,166979.2380952381,41.175
c7a.12xlarge.znver1-O1.0.0,false,25,17,AMD,6.1.134-152.225.amzn2023.x86_64,6,1,134,amzn,2023,2023,znver1,48.0,1.0,O1,9770.0,1005275.7252461154,638837.782135901,30.7284
c7a.12xlarge.znver1-O1.1.0,false,25,17,AMD,6.1.134-152.225.amzn2023.x86_64,6,1,134,amzn,2023,2023,znver1,48.0,1.0,O1,9770.0,1005275.7252461154,638837.782135901,44.9776
c7a.12xlarge.znver1-O1.2.0,false,25,17,AMD,6.1.134-152.225.amzn2023.x86_64,6,1,134,amzn,2023,2023,znver1,48.0,1.0,O1,9770.0,1005275.7252461154,638837.782135901,42.3067
c7a.12xlarge.sandybridge-Os.0.0,false,25,17,AMD,6.1.134-152.225.amzn2023.x86_64,6,1,134,amzn,2023,2023,sandybridge,48.0,1.0,Os,8680.0,444133.4621212208,253883.35566519958,38.7614
c7a.12xlarge.sandybridge-Os.1.0,false,25,17,AMD,6.1.134-152.225.amzn2023.x86_64,6,1,134,amzn,2023,2023,sandybridge,48.0,1.0,Os,8680.0,444133.4621212208,253883.35566519958,44.6262
c7a.12xlarge.sandybridge-Os.2.0,false,25,17,AMD,6.1.134-152.225.amzn2023.x86_64,6,1,134,amzn,2023,2023,sandybridge,48.0,1.0,Os,8680.0,444133.4621212208,253883.35566519958,44.0707
c7a.12xlarge.btver2-Os.0.0,false,25,17,AMD,6.1.134-152.225.amzn2023.x86_64,6,1,134,amzn,2023,2023,btver2,48.0,1.0,Os,8650.0,58909.09090909091,76602.62121212122,37.4684
c7a.12xlarge.btver2-Os.1.0,false,25,17,AMD,6.1.134-152.225.amzn2023.x86_64,6,1,134,amzn,2023,2023,btver2,48.0,1.0,Os,8650.0,58909.09090909091,76602.62121212122,33.5708
c7a.12xlarge.btver2-Os.2.0,false,25,17,AMD,6.1.134-152.225.amzn2023.x86_64,6,1,134,amzn,2023,2023,btver2,48.0,1.0,Os,8650.0,58909.09090909091,76602.62121212122,41.0094
c7a.12xlarge.znver2-Os.0.0,false,25,17,AMD,6.1.134-152.225.amzn2023.x86_64,6,1,134,amzn,2023,2023,znver2,48.0,1.0,Os,9600.0,761091.6291744174,621507.6825765652,33.0347
c7a.12xlarge.znver2-Os.1.0,false,25,17,AMD,6.1.134-152.225.amzn2023.x86_64,6,1,134,amzn,2023,2023,znver2,48.0,1.0,Os,9600.0,761091.6291744174,621507.6825765652,40.756
c7a.12xlarge.znver2-Os.2.0,false,25,17,AMD,6.1.134-152.225.amzn2023.x86_64,6,1,134,amzn,2023,2023,znver2,48.0,1.0,Os,9600.0,761091.6291744174,621507.6825765652,40.9247
c7a.12xlarge.znver3-Ofast.0.0,false,25,17,AMD,6.1.134-152.225.amzn2023.x86_64,6,1,134,amzn,2023,2023,znver3,48.0,1.0,Ofast,8760.0,1084885.5223500486,458044.93802321254,36.8373
c7a.12xlarge.znver3-Ofast.1.0,false,25,17,AMD,6.1.134-152.225.amzn2023.x86_64,6,1,134,amzn,2023,2023,znver3,48.0,1.0,Ofast,8760.0,1084885.5223500486,458044.93802321254,33.7645
c7a.12xlarge.znver3-Ofast.2.0,false,25,17,AMD,6.1.134-152.225.amzn2023.x86_64,6,1,134,amzn,2023,2023,znver3,48.0,1.0,Ofast,8760.0,1084885.5223500486,458044.93802321254,40.2281
c7a.12xlarge.broadwell-Os.0.0,false,25,17,AMD,6.1.134-152.225.amzn2023.x86_64,6,1,134,amzn,2023,2023,broadwell,48.0,1.0,Os,8820.0,304314.0,9480.0,40.8174
c7a.12xlarge.broadwell-Os.1.0,false,25,17,AMD,6.1.134-152.225.amzn2023.x86_64,6,1,134,amzn,2023,2023,broadwell,48.0,1.0,Os,8820.0,304314.0,9480.0,32.9259
c7a.12xlarge.broadwell-Os.2.0,false,25,17,AMD,6.1.134-152.225.amzn2023.x86_64,6,1,134,amzn,2023,2023,broadwell,48.0,1.0,Os,8820.0,304314.0,9480.0,42.6962
c7a.12xlarge.znver3-O3.0.0,false,25,17,AMD,6.1.134-152.225.amzn2023.x86_64,6,1,134,amzn,2023,2023,znver3,48.0,1.0,O3,9180.0,473014.29177651514,233751.42408040367,38.4272
c7a.12xlarge.znver3-O3.1.0,false,25,17,AMD,6.1.134-152.225.amzn2023.x86_64,6,1,134,amzn,2023,2023,znver3,48.0,1.0,O3,9180.0,473014.29177651514,233751.42408040367,41.3986
c7a.12xlarge.znver3-O3.2.0,false,25,17,AMD,6.1.134-152.225.amzn2023.x86_64,6,1,134,amzn,2023,2023,znver3,48.0,1.0,O3,9180.0,473014.29177651514,233751.42408040367,40.121
c7a.12xlarge.haswell-O3.0.0,false,25,17,AMD,6.1.134-152.225.amzn2023.x86_64,6,1,134,amzn,2023,2023,haswell,48.0,1.0,O3,10240.0,256143.0,12790.0,32.9262
c7a.12xlarge.haswell-O3.1.0,false,25,17,AMD,6.1.134-152.225.amzn2023.x86_64,6,1,134,amzn,2023,2023,haswell,48.0,1.0,O3,10240.0,256143.0,12790.0,43.933
c7a.12xlarge.haswell-O3.2.0,false,25,17,AMD,6.1.134-152.225.amzn2023.x86_64,6,1,134,amzn,2023,2023,haswell,48.0,1.0,O3,10240.0,256143.0,12790.0,45.1669
c7a.12xlarge.znver3-O0.0.0,false,25,17,AMD,6.1.134-152.225.amzn2023.x86_64,6,1,134,amzn,2023,2023,znver3,48.0,1.0,O0,8761.0,440752.98776782356,169251.55947733717,20.2859
c7a.12xlarge.znver3-O0.1.0,false,25,17,AMD,6.1.134-152.225.amzn2023.x86_64,6,1,134,amzn,2023,2023,znver3,48.0,1.0,O0,8761.0,440752.98776782356,169251.55947733717,24.6391
c7a.12xlarge.znver3-O0.2.0,false,25,17,AMD,6.1.134-152.225.amzn2023.x86_64,6,1,134,amzn,2023,2023,znver3,48.0,1.0,O0,8761.0,440752.98776782356,169251.55947733717,24.77
c7a.12xlarge.sapphirerapids-O0.0.0,false,25,17,AMD,6.1.134-152.225.amzn2023.x86_64,6,1,134,amzn,2023,2023,sapphirerapids,48.0,1.0,O0,9420.0,711594.8820600833,514440.75015402713,24.9105
c7a.12xlarge.sapphirerapids-O0.1.0,false,25,17,AMD,6.1.134-152.225.amzn2023.x86_64,6,1,134,amzn,2023,2023,sapphirerapids,48.0,1.0,O0,9420.0,711594.8820600833,514440.75015402713,24.7267
c7a.12xlarge.sapphirerapids-O0.2.0,false,25,17,AMD,6.1.134-152.225.amzn2023.x86_64,6,1,134,amzn,2023,2023,sapphirerapids,48.0,1.0,O0,9420.0,711594.8820600833,514440.75015402713,24.887
c7a.12xlarge.haswell-Og.0.0,false,25,17,AMD,6.1.134-152.225.amzn2023.x86_64,6,1,134,amzn,2023,2023,haswell,48.0,1.0,Og,10110.0,1511060.834766234,772865.8886227097,33.4812
c7a.12xlarge.haswell-Og.1.0,false,25,17,AMD,6.1.134-152.225.amzn2023.x86_64,6,1,134,amzn,2023,2023,haswell,48.0,1.0,Og,10110.0,1511060.834766234,772865.8886227097,44.2665
c7a.12xlarge.haswell-Og.2.0,false,25,17,AMD,6.1.134-152.225.amzn2023.x86_64,6,1,134,amzn,2023,2023,haswell,48.0,1.0,Og,10110.0,1511060.834766234,772865.8886227097,44.0941
c7a.12xlarge.znver1-Og.0.0,false,25,17,AMD,6.1.134-152.225.amzn2023.x86_64,6,1,134,amzn,2023,2023,znver1,48.0,1.0,Og,9480.0,1481949.3444931388,1510911.6463886101,37.9449
c7a.12xlarge.znver1-Og.1.0,false,25,17,AMD,6.1.134-152.225.amzn2023.x86_64,6,1,134,amzn,2023,2023,znver1,48.0,1.0,Og,9480.0,1481949.3444931388,1510911.6463886101,40.2397
c7a.12xlarge.znver1-Og.2.0,false,25,17,AMD,6.1.134-152.225.amzn2023.x86_64,6,1,134,amzn,2023,2023,znver1,48.0,1.0,Og,9480.0,1481949.3444931388,1510911.6463886101,42.8688
c7a.12xlarge.ivybridge-Ofast.0.0,false,25,17,AMD,6.1.134-152.225.amzn2023.x86_64,6,1,134,amzn,2023,2023,ivybridge,48.0,1.0,Ofast,8840.0,910538.4594398115,451162.0021849847,45.1987
c7a.12xlarge.ivybridge-Ofast.1.0,false,25,17,AMD,6.1.134-152.225.amzn2023.x86_64,6,1,134,amzn,2023,2023,ivybridge,48.0,1.0,Ofast,8840.0,910538.4594398115,451162.0021849847,47.9133
c7a.12xlarge.ivybridge-Ofast.2.0,false,25,17,AMD,6.1.134-152.225.amzn2023.x86_64,6,1,134,amzn,2023,2023,ivybridge,48.0,1.0,Ofast,8840.0,910538.4594398115,451162.0021849847,45.8442
c7a.12xlarge.znver1-Ofast.0.0,false,25,17,AMD,6.1.134-152.225.amzn2023.x86_64,6,1,134,amzn,2023,2023,znver1,48.0,1.0,Ofast,9620.0,468241.28865113197,223485.63473855177,39.4778
c7a.12xlarge.znver1-Ofast.1.0,false,25,17,AMD,6.1.134-152.225.amzn2023.x86_64,6,1,134,amzn,2023,2023,znver1,48.0,1.0,Ofast,9620.0,468241.28865113197,223485.63473855177,41.8245
c7a.12xlarge.znver1-Ofast.2.0,false,25,17,AMD,6.1.134-152.225.amzn2023.x86_64,6,1,134,amzn,2023,2023,znver1,48.0,1.0,Ofast,9620.0,468241.28865113197,223485.63473855177,41.628
c7a.12xlarge.btver2-Ofast.0.0,false,25,17,AMD,6.1.134-152.225.amzn2023.x86_64,6,1,134,amzn,2023,2023,btver2,48.0,1.0,Ofast,8640.0,860699.0,54260.0,44.2398
c7a.12xlarge.btver2-Ofast.1.0,false,25,17,AMD,6.1.134-152.225.amzn2023.x86_64,6,1,134,amzn,2023,2023,btver2,48.0,1.0,Ofast,8640.0,860699.0,54260.0,47.14
c7a.12xlarge.btver2-Ofast.2.0,false,25,17,AMD,6.1.134-152.225.amzn2023.x86_64,6,1,134,amzn,2023,2023,btver2,48.0,1.0,Ofast,8640.0,860699.0,54260.0,47.4404
c7a.12xlarge.native-Ofast.0.0,false,25,17,AMD,6.1.134-152.225.amzn2023.x86_64,6,1,134,amzn,2023,2023,native,48.0,1.0,Ofast,9461.0,86918.69444444444,29969.972222222223,41.9572
c7a.12xlarge.native-Ofast.1.0,false,25,17,AMD,6.1.134-152.225.amzn2023.x86_64,6,1,134,amzn,2023,2023,native,48.0,1.0,Ofast,9461.0,86918.69444444444,29969.972222222223,44.8903
c7a.12xlarge.native-Ofast.2.0,false,25,17,AMD,6.1.134-152.225.amzn2023.x86_64,6,1,134,amzn,2023,2023,native,48.0,1.0,Ofast,9461.0,86918.69444444444,29969.972222222223,40.8529
c7a.12xlarge.znver4-Ofast.0.0,false,25,17,AMD,6.1.134-152.225.amzn2023.x86_64,6,1,134,amzn,2023,2023,znver4,48.0,1.0,Ofast,9370.0,512871.8026242386,400124.35373740544,33.2445
c7a.12xlarge.znver4-Ofast.1.0,false,25,17,AMD,6.1.134-152.225.amzn2023.x86_64,6,1,134,amzn,2023,2023,znver4,48.0,1.0,Ofast,9370.0,512871.8026242386,400124.35373740544,46.127
c7a.12xlarge.znver4-Ofast.2.0,false,25,17,AMD,6.1.134-152.225.amzn2023.x86_64,6,1,134,amzn,2023,2023,znver4,48.0,1.0,Ofast,9370.0,512871.8026242386,400124.35373740544,44.7986
c7a.12xlarge.skylake-Ofast.0.0,false,25,17,AMD,6.1.134-152.225.amzn2023.x86_64,6,1,134,amzn,2023,2023,skylake,48.0,1.0,Ofast,9100.0,1674355.1752805775,845905.5368434952,38.9765
c7a.12xlarge.skylake-Ofast.1.0,false,25,17,AMD,6.1.134-152.225.amzn2023.x86_64,6,1,134,amzn,2023,2023,skylake,48.0,1.0,Ofast,9100.0,1674355.1752805775,845905.5368434952,42.092
c7a.12xlarge.skylake-Ofast.2.0,false,25,17,AMD,6.1.134-152.225.amzn2023.x86_64,6,1,134,amzn,2023,2023,skylake,48.0,1.0,Ofast,9100.0,1674355.1752805775,845905.5368434952,42.5758
c7a.12xlarge.x86-64-v3-O2.0.0,false,25,17,AMD,6.1.134-152.225.amzn2023.x86_64,6,1,134,amzn,2023,2023,x86-64-v3,48.0,1.0,O2,9380.0,1435420.4903845605,1059670.1789980745,44.6156
c7a.12xlarge.x86-64-v3-O2.1.0,false,25,17,AMD,6.1.134-152.225.amzn2023.x86_64,6,1,134,amzn,2023,2023,x86-64-v3,48.0,1.0,O2,9380.0,1435420.4903845605,1059670.1789980745,44.0605
c7a.12xlarge.x86-64-v3-O2.2.0,false,25,17,AMD,6.1.134-152.225.amzn2023.x86_64,6,1,134,amzn,2023,2023,x86-64-v3,48.0,1.0,O2,9380.0,1435420.4903845605,1059670.1789980745,44.7321
c7a.12xlarge.x86-64-v3-Ofast.0.0,false,25,17,AMD,6.1.134-152.225.amzn2023.x86_64,6,1,134,amzn,2023,2023,x86-64-v3,48.0,1.0,Ofast,9670.0,979711.5704140447,781506.4734819849,33.9613
c7a.12xlarge.x86-64-v3-Ofast.1.0,false,25,17,AMD,6.1.134-152.225.amzn2023.x86_64,6,1,134,amzn,2023,2023,x86-64-v3,48.0,1.0,Ofast,9670.0,979711.5704140447,781506.4734819849,44.8124
c7a.12xlarge.x86-64-v3-Ofast.2.0,false,25,17,AMD,6.1.134-152.225.amzn2023.x86_64,6,1,134,amzn,2023,2023,x86-64-v3,48.0,1.0,Ofast,9670.0,979711.5704140447,781506.4734819849,45.2627
c7a.12xlarge.znver4-O0.0.0,false,25,17,AMD,6.1.134-152.225.amzn2023.x86_64,6,1,134,amzn,2023,2023,znver4,48.0,1.0,O0,8060.0,579028.3679273175,206869.02062457346,24.6716
c7a.12xlarge.znver4-O0.1.0,false,25,17,AMD,6.1.134-152.225.amzn2023.x86_64,6,1,134,amzn,2023,2023,znver4,48.0,1.0,O0,8060.0,579028.3679273175,206869.02062457346,24.758
c7a.12xlarge.znver4-O0.2.0,false,25,17,AMD,6.1.134-152.225.amzn2023.x86_64,6,1,134,amzn,2023,2023,znver4,48.0,1.0,O0,8060.0,579028.3679273175,206869.02062457346,24.2333
c7a.12xlarge.znver4-Os.0.0,false,25,17,AMD,6.1.134-152.225.amzn2023.x86_64,6,1,134,amzn,2023,2023,znver4,48.0,1.0,Os,9280.0,307562.5269753088,316414.37460258673,40.2565
c7a.12xlarge.znver4-Os.1.0,false,25,17,AMD,6.1.134-152.225.amzn2023.x86_64,6,1,134,amzn,2023,2023,znver4,48.0,1.0,Os,9280.0,307562.5269753088,316414.37460258673,44.5817
c7a.12xlarge.znver4-Os.2.0,false,25,17,AMD,6.1.134-152.225.amzn2023.x86_64,6,1,134,amzn,2023,2023,znver4,48.0,1.0,Os,9280.0,307562.5269753088,316414.37460258673,44.146
c7a.12xlarge.skylake-O2.0.0,false,25,17,AMD,6.1.134-152.225.amzn2023.x86_64,6,1,134,amzn,2023,2023,skylake,48.0,1.0,O2,8360.0,893664.8830116432,776306.1438573274,40.8851
c7a.12xlarge.skylake-O2.1.0,false,25,17,AMD,6.1.134-152.225.amzn2023.x86_64,6,1,134,amzn,2023,2023,skylake,48.0,1.0,O2,8360.0,893664.8830116432,776306.1438573274,42.6078
c7a.12xlarge.skylake-O2.2.0,false,25,17,AMD,6.1.134-152.225.amzn2023.x86_64,6,1,134,amzn,2023,2023,skylake,48.0,1.0,O2,8360.0,893664.8830116432,776306.1438573274,44.7935
c7a.12xlarge.native-O0.0.0,false,25,17,AMD,6.1.134-152.225.amzn2023.x86_64,6,1,134,amzn,2023,2023,native,48.0,1.0,O0,9220.0,790206.5570957935,274780.7800610508,22.9983
c7a.12xlarge.native-O0.1.0,false,25,17,AMD,6.1.134-152.225.amzn2023.x86_64,6,1,134,amzn,2023,2023,native,48.0,1.0,O0,9220.0,790206.5570957935,274780.7800610508,24.7202
c7a.12xlarge.native-O0.2.0,false,25,17,AMD,6.1.134-152.225.amzn2023.x86_64,6,1,134,amzn,2023,2023,native,48.0,1.0,O0,9220.0,790206.5570957935,274780.7800610508,25.163
c7a.12xlarge.x86-64-v4-Og.0.0,false,25,17,AMD,6.1.134-152.225.amzn2023.x86_64,6,1,134,amzn,2023,2023,x86-64-v4,48.0,1.0,Og,9370.0,570269.3979459112,456960.56560484035,42.0782
c7a.12xlarge.x86-64-v4-Og.1.0,false,25,17,AMD,6.1.134-152.225.amzn2023.x86_64,6,1,134,amzn,2023,2023,x86-64-v4,48.0,1.0,Og,9370.0,570269.3979459112,456960.56560484035,43.38
c7a.12xlarge.x86-64-v4-Og.2.0,false,25,17,AMD,6.1.134-152.225.amzn2023.x86_64,6,1,134,amzn,2023,2023,x86-64-v4,48.0,1.0,Og,9370.0,570269.3979459112,456960.56560484035,43.2732
c7a.12xlarge.sandybridge-O3.0.0,false,25,17,AMD,6.1.134-152.225.amzn2023.x86_64,6,1,134,amzn,2023,2023,sandybridge,48.0,1.0,O3,9770.0,575287.9716236896,348360.898989391,42.3007
c7a.12xlarge.sandybridge-O3.1.0,false,25,17,AMD,6.1.134-152.225.amzn2023.x86_64,6,1,134,amzn,2023,2023,sandybridge,48.0,1.0,O3,9770.0,575287.9716236896,348360.898989391,50.1582
c7a.12xlarge.sandybridge-O3.2.0,false,25,17,AMD,6.1.134-152.225.amzn2023.x86_64,6,1,134,amzn,2023,2023,sandybridge,48.0,1.0,O3,9770.0,575287.9716236896,348360.898989391,46.4238
c7a.12xlarge.skylake-Os.0.0,false,25,17,AMD,6.1.134-152.225.amzn2023.x86_64,6,1,134,amzn,2023,2023,skylake,48.0,1.0,Os,9900.0,1134377.2192218306,508507.11876986997,42.9543
c7a.12xlarge.skylake-Os.1.0,false,25,17,AMD,6.1.134-152.225.amzn2023.x86_64,6,1,134,amzn,2023,2023,skylake,48.0,1.0,Os,9900.0,1134377.2192218306,508507.11876986997,47.3839
c7a.12xlarge.skylake-Os.2.0,false,25,17,AMD,6.1.134-152.225.amzn2023.x86_64,6,1,134,amzn,2023,2023,skylake,48.0,1.0,Os,9900.0,1134377.2192218306,508507.11876986997,46.7437
c7a.12xlarge.znver4-O3.0.0,false,25,17,AMD,6.1.134-152.225.amzn2023.x86_64,6,1,134,amzn,2023,2023,znver4,48.0,1.0,O3,10040.0,932869.8152195866,829175.3201434197,36.9846
c7a.12xlarge.znver4-O3.1.0,false,25,17,AMD,6.1.134-152.225.amzn2023.x86_64,6,1,134,amzn,2023,2023,znver4,48.0,1.0,O3,10040.0,932869.8152195866,829175.3201434197,44.7975
c7a.12xlarge.znver4-O3.2.0,false,25,17,AMD,6.1.134-152.225.amzn2023.x86_64,6,1,134,amzn,2023,2023,znver4,48.0,1.0,O3,10040.0,932869.8152195866,829175.3201434197,44.3465
c7a.12xlarge.btver2-O3.0.0,false,25,17,AMD,6.1.134-152.225.amzn2023.x86_64,6,1,134,amzn,2023,2023,btver2,48.0,1.0,O3,8330.0,284684.74551683955,580426.4593820006,39.4649
c7a.12xlarge.btver2-O3.1.0,false,25,17,AMD,6.1.134-152.225.amzn2023.x86_64,6,1,134,amzn,2023,2023,btver2,48.0,1.0,O3,8330.0,284684.74551683955,580426.4593820006,43.8629
c7a.12xlarge.btver2-O3.2.0,false,25,17,AMD,6.1.134-152.225.amzn2023.x86_64,6,1,134,amzn,2023,2023,btver2,48.0,1.0,O3,8330.0,284684.74551683955,580426.4593820006,45.5282
c7a.12xlarge.znver2-Ofast.0.0,false,25,17,AMD,6.1.134-152.225.amzn2023.x86_64,6,1,134,amzn,2023,2023,znver2,48.0,1.0,Ofast,8550.0,306023.0,2030.0,28.3389
c7a.12xlarge.znver2-Ofast.1.0,false,25,17,AMD,6.1.134-152.225.amzn2023.x86_64,6,1,134,amzn,2023,2023,znver2,48.0,1.0,Ofast,8550.0,306023.0,2030.0,43.5339
c7a.12xlarge.znver2-Ofast.2.0,false,25,17,AMD,6.1.134-152.225.amzn2023.x86_64,6,1,134,amzn,2023,2023,znver2,48.0,1.0,Ofast,8550.0,306023.0,2030.0,41.1578
c7a.12xlarge.skylake-avx512-O2.0.0,false,25,17,AMD,6.1.134-152.225.amzn2023.x86_64,6,1,134,amzn,2023,2023,skylake-avx512,48.0,1.0,O2,8811.0,1482170.4311844015,653227.9532622518,41.1272
c7a.12xlarge.skylake-avx512-O2.1.0,false,25,17,AMD,6.1.134-152.225.amzn2023.x86_64,6,1,134,amzn,2023,2023,skylake-avx512,48.0,1.0,O2,8811.0,1482170.4311844015,653227.9532622518,44.9293
c7a.12xlarge.skylake-avx512-O2.2.0,false,25,17,AMD,6.1.134-152.225.amzn2023.x86_64,6,1,134,amzn,2023,2023,skylake-avx512,48.0,1.0,O2,8811.0,1482170.4311844015,653227.9532622518,45.3695
c7a.12xlarge.x86-64-v4-O0.0.0,false,25,17,AMD,6.1.134-152.225.amzn2023.x86_64,6,1,134,amzn,2023,2023,x86-64-v4,48.0,1.0,O0,9530.0,17370.375,2812.5,17.9751
c7a.12xlarge.x86-64-v4-O0.1.0,false,25,17,AMD,6.1.134-152.225.amzn2023.x86_64,6,1,134,amzn,2023,2023,x86-64-v4,48.0,1.0,O0,9530.0,17370.375,2812.5,25.5619
c7a.12xlarge.x86-64-v4-O0.2.0,false,25,17,AMD,6.1.134-152.225.amzn2023.x86_64,6,1,134,amzn,2023,2023,x86-64-v4,48.0,1.0,O0,9530.0,17370.375,2812.5,24.8947
c7a.12xlarge.sapphirerapids-Os.0.0,false,25,17,AMD,6.1.134-152.225.amzn2023.x86_64,6,1,134,amzn,2023,2023,sapphirerapids,48.0,1.0,Os,9840.0,88899.0,32476.0,39.7899
c7a.12xlarge.sapphirerapids-Os.1.0,false,25,17,AMD,6.1.134-152.225.amzn2023.x86_64,6,1,134,amzn,2023,2023,sapphirerapids,48.0,1.0,Os,9840.0,88899.0,32476.0,41.4438
c7a.12xlarge.sapphirerapids-Os.2.0,false,25,17,AMD,6.1.134-152.225.amzn2023.x86_64,6,1,134,amzn,2023,2023,sapphirerapids,48.0,1.0,Os,9840.0,88899.0,32476.0,42.4506
c7a.12xlarge.x86-64-v3-O0.0.0,false,25,17,AMD,6.1.134-152.225.amzn2023.x86_64,6,1,134,amzn,2023,2023,x86-64-v3,48.0,1.0,O0,8820.0,317414.0,6770.0,17.9085
c7a.12xlarge.x86-64-v3-O0.1.0,false,25,17,AMD,6.1.134-152.225.amzn2023.x86_64,6,1,134,amzn,2023,2023,x86-64-v3,48.0,1.0,O0,8820.0,317414.0,6770.0,24.5548
c7a.12xlarge.x86-64-v3-O0.2.0,false,25,17,AMD,6.1.134-152.225.amzn2023.x86_64,6,1,134,amzn,2023,2023,x86-64-v3,48.0,1.0,O0,8820.0,317414.0,6770.0,24.4668
c7a.12xlarge.x86-64-v2-Ofast.0.0,false,25,17,AMD,6.1.134-152.225.amzn2023.x86_64,6,1,134,amzn,2023,2023,x86-64-v2,48.0,1.0,Ofast,10200.0,1089171.0607411722,1066574.701582416,40.3604
c7a.12xlarge.x86-64-v2-Ofast.1.0,false,25,17,AMD,6.1.134-152.225.amzn2023.x86_64,6,1,134,amzn,2023,2023,x86-64-v2,48.0,1.0,Ofast,10200.0,1089171.0607411722,1066574.701582416,44.613
c7a.12xlarge.x86-64-v2-Ofast.2.0,false,25,17,AMD,6.1.134-152.225.amzn2023.x86_64,6,1,134,amzn,2023,2023,x86-64-v2,48.0,1.0,Ofast,10200.0,1089171.0607411722,1066574.701582416,43.7865
c7a.12xlarge.icelake-server-Ofast.0.0,false,25,17,AMD,6.1.134-152.225.amzn2023.x86_64,6,1,134,amzn,2023,2023,icelake-server,48.0,1.0,Ofast,9240.0,950017.3777455529,419003.16360108403,31.2363
c7a.12xlarge.icelake-server-Ofast.1.0,false,25,17,AMD,6.1.134-152.225.amzn2023.x86_64,6,1,134,amzn,2023,2023,icelake-server,48.0,1.0,Ofast,9240.0,950017.3777455529,419003.16360108403,42.2404
c7a.12xlarge.icelake-server-Ofast.2.0,false,25,17,AMD,6.1.134-152.225.amzn2023.x86_64,6,1,134,amzn,2023,2023,icelake-server,48.0,1.0,Ofast,9240.0,950017.3777455529,419003.16360108403,40.571
c7a.12xlarge.znver2-O1.0.0,false,25,17,AMD,6.1.134-152.225.amzn2023.x86_64,6,1,134,amzn,2023,2023,znver2,48.0,1.0,O1,9320.0,363813.89629629627,156540.0,34.2072
c7a.12xlarge.znver2-O1.1.0,false,25,17,AMD,6.1.134-152.225.amzn2023.x86_64,6,1,134,amzn,2023,2023,znver2,48.0,1.0,O1,9320.0,363813.89629629627,156540.0,37.7515
c7a.12xlarge.znver2-O1.2.0,false,25,17,AMD,6.1.134-152.225.amzn2023.x86_64,6,1,134,amzn,2023,2023,znver2,48.0,1.0,O1,9320.0,363813.89629629627,156540.0,43.6905
c7a.12xlarge.broadwell-Og.0.0,false,25,17,AMD,6.1.134-152.225.amzn2023.x86_64,6,1,134,amzn,2023,2023,broadwell,48.0,1.0,Og,9570.0,1584170.4071861608,1438513.9818098615,30.0603
c7a.12xlarge.broadwell-Og.1.0,false,25,17,AMD,6.1.134-152.225.amzn2023.x86_64,6,1,134,amzn,2023,2023,broadwell,48.0,1.0,Og,9570.0,1584170.4071861608,1438513.9818098615,44.8112
c7a.12xlarge.broadwell-Og.2.0,false,25,17,AMD,6.1.134-152.225.amzn2023.x86_64,6,1,134,amzn,2023,2023,broadwell,48.0,1.0,Og,9570.0,1584170.4071861608,1438513.9818098615,44.4862
c7a.12xlarge.icelake-server-O0.0.0,false,25,17,AMD,6.1.134-152.225.amzn2023.x86_64,6,1,134,amzn,2023,2023,icelake-server,48.0,1.0,O0,9200.0,563257.3224728807,327242.898374818,22.5528
c7a.12xlarge.icelake-server-O0.1.0,false,25,17,AMD,6.1.134-152.225.amzn2023.x86_64,6,1,134,amzn,2023,2023,icelake-server,48.0,1.0,O0,9200.0,563257.3224728807,327242.898374818,24.8076
c7a.12xlarge.icelake-server-O0.2.0,false,25,17,AMD,6.1.134-152.225.amzn2023.x86_64,6,1,134,amzn,2023,2023,icelake-server,48.0,1.0,O0,9200.0,563257.3224728807,327242.898374818,26.6906
c7a.12xlarge.x86-64-v3-O1.0.0,false,25,17,AMD,6.1.134-152.225.amzn2023.x86_64,6,1,134,amzn,2023,2023,x86-64-v3,48.0,1.0,O1,8730.0,416226.63135178044,359359.2957129715,45.0833
c7a.12xlarge.x86-64-v3-O1.1.0,false,25,17,AMD,6.1.134-152.225.amzn2023.x86_64,6,1,134,amzn,2023,2023,x86-64-v3,48.0,1.0,O1,8730.0,416226.63135178044,359359.2957129715,47.5287
c7a.12xlarge.x86-64-v3-O1.2.0,false,25,17,AMD,6.1.134-152.225.amzn2023.x86_64,6,1,134,amzn,2023,2023,x86-64-v3,48.0,1.0,O1,8730.0,416226.63135178044,359359.2957129715,45.0791
c7a.12xlarge.x86-64-v4-O1.0.0,false,25,17,AMD,6.1.134-152.225.amzn2023.x86_64,6,1,134,amzn,2023,2023,x86-64-v4,48.0,1.0,O1,8800.0,551859.4343833067,683957.1295426245,41.4247
c7a.12xlarge.x86-64-v4-O1.1.0,false,25,17,AMD,6.1.134-152.225.amzn2023.x86_64,6,1,134,amzn,2023,2023,x86-64-v4,48.0,1.0,O1,8800.0,551859.4343833067,683957.1295426245,46.3516
c7a.12xlarge.x86-64-v4-O1.2.0,false,25,17,AMD,6.1.134-152.225.amzn2023.x86_64,6,1,134,amzn,2023,2023,x86-64-v4,48.0,1.0,O1,8800.0,551859.4343833067,683957.1295426245,45.9385
c7a.12xlarge.skylake-O0.0.0,false,25,17,AMD,6.1.134-152.225.amzn2023.x86_64,6,1,134,amzn,2023,2023,skylake,48.0,1.0,O0,9400.0,337275.1183218061,192482.3610278813,23.9261
c7a.12xlarge.skylake-O0.1.0,false,25,17,AMD,6.1.134-152.225.amzn2023.x86_64,6,1,134,amzn,2023,2023,skylake,48.0,1.0,O0,9400.0,337275.1183218061,192482.3610278813,25.4428
c7a.12xlarge.skylake-O0.2.0,false,25,17,AMD,6.1.134-152.225.amzn2023.x86_64,6,1,134,amzn,2023,2023,skylake,48.0,1.0,O0,9400.0,337275.1183218061,192482.3610278813,24.2007
c7a.12xlarge.bdver4-O1.0.0,false,25,17,AMD,6.1.134-152.225.amzn2023.x86_64,6,1,134,amzn,2023,2023,bdver4,48.0,1.0,O1,8750.0,1218808.9529181803,1340943.0390251218,38.3269
c7a.12xlarge.bdver4-O1.1.0,false,25,17,AMD,6.1.134-152.225.amzn2023.x86_64,6,1,134,amzn,2023,2023,bdver4,48.0,1.0,O1,8750.0,1218808.9529181803,1340943.0390251218,42.5649
c7a.12xlarge.bdver4-O1.2.0,false,25,17,AMD,6.1.134-152.225.amzn2023.x86_64,6,1,134,amzn,2023,2023,bdver4,48.0,1.0,O1,8750.0,1218808.9529181803,1340943.0390251218,42.2841
c7a.12xlarge.x86-64-v2-O3.0.0,false,25,17,AMD,6.1.134-152.225.amzn2023.x86_64,6,1,134,amzn,2023,2023,x86-64-v2,48.0,1.0,O3,9010.0,1447419.3358574666,599389.7194195322,40.2443
c7a.12xlarge.x86-64-v2-O3.1.0,false,25,17,AMD,6.1.134-152.225.amzn2023.x86_64,6,1,134,amzn,2023,2023,x86-64-v2,48.0,1.0,O3,9010.0,1447419.3358574666,599389.7194195322,43.9684
c7a.12xlarge.x86-64-v2-O3.2.0,false,25,17,AMD,6.1.134-152.225.amzn2023.x86_64,6,1,134,amzn,2023,2023,x86-64-v2,48.0,1.0,O3,9010.0,1447419.3358574666,599389.7194195322,43.6491
c7a.12xlarge.skylake-avx512-O0.0.0,false,25,17,AMD,6.1.134-152.225.amzn2023.x86_64,6,1,134,amzn,2023,2023,skylake-avx512,48.0,1.0,O0,9490.0,22821.428571428572,4950.0,15.5889
c7a.12xlarge.skylake-avx512-O0.1.0,false,25,17,AMD,6.1.134-152.225.amzn2023.x86_64,6,1,134,amzn,2023,2023,skylake-avx512,48.0,1.0,O0,9490.0,22821.428571428572,4950.0,24.7437
c7a.12xlarge.skylake-avx512-O0.2.0,false,25,17,AMD,6.1.134-152.225.amzn2023.x86_64,6,1,134,amzn,2023,2023,skylake-avx512,48.0,1.0,O0,9490.0,22821.428571428572,4950.0,24.8327
c7a.12xlarge.broadwell-O2.0.0,false,25,17,AMD,6.1.134-152.225.amzn2023.x86_64,6,1,134,amzn,2023,2023,broadwell,48.0,1.0,O2,9200.0,642740.5238592701,350528.27684375196,37.657
c7a.12xlarge.broadwell-O2.1.0,false,25,17,AMD,6.1.134-152.225.amzn2023.x86_64,6,1,134,amzn,2023,2023,broadwell,48.0,1.0,O2,9200.0,642740.5238592701,350528.27684375196,35.7848
c7a.12xlarge.broadwell-O2.2.0,false,25,17,AMD,6.1.134-152.225.amzn2023.x86_64,6,1,134,amzn,2023,2023,broadwell,48.0,1.0,O2,9200.0,642740.5238592701,350528.27684375196,45.7671
c7a.12xlarge.znver3-Og.0.0,false,25,17,AMD,6.1.134-152.225.amzn2023.x86_64,6,1,134,amzn,2023,2023,znver3,48.0,1.0,Og,9620.0,234862.979067313,157188.49257296257,23.3594
c7a.12xlarge.znver3-Og.1.0,false,25,17,AMD,6.1.134-152.225.amzn2023.x86_64,6,1,134,amzn,2023,2023,znver3,48.0,1.0,Og,9620.0,234862.979067313,157188.49257296257,39.6288
c7a.12xlarge.znver3-Og.2.0,false,25,17,AMD,6.1.134-152.225.amzn2023.x86_64,6,1,134,amzn,2023,2023,znver3,48.0,1.0,Og,9620.0,234862.979067313,157188.49257296257,39.9733
c7a.12xlarge.sandybridge-O0.0.0,false,25,17,AMD,6.1.134-152.225.amzn2023.x86_64,6,1,134,amzn,2023,2023,sandybridge,48.0,1.0,O0,9180.0,181686.8411418644,139763.28916591036,23.999
c7a.12xlarge.sandybridge-O0.1.0,false,25,17,AMD,6.1.134-152.225.amzn2023.x86_64,6,1,134,amzn,2023,2023,sandybridge,48.0,1.0,O0,9180.0,181686.8411418644,139763.28916591036,24.8114
c7a.12xlarge.sandybridge-O0.2.0,false,25,17,AMD,6.1.134-152.225.amzn2023.x86_64,6,1,134,amzn,2023,2023,sandybridge,48.0,1.0,O0,9180.0,181686.8411418644,139763.28916591036,24.054
c7a.12xlarge.skylake-O3.0.0,false,25,17,AMD,6.1.134-152.225.amzn2023.x86_64,6,1,134,amzn,2023,2023,skylake,48.0,1.0,O3,10050.0,1320562.938614558,574577.8017816381,32.4465
c7a.12xlarge.skylake-O3.1.0,false,25,17,AMD,6.1.134-152.225.amzn2023.x86_64,6,1,134,amzn,2023,2023,skylake,48.0,1.0,O3,10050.0,1320562.938614558,574577.8017816381,44.8488
c7a.12xlarge.skylake-O3.2.0,false,25,17,AMD,6.1.134-152.225.amzn2023.x86_64,6,1,134,amzn,2023,2023,skylake,48.0,1.0,O3,10050.0,1320562.938614558,574577.8017816381,44.5428
c7a.12xlarge.x86-64-v4-O2.0.0,false,25,17,AMD,6.1.134-152.225.amzn2023.x86_64,6,1,134,amzn,2023,2023,x86-64-v4,48.0,1.0,O2,9401.0,344211.4230303171,258243.7819842082,42.2487
c7a.12xlarge.x86-64-v4-O2.1.0,false,25,17,AMD,6.1.134-152.225.amzn2023.x86_64,6,1,134,amzn,2023,2023,x86-64-v4,48.0,1.0,O2,9401.0,344211.4230303171,258243.7819842082,46.1765
c7a.12xlarge.x86-64-v4-O2.2.0,false,25,17,AMD,6.1.134-152.225.amzn2023.x86_64,6,1,134,amzn,2023,2023,x86-64-v4,48.0,1.0,O2,9401.0,344211.4230303171,258243.7819842082,47.2852
c7a.12xlarge.sapphirerapids-O2.0.0,false,25,17,AMD,6.1.134-152.225.amzn2023.x86_64,6,1,134,amzn,2023,2023,sapphirerapids,48.0,1.0,O2,9220.0,142652.30757378472,95201.16666666667,26.8468
c7a.12xlarge.sapphirerapids-O2.1.0,false,25,17,AMD,6.1.134-152.225.amzn2023.x86_64,6,1,134,amzn,2023,2023,sapphirerapids,48.0,1.0,O2,9220.0,142652.30757378472,95201.16666666667,44.4074
c7a.12xlarge.sapphirerapids-O2.2.0,false,25,17,AMD,6.1.134-152.225.amzn2023.x86_64,6,1,134,amzn,2023,2023,sapphirerapids,48.0,1.0,O2,9220.0,142652.30757378472,95201.16666666667,43.8065
c7a.12xlarge.ivybridge-O2.0.0,false,25,17,AMD,6.1.134-152.225.amzn2023.x86_64,6,1,134,amzn,2023,2023,ivybridge,48.0,1.0,O2,9761.0,353627.03097978095,149004.76353577053,31.4754
c7a.12xlarge.ivybridge-O2.1.0,false,25,17,AMD,6.1.134-152.225.amzn2023.x86_64,6,1,134,amzn,2023,2023,ivybridge,48.0,1.0,O2,9761.0,353627.03097978095,149004.76353577053,44.4125
c7a.12xlarge.ivybridge-O2.2.0,false,25,17,AMD,6.1.134-152.225.amzn2023.x86_64,6,1,134,amzn,2023,2023,ivybridge,48.0,1.0,O2,9761.0,353627.03097978095,149004.76353577053,44.6493
c7a.12xlarge.znver4-O1.0.0,false,25,17,AMD,6.1.134-152.225.amzn2023.x86_64,6,1,134,amzn,2023,2023,znver4,48.0,1.0,O1,8220.0,808111.5987844587,349785.38930722413,30.5974
c7a.12xlarge.znver4-O1.1.0,false,25,17,AMD,6.1.134-152.225.amzn2023.x86_64,6,1,134,amzn,2023,2023,znver4,48.0,1.0,O1,8220.0,808111.5987844587,349785.38930722413,47.0538
c7a.12xlarge.znver4-O1.2.0,false,25,17,AMD,6.1.134-152.225.amzn2023.x86_64,6,1,134,amzn,2023,2023,znver4,48.0,1.0,O1,8220.0,808111.5987844587,349785.38930722413,47.1696
c7a.12xlarge.sapphirerapids-Og.0.0,false,25,17,AMD,6.1.134-152.225.amzn2023.x86_64,6,1,134,amzn,2023,2023,sapphirerapids,48.0,1.0,Og,9680.0,1573063.930512123,752157.0459803165,37.0346
c7a.12xlarge.sapphirerapids-Og.1.0,false,25,17,AMD,6.1.134-152.225.amzn2023.x86_64,6,1,134,amzn,2023,2023,sapphirerapids,48.0,1.0,Og,9680.0,1573063.930512123,752157.0459803165,41.6122
c7a.12xlarge.sapphirerapids-Og.2.0,false,25,17,AMD,6.1.134-152.225.amzn2023.x86_64,6,1,134,amzn,2023,2023,sapphirerapids,48.0,1.0,Og,9680.0,1573063.930512123,752157.0459803165,41.0945
c7a.12xlarge.ivybridge-O0.0.0,false,25,17,AMD,6.1.134-152.225.amzn2023.x86_64,6,1,134,amzn,2023,2023,ivybridge,48.0,1.0,O0,8481.0,526088.8069096712,200759.4279375427,21.4391
c7a.12xlarge.ivybridge-O0.1.0,false,25,17,AMD,6.1.134-152.225.amzn2023.x86_64,6,1,134,amzn,2023,2023,ivybridge,48.0,1.0,O0,8481.0,526088.8069096712,200759.4279375427,18.8936
c7a.12xlarge.ivybridge-O0.2.0,false,25,17,AMD,6.1.134-152.225.amzn2023.x86_64,6,1,134,amzn,2023,2023,ivybridge,48.0,1.0,O0,8481.0,526088.8069096712,200759.4279375427,25.9912
c7a.12xlarge.znver3-O2.0.0,false,25,17,AMD,6.1.134-152.225.amzn2023.x86_64,6,1,134,amzn,2023,2023,znver3,48.0,1.0,O2,8600.0,574013.0944618054,413860.1135703125,41.4446
c7a.12xlarge.znver3-O2.1.0,false,25,17,AMD,6.1.134-152.225.amzn2023.x86_64,6,1,134,amzn,2023,2023,znver3,48.0,1.0,O2,8600.0,574013.0944618054,413860.1135703125,45.0942
c7a.12xlarge.znver3-O2.2.0,false,25,17,AMD,6.1.134-152.225.amzn2023.x86_64,6,1,134,amzn,2023,2023,znver3,48.0,1.0,O2,8600.0,574013.0944618054,413860.1135703125,44.2272
c7a.12xlarge.znver1-O3.0.0,false,25,17,AMD,6.1.134-152.225.amzn2023.x86_64,6,1,134,amzn,2023,2023,znver1,48.0,1.0,O3,8830.0,815589.270464253,361993.27626209345,36.8224
c7a.12xlarge.znver1-O3.1.0,false,25,17,AMD,6.1.134-152.225.amzn2023.x86_64,6,1,134,amzn,2023,2023,znver1,48.0,1.0,O3,8830.0,815589.270464253,361993.27626209345,41.2573
c7a.12xlarge.znver1-O3.2.0,false,25,17,AMD,6.1.134-152.225.amzn2023.x86_64,6,1,134,amzn,2023,2023,znver1,48.0,1.0,O3,8830.0,815589.270464253,361993.27626209345,43.7189
c7a.12xlarge.znver2-O0.0.0,false,25,17,AMD,6.1.134-152.225.amzn2023.x86_64,6,1,134,amzn,2023,2023,znver2,48.0,1.0,O0,9050.0,392067.7506450914,153971.89814668676,22.9144
c7a.12xlarge.znver2-O0.1.0,false,25,17,AMD,6.1.134-152.225.amzn2023.x86_64,6,1,134,amzn,2023,2023,znver2,48.0,1.0,O0,9050.0,392067.7506450914,153971.89814668676,25.0249
c7a.12xlarge.znver2-O0.2.0,false,25,17,AMD,6.1.134-152.225.amzn2023.x86_64,6,1,134,amzn,2023,2023,znver2,48.0,1.0,O0,9050.0,392067.7506450914,153971.89814668676,24.6221
c7a.12xlarge.x86-64-v2-Os.0.0,false,25,17,AMD,6.1.134-152.225.amzn2023.x86_64,6,1,134,amzn,2023,2023,x86-64-v2,48.0,1.0,Os,8840.0,727763.2916666667,437163.26652929286,40.2434
c7a.12xlarge.x86-64-v2-Os.1.0,false,25,17,AMD,6.1.134-152.225.amzn2023.x86_64,6,1,134,amzn,2023,2023,x86-64-v2,48.0,1.0,Os,8840.0,727763.2916666667,437163.26652929286,35.8611
c7a.12xlarge.x86-64-v2-Os.2.0,false,25,17,AMD,6.1.134-152.225.amzn2023.x86_64,6,1,134,amzn,2023,2023,x86-64-v2,48.0,1.0,Os,8840.0,727763.2916666667,437163.26652929286,44.1731
c7a.12xlarge.bdver4-Og.0.0,false,25,17,AMD,6.1.134-152.225.amzn2023.x86_64,6,1,134,amzn,2023,2023,bdver4,48.0,1.0,Og,9680.0,455141.6984278542,477817.104046886,40.8211
c7a.12xlarge.bdver4-Og.1.0,false,25,17,AMD,6.1.134-152.225.amzn2023.x86_64,6,1,134,amzn,2023,2023,bdver4,48.0,1.0,Og,9680.0,455141.6984278542,477817.104046886,43.8598
c7a.12xlarge.bdver4-Og.2.0,false,25,17,AMD,6.1.134-152.225.amzn2023.x86_64,6,1,134,amzn,2023,2023,bdver4,48.0,1.0,Og,9680.0,455141.6984278542,477817.104046886,43.0647
c7a.12xlarge.native-Os.0.0,false,25,17,AMD,6.1.134-152.225.amzn2023.x86_64,6,1,134,amzn,2023,2023,native,48.0,1.0,Os,10140.0,943281.5827601582,633105.8131941234,39.2821
c7a.12xlarge.native-Os.1.0,false,25,17,AMD,6.1.134-152.225.amzn2023.x86_64,6,1,134,amzn,2023,2023,native,48.0,1.0,Os,10140.0,943281.5827601582,633105.8131941234,43.3368
c7a.12xlarge.native-Os.2.0,false,25,17,AMD,6.1.134-152.225.amzn2023.x86_64,6,1,134,amzn,2023,2023,native,48.0,1.0,Os,10140.0,943281.5827601582,633105.8131941234,46.8209
c7a.12xlarge.btver2-O0.0.0,false,25,17,AMD,6.1.134-152.225.amzn2023.x86_64,6,1,134,amzn,2023,2023,btver2,48.0,1.0,O0,9321.0,632496.7601106181,231889.21459829636,23.0097
c7a.12xlarge.btver2-O0.1.0,false,25,17,AMD,6.1.134-152.225.amzn2023.x86_64,6,1,134,amzn,2023,2023,btver2,48.0,1.0,O0,9321.0,632496.7601106181,231889.21459829636,25.3395
c7a.12xlarge.btver2-O0.2.0,false,25,17,AMD,6.1.134-152.225.amzn2023.x86_64,6,1,134,amzn,2023,2023,btver2,48.0,1.0,O0,9321.0,632496.7601106181,231889.21459829636,25.1264
c7a.12xlarge.skylake-avx512-Os.0.0,false,25,17,AMD,6.1.134-152.225.amzn2023.x86_64,6,1,134,amzn,2023,2023,skylake-avx512,48.0,1.0,Os,10040.0,704444.8757658685,243119.4511291929,25.6909
c7a.12xlarge.skylake-avx512-Os.1.0,false,25,17,AMD,6.1.134-152.225.amzn2023.x86_64,6,1,134,amzn,2023,2023,skylake-avx512,48.0,1.0,Os,10040.0,704444.8757658685,243119.4511291929,41.8771
c7a.12xlarge.skylake-avx512-Os.2.0,false,25,17,AMD,6.1.134-152.225.amzn2023.x86_64,6,1,134,amzn,2023,2023,skylake-avx512,48.0,1.0,Os,10040.0,704444.8757658685,243119.4511291929,41.471
c7a.12xlarge.icelake-server-Os.0.0,false,25,17,AMD,6.1.134-152.225.amzn2023.x86_64,6,1,134,amzn,2023,2023,icelake-server,48.0,1.0,Os,8900.0,177544.07777777774,41844.294444444444,41.1699
c7a.12xlarge.icelake-server-Os.1.0,false,25,17,AMD,6.1.134-152.225.amzn2023.x86_64,6,1,134,amzn,2023,2023,icelake-server,48.0,1.0,Os,8900.0,177544.07777777774,41844.294444444444,33.7113
c7a.12xlarge.icelake-server-Os.2.0,false,25,17,AMD,6.1.134-152.225.amzn2023.x86_64,6,1,134,amzn,2023,2023,icelake-server,48.0,1.0,Os,8900.0,177544.07777777774,41844.294444444444,46.2293
c7a.12xlarge.znver1-O2.0.0,false,25,17,AMD,6.1.134-152.225.amzn2023.x86_64,6,1,134,amzn,2023,2023,znver1,48.0,1.0,O2,9710.0,498845.3976146911,544515.7809526477,31.879
c7a.12xlarge.znver1-O2.1.0,false,25,17,AMD,6.1.134-152.225.amzn2023.x86_64,6,1,134,amzn,2023,2023,znver1,48.0,1.0,O2,9710.0,498845.3976146911,544515.7809526477,44.7255
c7a.12xlarge.znver1-O2.2.0,false,25,17,AMD,6.1.134-152.225.amzn2023.x86_64,6,1,134,amzn,2023,2023,znver1,48.0,1.0,O2,9710.0,498845.3976146911,544515.7809526477,44.3589
c7a.12xlarge.sandybridge-O2.0.0,false,25,17,AMD,6.1.134-152.225.amzn2023.x86_64,6,1,134,amzn,2023,2023,sandybridge,48.0,1.0,O2,8590.0,754494.6226469858,310029.36844573217,43.5231
c7a.12xlarge.sandybridge-O2.1.0,false,25,17,AMD,6.1.134-152.225.amzn2023.x86_64,6,1,134,amzn,2023,2023,sandybridge,48.0,1.0,O2,8590.0,754494.6226469858,310029.36844573217,36.9487
c7a.12xlarge.sandybridge-O2.2.0,false,25,17,AMD,6.1.134-152.225.amzn2023.x86_64,6,1,134,amzn,2023,2023,sandybridge,48.0,1.0,O2,8590.0,754494.6226469858,310029.36844573217,44.0282
c7a.12xlarge.haswell-O1.0.0,false,25,17,AMD,6.1.134-152.225.amzn2023.x86_64,6,1,134,amzn,2023,2023,haswell,48.0,1.0,O1,8450.0,262867.7894619677,185346.39388250074,43.8023
c7a.12xlarge.haswell-O1.1.0,false,25,17,AMD,6.1.134-152.225.amzn2023.x86_64,6,1,134,amzn,2023,2023,haswell,48.0,1.0,O1,8450.0,262867.7894619677,185346.39388250074,44.9175
c7a.12xlarge.haswell-O1.2.0,false,25,17,AMD,6.1.134-152.225.amzn2023.x86_64,6,1,134,amzn,2023,2023,haswell,48.0,1.0,O1,8450.0,262867.7894619677,185346.39388250074,43.1931
c7a.12xlarge.native-Og.0.0,false,25,17,AMD,6.1.134-152.225.amzn2023.x86_64,6,1,134,amzn,2023,2023,native,48.0,1.0,Og,8510.0,444210.9163086391,168801.84053599782,36.2247
c7a.12xlarge.native-Og.1.0,false,25,17,AMD,6.1.134-152.225.amzn2023.x86_64,6,1,134,amzn,2023,2023,native,48.0,1.0,Og,8510.0,444210.9163086391,168801.84053599782,30.9097
c7a.12xlarge.native-Og.2.0,false,25,17,AMD,6.1.134-152.225.amzn2023.x86_64,6,1,134,amzn,2023,2023,native,48.0,1.0,Og,8510.0,444210.9163086391,168801.84053599782,41.0946
c7a.12xlarge.icelake-server-O3.0.0,false,25,17,AMD,6.1.134-152.225.amzn2023.x86_64,6,1,134,amzn,2023,2023,icelake-server,48.0,1.0,O3,8710.0,288133.0,5711.0,26.4277
c7a.12xlarge.icelake-server-O3.1.0,false,25,17,AMD,6.1.134-152.225.amzn2023.x86_64,6,1,134,amzn,2023,2023,icelake-server,48.0,1.0,O3,8710.0,288133.0,5711.0,43.3645
c7a.12xlarge.icelake-server-O3.2.0,false,25,17,AMD,6.1.134-152.225.amzn2023.x86_64,6,1,134,amzn,2023,2023,icelake-server,48.0,1.0,O3,8710.0,288133.0,5711.0,49.7557
c7a.12xlarge.x86-64-v3-Og.0.0,false,25,17,AMD,6.1.134-152.225.amzn2023.x86_64,6,1,134,amzn,2023,2023,x86-64-v3,48.0,1.0,Og,9680.0,607338.5547254847,491950.2497017359,29.8598
c7a.12xlarge.x86-64-v3-Og.1.0,false,25,17,AMD,6.1.134-152.225.amzn2023.x86_64,6,1,134,amzn,2023,2023,x86-64-v3,48.0,1.0,Og,9680.0,607338.5547254847,491950.2497017359,44.0873
c7a.12xlarge.x86-64-v3-Og.2.0,false,25,17,AMD,6.1.134-152.225.amzn2023.x86_64,6,1,134,amzn,2023,2023,x86-64-v3,48.0,1.0,Og,9680.0,607338.5547254847,491950.2497017359,44.75
c7a.12xlarge.icelake-server-O1.0.0,false,25,17,AMD,6.1.134-152.225.amzn2023.x86_64,6,1,134,amzn,2023,2023,icelake-server,48.0,1.0,O1,8521.0,293933.0,8971.0,41.955
c7a.12xlarge.icelake-server-O1.1.0,false,25,17,AMD,6.1.134-152.225.amzn2023.x86_64,6,1,134,amzn,2023,2023,icelake-server,48.0,1.0,O1,8521.0,293933.0,8971.0,43.7267
c7a.12xlarge.icelake-server-O1.2.0,false,25,17,AMD,6.1.134-152.225.amzn2023.x86_64,6,1,134,amzn,2023,2023,icelake-server,48.0,1.0,O1,8521.0,293933.0,8971.0,42.7367
c7a.12xlarge.x86-64-v4-Os.0.0,false,25,17,AMD,6.1.134-152.225.amzn2023.x86_64,6,1,134,amzn,2023,2023,x86-64-v4,48.0,1.0,Os,8970.0,712949.5127933125,313936.9190769557,39.5465
c7a.12xlarge.x86-64-v4-Os.1.0,false,25,17,AMD,6.1.134-152.225.amzn2023.x86_64,6,1,134,amzn,2023,2023,x86-64-v4,48.0,1.0,Os,8970.0,712949.5127933125,313936.9190769557,44.7955
c7a.12xlarge.x86-64-v4-Os.2.0,false,25,17,AMD,6.1.134-152.225.amzn2023.x86_64,6,1,134,amzn,2023,2023,x86-64-v4,48.0,1.0,Os,8970.0,712949.5127933125,313936.9190769557,46.8956
c7a.12xlarge.x86-64-v2-O2.0.0,false,25,17,AMD,6.1.134-152.225.amzn2023.x86_64,6,1,134,amzn,2023,2023,x86-64-v2,48.0,1.0,O2,9701.0,787731.6533697256,707334.7325096047,34.2931
c7a.12xlarge.x86-64-v2-O2.1.0,false,25,17,AMD,6.1.134-152.225.amzn2023.x86_64,6,1,134,amzn,2023,2023,x86-64-v2,48.0,1.0,O2,9701.0,787731.6533697256,707334.7325096047,44.281
c7a.12xlarge.x86-64-v2-O2.2.0,false,25,17,AMD,6.1.134-152.225.amzn2023.x86_64,6,1,134,amzn,2023,2023,x86-64-v2,48.0,1.0,O2,9701.0,787731.6533697256,707334.7325096047,44.8899
c7a.12xlarge.sapphirerapids-O1.0.0,false,25,17,AMD,6.1.134-152.225.amzn2023.x86_64,6,1,134,amzn,2023,2023,sapphirerapids,48.0,1.0,O1,9110.0,288903.23265625,84507.2625,33.9269
c7a.12xlarge.sapphirerapids-O1.1.0,false,25,17,AMD,6.1.134-152.225.amzn2023.x86_64,6,1,134,amzn,2023,2023,sapphirerapids,48.0,1.0,O1,9110.0,288903.23265625,84507.2625,41.3466
c7a.12xlarge.sapphirerapids-O1.2.0,false,25,17,AMD,6.1.134-152.225.amzn2023.x86_64,6,1,134,amzn,2023,2023,sapphirerapids,48.0,1.0,O1,9110.0,288903.23265625,84507.2625,48.6519
c7a.12xlarge.sandybridge-Og.0.0,false,25,17,AMD,6.1.134-152.225.amzn2023.x86_64,6,1,134,amzn,2023,2023,sandybridge,48.0,1.0,Og,9500.0,603448.231029452,685580.6777454605,45.1987
c7a.12xlarge.sandybridge-Og.1.0,false,25,17,AMD,6.1.134-152.225.amzn2023.x86_64,6,1,134,amzn,2023,2023,sandybridge,48.0,1.0,Og,9500.0,603448.231029452,685580.6777454605,34.8871
c7a.12xlarge.sandybridge-Og.2.0,false,25,17,AMD,6.1.134-152.225.amzn2023.x86_64,6,1,134,amzn,2023,2023,sandybridge,48.0,1.0,Og,9500.0,603448.231029452,685580.6777454605,47.3227
c7a.12xlarge.ivybridge-Og.0.0,false,25,17,AMD,6.1.134-152.225.amzn2023.x86_64,6,1,134,amzn,2023,2023,ivybridge,48.0,1.0,Og,9570.0,248868.13025547442,133219.02143534005,35.5415
c7a.12xlarge.ivybridge-Og.1.0,false,25,17,AMD,6.1.134-152.225.amzn2023.x86_64,6,1,134,amzn,2023,2023,ivybridge,48.0,1.0,Og,9570.0,248868.13025547442,133219.02143534005,44.194
c7a.12xlarge.ivybridge-Og.2.0,false,25,17,AMD,6.1.134-152.225.amzn2023.x86_64,6,1,134,amzn,2023,2023,ivybridge,48.0,1.0,Og,9570.0,248868.13025547442,133219.02143534005,44.4652
c7a.12xlarge.btver2-O2.0.0,false,25,17,AMD,6.1.134-152.225.amzn2023.x86_64,6,1,134,amzn,2023,2023,btver2,48.0,1.0,O2,9010.0,141424.82083333333,53025.59073863637,35.3184
c7a.12xlarge.btver2-O2.1.0,false,25,17,AMD,6.1.134-152.225.amzn2023.x86_64,6,1,134,amzn,2023,2023,btver2,48.0,1.0,O2,9010.0,141424.82083333333,53025.59073863637,40.8781
c7a.12xlarge.btver2-O2.2.0,false,25,17,AMD,6.1.134-152.225.amzn2023.x86_64,6,1,134,amzn,2023,2023,btver2,48.0,1.0,O2,9010.0,141424.82083333333,53025.59073863637,45.2262
c7a.12xlarge.broadwell-O1.0.0,false,25,17,AMD,6.1.134-152.225.amzn2023.x86_64,6,1,134,amzn,2023,2023,broadwell,48.0,1.0,O1,9290.0,521196.1914310237,199525.50825786762,39.5557
c7a.12xlarge.broadwell-O1.1.0,false,25,17,AMD,6.1.134-152.225.amzn2023.x86_64,6,1,134,amzn,2023,2023,broadwell,48.0,1.0,O1,9290.0,521196.1914310237,199525.50825786762,44.7309
c7a.12xlarge.broadwell-O1.2.0,false,25,17,AMD,6.1.134-152.225.amzn2023.x86_64,6,1,134,amzn,2023,2023,broadwell,48.0,1.0,O1,9290.0,521196.1914310237,199525.50825786762,45.3028
c7a.12xlarge.ivybridge-O1.0.0,false,25,17,AMD,6.1.134-152.225.amzn2023.x86_64,6,1,134,amzn,2023,2023,ivybridge,48.0,1.0,O1,8510.0,378083.96287990373,178765.92919231183,41.3741
c7a.12xlarge.ivybridge-O1.1.0,false,25,17,AMD,6.1.134-152.225.amzn2023.x86_64,6,1,134,amzn,2023,2023,ivybridge,48.0,1.0,O1,8510.0,378083.96287990373,178765.92919231183,46.8683
c7a.12xlarge.ivybridge-O1.2.0,false,25,17,AMD,6.1.134-152.225.amzn2023.x86_64,6,1,134,amzn,2023,2023,ivybridge,48.0,1.0,O1,8510.0,378083.96287990373,178765.92919231183,47.2654
c7a.12xlarge.bdver4-O0.0.0,false,25,17,AMD,6.1.134-152.225.amzn2023.x86_64,6,1,134,amzn,2023,2023,bdver4,48.0,1.0,O0,9100.0,191940.59311697824,69950.9843950358,20.8018
c7a.12xlarge.bdver4-O0.1.0,false,25,17,AMD,6.1.134-152.225.amzn2023.x86_64,6,1,134,amzn,2023,2023,bdver4,48.0,1.0,O0,9100.0,191940.59311697824,69950.9843950358,26.5653
c7a.12xlarge.bdver4-O0.2.0,false,25,17,AMD,6.1.134-152.225.amzn2023.x86_64,6,1,134,amzn,2023,2023,bdver4,48.0,1.0,O0,9100.0,191940.59311697824,69950.9843950358,25.2501
c7a.12xlarge.x86-64-v2-Og.0.0,false,25,17,AMD,6.1.134-152.225.amzn2023.x86_64,6,1,134,amzn,2023,2023,x86-64-v2,48.0,1.0,Og,9480.0,117977.83333333334,38388.75716666666,37.5389
c7a.12xlarge.x86-64-v2-Og.1.0,false,25,17,AMD,6.1.134-152.225.amzn2023.x86_64,6,1,134,amzn,2023,2023,x86-64-v2,48.0,1.0,Og,9480.0,117977.83333333334,38388.75716666666,34.2214
c7a.12xlarge.x86-64-v2-Og.2.0,false,25,17,AMD,6.1.134-152.225.amzn2023.x86_64,6,1,134,amzn,2023,2023,x86-64-v2,48.0,1.0,Og,9480.0,117977.83333333334,38388.75716666666,41.2211
c7a.12xlarge.sandybridge-Ofast.0.0,false,25,17,AMD,6.1.134-152.225.amzn2023.x86_64,6,1,134,amzn,2023,2023,sandybridge,48.0,1.0,Ofast,10150.0,990509.3831777379,395233.7398831444,30.2407
c7a.12xlarge.sandybridge-Ofast.1.0,false,25,17,AMD,6.1.134-152.225.amzn2023.x86_64,6,1,134,amzn,2023,2023,sandybridge,48.0,1.0,Ofast,10150.0,990509.3831777379,395233.7398831444,46.4997
c7a.12xlarge.sandybridge-Ofast.2.0,false,25,17,AMD,6.1.134-152.225.amzn2023.x86_64,6,1,134,amzn,2023,2023,sandybridge,48.0,1.0,Ofast,10150.0,990509.3831777379,395233.7398831444,44.8514
c7a.12xlarge.znver2-Og.0.0,false,25,17,AMD,6.1.134-152.225.amzn2023.x86_64,6,1,134,amzn,2023,2023,znver2,48.0,1.0,Og,9240.0,535219.1816549704,476576.4547541724,38.1276
c7a.12xlarge.znver2-Og.1.0,false,25,17,AMD,6.1.134-152.225.amzn2023.x86_64,6,1,134,amzn,2023,2023,znver2,48.0,1.0,Og,9240.0,535219.1816549704,476576.4547541724,40.6096
c7a.12xlarge.znver2-Og.2.0,false,25,17,AMD,6.1.134-152.225.amzn2023.x86_64,6,1,134,amzn,2023,2023,znver2,48.0,1.0,Og,9240.0,535219.1816549704,476576.4547541724,38.9027
c7a.12xlarge.x86-64-v2-O1.0.0,false,25,17,AMD,6.1.134-152.225.amzn2023.x86_64,6,1,134,amzn,2023,2023,x86-64-v2,48.0,1.0,O1,8580.0,495130.6998049907,274026.38049716054,42.9147
c7a.12xlarge.x86-64-v2-O1.1.0,false,25,17,AMD,6.1.134-152.225.amzn2023.x86_64,6,1,134,amzn,2023,2023,x86-64-v2,48.0,1.0,O1,8580.0,495130.6998049907,274026.38049716054,45.2548
c7a.12xlarge.x86-64-v2-O1.2.0,false,25,17,AMD,6.1.134-152.225.amzn2023.x86_64,6,1,134,amzn,2023,2023,x86-64-v2,48.0,1.0,O1,8580.0,495130.6998049907,274026.38049716054,43.8107
c7a.12xlarge.btver2-Og.0.0,false,25,17,AMD,6.1.134-152.225.amzn2023.x86_64,6,1,134,amzn,2023,2023,btver2,48.0,1.0,Og,9260.0,1228111.9465259328,859891.4531909054,26.42
c7a.12xlarge.btver2-Og.1.0,false,25,17,AMD,6.1.134-152.225.amzn2023.x86_64,6,1,134,amzn,2023,2023,btver2,48.0,1.0,Og,9260.0,1228111.9465259328,859891.4531909054,40.6216
c7a.12xlarge.btver2-Og.2.0,false,25,17,AMD,6.1.134-152.225.amzn2023.x86_64,6,1,134,amzn,2023,2023,btver2,48.0,1.0,Og,9260.0,1228111.9465259328,859891.4531909054,41.3257
c7a.12xlarge.icelake-server-O2.0.0,false,25,17,AMD,6.1.134-152.225.amzn2023.x86_64,6,1,134,amzn,2023,2023,icelake-server,48.0,1.0,O2,9300.0,607917.7151617892,232443.77995036138,41.6162
c7a.12xlarge.icelake-server-O2.1.0,false,25,17,AMD,6.1.134-152.225.amzn2023.x86_64,6,1,134,amzn,2023,2023,icelake-server,48.0,1.0,O2,9300.0,607917.7151617892,232443.77995036138,46.1872
c7a.12xlarge.icelake-server-O2.2.0,false,25,17,AMD,6.1.134-152.225.amzn2023.x86_64,6,1,134,amzn,2023,2023,icelake-server,48.0,1.0,O2,9300.0,607917.7151617892,232443.77995036138,44.9213
c7a.12xlarge.native-O3.0.0,false,25,17,AMD,6.1.134-152.225.amzn2023.x86_64,6,1,134,amzn,2023,2023,native,48.0,1.0,O3,8490.0,606780.1501072535,487782.1404287788,42.7938
c7a.12xlarge.native-O3.1.0,false,25,17,AMD,6.1.134-152.225.amzn2023.x86_64,6,1,134,amzn,2023,2023,native,48.0,1.0,O3,8490.0,606780.1501072535,487782.1404287788,47.6773
c7a.12xlarge.native-O3.2.0,false,25,17,AMD,6.1.134-152.225.amzn2023.x86_64,6,1,134,amzn,2023,2023,native,48.0,1.0,O3,8490.0,606780.1501072535,487782.1404287788,45.5583
c7a.12xlarge.broadwell-O0.0.0,false,25,17,AMD,6.1.134-152.225.amzn2023.x86_64,6,1,134,amzn,2023,2023,broadwell,48.0,1.0,O0,8590.0,50623.0,23050.666666666664,22.9978
c7a.12xlarge.broadwell-O0.1.0,false,25,17,AMD,6.1.134-152.225.amzn2023.x86_64,6,1,134,amzn,2023,2023,broadwell,48.0,1.0,O0,8590.0,50623.0,23050.666666666664,24.8081
c7a.12xlarge.broadwell-O0.2.0,false,25,17,AMD,6.1.134-152.225.amzn2023.x86_64,6,1,134,amzn,2023,2023,broadwell,48.0,1.0,O0,8590.0,50623.0,23050.666666666664,25.2972
c7a.12xlarge.skylake-avx512-O1.0.0,false,25,17,AMD,6.1.134-152.225.amzn2023.x86_64,6,1,134,amzn,2023,2023,skylake-avx512,48.0,1.0,O1,9110.0,1078566.3203411815,527264.48119286,34.8491
c7a.12xlarge.skylake-avx512-O1.1.0,false,25,17,AMD,6.1.134-152.225.amzn2023.x86_64,6,1,134,amzn,2023,2023,skylake-avx512,48.0,1.0,O1,9110.0,1078566.3203411815,527264.48119286,42.7011
c7a.12xlarge.skylake-avx512-O1.2.0,false,25,17,AMD,6.1.134-152.225.amzn2023.x86_64,6,1,134,amzn,2023,2023,skylake-avx512,48.0,1.0,O1,9110.0,1078566.3203411815,527264.48119286,43.2676
c7a.12xlarge.skylake-avx512-Og.0.0,false,25,17,AMD,6.1.134-152.225.amzn2023.x86_64,6,1,134,amzn,2023,2023,skylake-avx512,48.0,1.0,Og,9780.0,147940.72628038196,120162.25984351749,35.3946
c7a.12xlarge.skylake-avx512-Og.1.0,false,25,17,AMD,6.1.134-152.225.amzn2023.x86_64,6,1,134,amzn,2023,2023,skylake-avx512,48.0,1.0,Og,9780.0,147940.72628038196,120162.25984351749,41.1528
c7a.12xlarge.skylake-avx512-Og.2.0,false,25,17,AMD,6.1.134-152.225.amzn2023.x86_64,6,1,134,amzn,2023,2023,skylake-avx512,48.0,1.0,Og,9780.0,147940.72628038196,120162.25984351749,42.2148
c7a.12xlarge.znver2-O2.0.0,false,25,17,AMD,6.1.134-152.225.amzn2023.x86_64,6,1,134,amzn,2023,2023,znver2,48.0,1.0,O2,9030.0,42960.0,13966.166666666668,34.5419
c7a.12xlarge.znver2-O2.1.0,false,25,17,AMD,6.1.134-152.225.amzn2023.x86_64,6,1,134,amzn,2023,2023,znver2,48.0,1.0,O2,9030.0,42960.0,13966.166666666668,31.9761
c7a.12xlarge.znver2-O2.2.0,false,25,17,AMD,6.1.134-152.225.amzn2023.x86_64,6,1,134,amzn,2023,2023,znver2,48.0,1.0,O2,9030.0,42960.0,13966.166666666668,41.8518
c7a.12xlarge.btver2-O1.0.0,false,25,17,AMD,6.1.134-152.225.amzn2023.x86_64,6,1,134,amzn,2023,2023,btver2,48.0,1.0,O1,9300.0,986168.6318054149,634130.5341942986,34.4752
c7a.12xlarge.btver2-O1.1.0,false,25,17,AMD,6.1.134-152.225.amzn2023.x86_64,6,1,134,amzn,2023,2023,btver2,48.0,1.0,O1,9300.0,986168.6318054149,634130.5341942986,32.0977
c7a.12xlarge.btver2-O1.2.0,false,25,17,AMD,6.1.134-152.225.amzn2023.x86_64,6,1,134,amzn,2023,2023,btver2,48.0,1.0,O1,9300.0,986168.6318054149,634130.5341942986,41.096
c7a.12xlarge.sapphirerapids-O3.0.0,false,25,17,AMD,6.1.134-152.225.amzn2023.x86_64,6,1,134,amzn,2023,2023,sapphirerapids,48.0,1.0,O3,9640.0,1035097.8003528572,1008558.6333019444,39.8707
c7a.12xlarge.sapphirerapids-O3.1.0,false,25,17,AMD,6.1.134-152.225.amzn2023.x86_64,6,1,134,amzn,2023,2023,sapphirerapids,48.0,1.0,O3,9640.0,1035097.8003528572,1008558.6333019444,43.2332
c7a.12xlarge.sapphirerapids-O3.2.0,false,25,17,AMD,6.1.134-152.225.amzn2023.x86_64,6,1,134,amzn,2023,2023,sapphirerapids,48.0,1.0,O3,9640.0,1035097.8003528572,1008558.6333019444,43.8107
c7a.12xlarge.native-O1.0.0,false,25,17,AMD,6.1.134-152.225.amzn2023.x86_64,6,1,134,amzn,2023,2023,native,48.0,1.0,O1,8730.0,586063.2850433104,448301.1145867313,40.2613
c7a.12xlarge.native-O1.1.0,false,25,17,AMD,6.1.134-152.225.amzn2023.x86_64,6,1,134,amzn,2023,2023,native,48.0,1.0,O1,8730.0,586063.2850433104,448301.1145867313,43.1456
c7a.12xlarge.native-O1.2.0,false,25,17,AMD,6.1.134-152.225.amzn2023.x86_64,6,1,134,amzn,2023,2023,native,48.0,1.0,O1,8730.0,586063.2850433104,448301.1145867313,43.6137
c7a.12xlarge.broadwell-O3.0.0,false,25,17,AMD,6.1.134-152.225.amzn2023.x86_64,6,1,134,amzn,2023,2023,broadwell,48.0,1.0,O3,9881.0,1224208.471200883,611065.8176911415,38.7963
c7a.12xlarge.broadwell-O3.1.0,false,25,17,AMD,6.1.134-152.225.amzn2023.x86_64,6,1,134,amzn,2023,2023,broadwell,48.0,1.0,O3,9881.0,1224208.471200883,611065.8176911415,45.3694
c7a.12xlarge.broadwell-O3.2.0,false,25,17,AMD,6.1.134-152.225.amzn2023.x86_64,6,1,134,amzn,2023,2023,broadwell,48.0,1.0,O3,9881.0,1224208.471200883,611065.8176911415,44.9408
c6id.12xlarge.znver4-Og.0.0,true,6,106,Intel,6.1.134-152.225.amzn2023.x86_64,6,1,134,amzn,2023,2023,znver4,24.0,2.0,Og,421258765.6449235,505146.0045858234,237860.04840958922,21.676
c6id.12xlarge.znver4-Og.1.0,true,6,106,Intel,6.1.134-152.225.amzn2023.x86_64,6,1,134,amzn,2023,2023,znver4,24.0,2.0,Og,421258765.6449235,505146.0045858234,237860.04840958922,26.2253
c6id.12xlarge.znver4-Og.2.0,true,6,106,Intel,6.1.134-152.225.amzn2023.x86_64,6,1,134,amzn,2023,2023,znver4,24.0,2.0,Og,421258765.6449235,505146.0045858234,237860.04840958922,26.3557
c6id.12xlarge.haswell-O0.0.0,true,6,106,Intel,6.1.134-152.225.amzn2023.x86_64,6,1,134,amzn,2023,2023,haswell,24.0,2.0,O0,2745264000.3958907,423691.3695270835,190824.15914369363,15.5162
c6id.12xlarge.haswell-O0.1.0,true,6,106,Intel,6.1.134-152.225.amzn2023.x86_64,6,1,134,amzn,2023,2023,haswell,24.0,2.0,O0,2745264000.3958907,423691.3695270835,190824.15914369363,15.9291
c6id.12xlarge.haswell-O0.2.0,true,6,106,Intel,6.1.134-152.225.amzn2023.x86_64,6,1,134,amzn,2023,2023,haswell,24.0,2.0,O0,2745264000.3958907,423691.3695270835,190824.15914369363,15.6149
c6id.12xlarge.znver1-O0.0.0,true,6,106,Intel,6.1.134-152.225.amzn2023.x86_64,6,1,134,amzn,2023,2023,znver1,24.0,2.0,O0,2742225444.255312,397006.35283488693,181937.13715174762,15.956
c6id.12xlarge.znver1-O0.1.0,true,6,106,Intel,6.1.134-152.225.amzn2023.x86_64,6,1,134,amzn,2023,2023,znver1,24.0,2.0,O0,2742225444.255312,397006.35283488693,181937.13715174762,16.7838
c6id.12xlarge.znver1-O0.2.0,true,6,106,Intel,6.1.134-152.225.amzn2023.x86_64,6,1,134,amzn,2023,2023,znver1,24.0,2.0,O0,2742225444.255312,397006.35283488693,181937.13715174762,16.8537
c6id.12xlarge.skylake-O1.0.0,true,6,106,Intel,6.1.134-152.225.amzn2023.x86_64,6,1,134,amzn,2023,2023,skylake,24.0,2.0,O1,222174832.05202034,573792.1227962472,463899.0160833251,21.4704
c6id.12xlarge.skylake-O1.1.0,true,6,106,Intel,6.1.134-152.225.amzn2023.x86_64,6,1,134,amzn,2023,2023,skylake,24.0,2.0,O1,222174832.05202034,573792.1227962472,463899.0160833251,20.4445
c6id.12xlarge.skylake-O1.2.0,true,6,106,Intel,6.1.134-152.225.amzn2023.x86_64,6,1,134,amzn,2023,2023,skylake,24.0,2.0,O1,222174832.05202034,573792.1227962472,463899.0160833251,24.5076
c6id.12xlarge.ivybridge-Os.0.0,true,6,106,Intel,6.1.134-152.225.amzn2023.x86_64,6,1,134,amzn,2023,2023,ivybridge,24.0,2.0,Os,259268578.01600212,642048.4570770964,307303.62899806653,20.2197
c6id.12xlarge.ivybridge-Os.1.0,true,6,106,Intel,6.1.134-152.225.amzn2023.x86_64,6,1,134,amzn,2023,2023,ivybridge,24.0,2.0,Os,259268578.01600212,642048.4570770964,307303.62899806653,23.2976
c6id.12xlarge.ivybridge-Os.2.0,true,6,106,Intel,6.1.134-152.225.amzn2023.x86_64,6,1,134,amzn,2023,2023,ivybridge,24.0,2.0,Os,259268578.01600212,642048.4570770964,307303.62899806653,23.459
c6id.12xlarge.sapphirerapids-Ofast.0.0,true,6,106,Intel,6.1.134-152.225.amzn2023.x86_64,6,1,134,amzn,2023,2023,sapphirerapids,24.0,2.0,Ofast,101917144.71368809,459688.579379727,188938.5522447098,21.4396
c6id.12xlarge.sapphirerapids-Ofast.1.0,true,6,106,Intel,6.1.134-152.225.amzn2023.x86_64,6,1,134,amzn,2023,2023,sapphirerapids,24.0,2.0,Ofast,101917144.71368809,459688.579379727,188938.5522447098,24.6143
c6id.12xlarge.sapphirerapids-Ofast.2.0,true,6,106,Intel,6.1.134-152.225.amzn2023.x86_64,6,1,134,amzn,2023,2023,sapphirerapids,24.0,2.0,Ofast,101917144.71368809,459688.579379727,188938.5522447098,24.9261
c6id.12xlarge.haswell-Ofast.0.0,true,6,106,Intel,6.1.134-152.225.amzn2023.x86_64,6,1,134,amzn,2023,2023,haswell,24.0,2.0,Ofast,151100783.5942729,342619.0,7042.0,21.2917
c6id.12xlarge.haswell-Ofast.1.0,true,6,106,Intel,6.1.134-152.225.amzn2023.x86_64,6,1,134,amzn,2023,2023,haswell,24.0,2.0,Ofast,151100783.5942729,342619.0,7042.0,24.4161
c6id.12xlarge.haswell-Ofast.2.0,true,6,106,Intel,6.1.134-152.225.amzn2023.x86_64,6,1,134,amzn,2023,2023,haswell,24.0,2.0,Ofast,151100783.5942729,342619.0,7042.0,25.604
c6id.12xlarge.x86-64-v4-O3.0.0,true,6,106,Intel,6.1.134-152.225.amzn2023.x86_64,6,1,134,amzn,2023,2023,x86-64-v4,24.0,2.0,O3,193312748.45136875,577887.6581832909,264097.61994274723,22.7409
c6id.12xlarge.x86-64-v4-O3.1.0,true,6,106,Intel,6.1.134-152.225.amzn2023.x86_64,6,1,134,amzn,2023,2023,x86-64-v4,24.0,2.0,O3,193312748.45136875,577887.6581832909,264097.61994274723,23.7241
c6id.12xlarge.x86-64-v4-O3.2.0,true,6,106,Intel,6.1.134-152.225.amzn2023.x86_64,6,1,134,amzn,2023,2023,x86-64-v4,24.0,2.0,O3,193312748.45136875,577887.6581832909,264097.61994274723,24.199
c6id.12xlarge.znver2-O3.0.0,true,6,106,Intel,6.1.134-152.225.amzn2023.x86_64,6,1,134,amzn,2023,2023,znver2,24.0,2.0,O3,239573216.77696472,577395.0405990754,258276.66987705816,21.6296
c6id.12xlarge.znver2-O3.1.0,true,6,106,Intel,6.1.134-152.225.amzn2023.x86_64,6,1,134,amzn,2023,2023,znver2,24.0,2.0,O3,239573216.77696472,577395.0405990754,258276.66987705816,23.6235
c6id.12xlarge.znver2-O3.2.0,true,6,106,Intel,6.1.134-152.225.amzn2023.x86_64,6,1,134,amzn,2023,2023,znver2,24.0,2.0,O3,239573216.77696472,577395.0405990754,258276.66987705816,23.5534
c6id.12xlarge.skylake-avx512-Ofast.0.0,true,6,106,Intel,6.1.134-152.225.amzn2023.x86_64,6,1,134,amzn,2023,2023,skylake-avx512,24.0,2.0,Ofast,89681190.69358166,555950.921172826,235596.83551672832,23.9107
c6id.12xlarge.skylake-avx512-Ofast.1.0,true,6,106,Intel,6.1.134-152.225.amzn2023.x86_64,6,1,134,amzn,2023,2023,skylake-avx512,24.0,2.0,Ofast,89681190.69358166,555950.921172826,235596.83551672832,24.7013
c6id.12xlarge.skylake-avx512-Ofast.2.0,true,6,106,Intel,6.1.134-152.225.amzn2023.x86_64,6,1,134,amzn,2023,2023,skylake-avx512,24.0,2.0,Ofast,89681190.69358166,555950.921172826,235596.83551672832,24.7763
c6id.12xlarge.skylake-avx512-O3.0.0,true,6,106,Intel,6.1.134-152.225.amzn2023.x86_64,6,1,134,amzn,2023,2023,skylake-avx512,24.0,2.0,O3,192475464.82608086,532822.069716822,259731.37716187962,23.2567
c6id.12xlarge.skylake-avx512-O3.1.0,true,6,106,Intel,6.1.134-152.225.amzn2023.x86_64,6,1,134,amzn,2023,2023,skylake-avx512,24.0,2.0,O3,192475464.82608086,532822.069716822,259731.37716187962,23.9256
c6id.12xlarge.skylake-avx512-O3.2.0,true,6,106,Intel,6.1.134-152.225.amzn2023.x86_64,6,1,134,amzn,2023,2023,skylake-avx512,24.0,2.0,O3,192475464.82608086,532822.069716822,259731.37716187962,24.0551
c6id.12xlarge.x86-64-v3-Os.0.0,true,6,106,Intel,6.1.134-152.225.amzn2023.x86_64,6,1,134,amzn,2023,2023,x86-64-v3,24.0,2.0,Os,188725278.52843362,517140.38218361797,245530.03698119818,19.3547
c6id.12xlarge.x86-64-v3-Os.1.0,true,6,106,Intel,6.1.134-152.225.amzn2023.x86_64,6,1,134,amzn,2023,2023,x86-64-v3,24.0,2.0,Os,188725278.52843362,517140.38218361797,245530.03698119818,24.6393
c6id.12xlarge.x86-64-v3-Os.2.0,true,6,106,Intel,6.1.134-152.225.amzn2023.x86_64,6,1,134,amzn,2023,2023,x86-64-v3,24.0,2.0,Os,188725278.52843362,517140.38218361797,245530.03698119818,24.4794
c6id.12xlarge.icelake-server-Og.0.0,true,6,106,Intel,6.1.134-152.225.amzn2023.x86_64,6,1,134,amzn,2023,2023,icelake-server,24.0,2.0,Og,186524115.8653471,373507.39001214644,195361.50269657566,22.7133
c6id.12xlarge.icelake-server-Og.1.0,true,6,106,Intel,6.1.134-152.225.amzn2023.x86_64,6,1,134,amzn,2023,2023,icelake-server,24.0,2.0,Og,186524115.8653471,373507.39001214644,195361.50269657566,23.1788
c6id.12xlarge.icelake-server-Og.2.0,true,6,106,Intel,6.1.134-152.225.amzn2023.x86_64,6,1,134,amzn,2023,2023,icelake-server,24.0,2.0,Og,186524115.8653471,373507.39001214644,195361.50269657566,23.3897
c6id.12xlarge.znver3-O1.0.0,true,6,106,Intel,6.1.134-152.225.amzn2023.x86_64,6,1,134,amzn,2023,2023,znver3,24.0,2.0,O1,225836720.1590429,458161.17315847194,221655.6724999632,23.0418
c6id.12xlarge.znver3-O1.1.0,true,6,106,Intel,6.1.134-152.225.amzn2023.x86_64,6,1,134,amzn,2023,2023,znver3,24.0,2.0,O1,225836720.1590429,458161.17315847194,221655.6724999632,24.418
c6id.12xlarge.znver3-O1.2.0,true,6,106,Intel,6.1.134-152.225.amzn2023.x86_64,6,1,134,amzn,2023,2023,znver3,24.0,2.0,O1,225836720.1590429,458161.17315847194,221655.6724999632,24.6584
c6id.12xlarge.haswell-O2.0.0,true,6,106,Intel,6.1.134-152.225.amzn2023.x86_64,6,1,134,amzn,2023,2023,haswell,24.0,2.0,O2,244081791.05653176,564072.1612582653,280865.99217346293,21.5302
c6id.12xlarge.haswell-O2.1.0,true,6,106,Intel,6.1.134-152.225.amzn2023.x86_64,6,1,134,amzn,2023,2023,haswell,24.0,2.0,O2,244081791.05653176,564072.1612582653,280865.99217346293,22.742
c6id.12xlarge.haswell-O2.2.0,true,6,106,Intel,6.1.134-152.225.amzn2023.x86_64,6,1,134,amzn,2023,2023,haswell,24.0,2.0,O2,244081791.05653176,564072.1612582653,280865.99217346293,23.8181
c6id.12xlarge.x86-64-v4-Ofast.0.0,true,6,106,Intel,6.1.134-152.225.amzn2023.x86_64,6,1,134,amzn,2023,2023,x86-64-v4,24.0,2.0,Ofast,222651455.08217853,492843.53212392743,212295.17678447673,22.7373
c6id.12xlarge.x86-64-v4-Ofast.1.0,true,6,106,Intel,6.1.134-152.225.amzn2023.x86_64,6,1,134,amzn,2023,2023,x86-64-v4,24.0,2.0,Ofast,222651455.08217853,492843.53212392743,212295.17678447673,23.8865
c6id.12xlarge.x86-64-v4-Ofast.2.0,true,6,106,Intel,6.1.134-152.225.amzn2023.x86_64,6,1,134,amzn,2023,2023,x86-64-v4,24.0,2.0,Ofast,222651455.08217853,492843.53212392743,212295.17678447673,23.8562
c6id.12xlarge.haswell-Os.0.0,true,6,106,Intel,6.1.134-152.225.amzn2023.x86_64,6,1,134,amzn,2023,2023,haswell,24.0,2.0,Os,137467106.5685841,79785.0,10437.0,23.7054
c6id.12xlarge.haswell-Os.1.0,true,6,106,Intel,6.1.134-152.225.amzn2023.x86_64,6,1,134,amzn,2023,2023,haswell,24.0,2.0,Os,137467106.5685841,79785.0,10437.0,24.0867
c6id.12xlarge.haswell-Os.2.0,true,6,106,Intel,6.1.134-152.225.amzn2023.x86_64,6,1,134,amzn,2023,2023,haswell,24.0,2.0,Os,137467106.5685841,79785.0,10437.0,24.7311
c6id.12xlarge.x86-64-v3-O3.0.0,true,6,106,Intel,6.1.134-152.225.amzn2023.x86_64,6,1,134,amzn,2023,2023,x86-64-v3,24.0,2.0,O3,58273890.19681421,398855.63000314904,146993.88064496737,20.0023
c6id.12xlarge.x86-64-v3-O3.1.0,true,6,106,Intel,6.1.134-152.225.amzn2023.x86_64,6,1,134,amzn,2023,2023,x86-64-v3,24.0,2.0,O3,58273890.19681421,398855.63000314904,146993.88064496737,24.1791
c6id.12xlarge.x86-64-v3-O3.2.0,true,6,106,Intel,6.1.134-152.225.amzn2023.x86_64,6,1,134,amzn,2023,2023,x86-64-v3,24.0,2.0,O3,58273890.19681421,398855.63000314904,146993.88064496737,25.1773
c6id.12xlarge.znver1-Os.0.0,true,6,106,Intel,6.1.134-152.225.amzn2023.x86_64,6,1,134,amzn,2023,2023,znver1,24.0,2.0,Os,264816911.2914017,264969.0,9183.0,22.669
c6id.12xlarge.znver1-Os.1.0,true,6,106,Intel,6.1.134-152.225.amzn2023.x86_64,6,1,134,amzn,2023,2023,znver1,24.0,2.0,Os,264816911.2914017,264969.0,9183.0,24.4115
c6id.12xlarge.znver1-Os.2.0,true,6,106,Intel,6.1.134-152.225.amzn2023.x86_64,6,1,134,amzn,2023,2023,znver1,24.0,2.0,Os,264816911.2914017,264969.0,9183.0,24.1293
c6id.12xlarge.sandybridge-O1.0.0,true,6,106,Intel,6.1.134-152.225.amzn2023.x86_64,6,1,134,amzn,2023,2023,sandybridge,24.0,2.0,O1,175988511.29220763,541029.0293660923,254376.04984303663,22.8676
c6id.12xlarge.sandybridge-O1.1.0,true,6,106,Intel,6.1.134-152.225.amzn2023.x86_64,6,1,134,amzn,2023,2023,sandybridge,24.0,2.0,O1,175988511.29220763,541029.0293660923,254376.04984303663,23.3663
c6id.12xlarge.sandybridge-O1.2.0,true,6,106,Intel,6.1.134-152.225.amzn2023.x86_64,6,1,134,amzn,2023,2023,sandybridge,24.0,2.0,O1,175988511.29220763,541029.0293660923,254376.04984303663,23.4544
c6id.12xlarge.x86-64-v2-O0.0.0,true,6,106,Intel,6.1.134-152.225.amzn2023.x86_64,6,1,134,amzn,2023,2023,x86-64-v2,24.0,2.0,O0,2753332728.4667172,372613.1716911156,151033.22555911948,15.569
c6id.12xlarge.x86-64-v2-O0.1.0,true,6,106,Intel,6.1.134-152.225.amzn2023.x86_64,6,1,134,amzn,2023,2023,x86-64-v2,24.0,2.0,O0,2753332728.4667172,372613.1716911156,151033.22555911948,14.8139
c6id.12xlarge.x86-64-v2-O0.2.0,true,6,106,Intel,6.1.134-152.225.amzn2023.x86_64,6,1,134,amzn,2023,2023,x86-64-v2,24.0,2.0,O0,2753332728.4667172,372613.1716911156,151033.22555911948,16.7132
c6id.12xlarge.skylake-Og.0.0,true,6,106,Intel,6.1.134-152.225.amzn2023.x86_64,6,1,134,amzn,2023,2023,skylake,24.0,2.0,Og,155107881.94449782,395271.9908882076,174891.57376936206,22.7579
c6id.12xlarge.skylake-Og.1.0,true,6,106,Intel,6.1.134-152.225.amzn2023.x86_64,6,1,134,amzn,2023,2023,skylake,24.0,2.0,Og,155107881.94449782,395271.9908882076,174891.57376936206,23.1399
c6id.12xlarge.skylake-Og.2.0,true,6,106,Intel,6.1.134-152.225.amzn2023.x86_64,6,1,134,amzn,2023,2023,skylake,24.0,2.0,Og,155107881.94449782,395271.9908882076,174891.57376936206,23.4801
c6id.12xlarge.ivybridge-O3.0.0,true,6,106,Intel,6.1.134-152.225.amzn2023.x86_64,6,1,134,amzn,2023,2023,ivybridge,24.0,2.0,O3,191155108.05874884,594811.6476003345,266684.4551041972,22.9087
c6id.12xlarge.ivybridge-O3.1.0,true,6,106,Intel,6.1.134-152.225.amzn2023.x86_64,6,1,134,amzn,2023,2023,ivybridge,24.0,2.0,O3,191155108.05874884,594811.6476003345,266684.4551041972,23.3779
c6id.12xlarge.ivybridge-O3.2.0,true,6,106,Intel,6.1.134-152.225.amzn2023.x86_64,6,1,134,amzn,2023,2023,ivybridge,24.0,2.0,O3,191155108.05874884,594811.6476003345,266684.4551041972,23.708
c6id.12xlarge.broadwell-Ofast.0.0,true,6,106,Intel,6.1.134-152.225.amzn2023.x86_64,6,1,134,amzn,2023,2023,broadwell,24.0,2.0,Ofast,126556758.81709585,495768.974988847,227538.06574790558,24.9015
c6id.12xlarge.broadwell-Ofast.1.0,true,6,106,Intel,6.1.134-152.225.amzn2023.x86_64,6,1,134,amzn,2023,2023,broadwell,24.0,2.0,Ofast,126556758.81709585,495768.974988847,227538.06574790558,25.7119
c6id.12xlarge.broadwell-Ofast.2.0,true,6,106,Intel,6.1.134-152.225.amzn2023.x86_64,6,1,134,amzn,2023,2023,broadwell,24.0,2.0,Ofast,126556758.81709585,495768.974988847,227538.06574790558,25.1365
c6id.12xlarge.native-O2.0.0,true,6,106,Intel,6.1.134-152.225.amzn2023.x86_64,6,1,134,amzn,2023,2023,native,24.0,2.0,O2,142145220.7510086,292361.0,64090.0,21.0583
c6id.12xlarge.native-O2.1.0,true,6,106,Intel,6.1.134-152.225.amzn2023.x86_64,6,1,134,amzn,2023,2023,native,24.0,2.0,O2,142145220.7510086,292361.0,64090.0,26.3407
c6id.12xlarge.native-O2.2.0,true,6,106,Intel,6.1.134-152.225.amzn2023.x86_64,6,1,134,amzn,2023,2023,native,24.0,2.0,O2,142145220.7510086,292361.0,64090.0,26.0332
c6id.12xlarge.znver4-O2.0.0,true,6,106,Intel,6.1.134-152.225.amzn2023.x86_64,6,1,134,amzn,2023,2023,znver4,24.0,2.0,O2,212441019.05205637,369511.0557055899,97384.77256770805,25.5252
c6id.12xlarge.znver4-O2.1.0,true,6,106,Intel,6.1.134-152.225.amzn2023.x86_64,6,1,134,amzn,2023,2023,znver4,24.0,2.0,O2,212441019.05205637,369511.0557055899,97384.77256770805,26.9533
c6id.12xlarge.znver4-O2.2.0,true,6,106,Intel,6.1.134-152.225.amzn2023.x86_64,6,1,134,amzn,2023,2023,znver4,24.0,2.0,O2,212441019.05205637,369511.0557055899,97384.77256770805,27.4573
c6id.12xlarge.znver3-Os.0.0,true,6,106,Intel,6.1.134-152.225.amzn2023.x86_64,6,1,134,amzn,2023,2023,znver3,24.0,2.0,Os,207583381.74915007,461413.82702039933,144650.6001984127,22.4232
c6id.12xlarge.znver3-Os.1.0,true,6,106,Intel,6.1.134-152.225.amzn2023.x86_64,6,1,134,amzn,2023,2023,znver3,24.0,2.0,Os,207583381.74915007,461413.82702039933,144650.6001984127,22.8632
c6id.12xlarge.znver3-Os.2.0,true,6,106,Intel,6.1.134-152.225.amzn2023.x86_64,6,1,134,amzn,2023,2023,znver3,24.0,2.0,Os,207583381.74915007,461413.82702039933,144650.6001984127,21.8601
c6id.12xlarge.znver1-O1.0.0,true,6,106,Intel,6.1.134-152.225.amzn2023.x86_64,6,1,134,amzn,2023,2023,znver1,24.0,2.0,O1,217900059.8673507,555365.1580194398,253395.002434903,19.8003
c6id.12xlarge.znver1-O1.1.0,true,6,106,Intel,6.1.134-152.225.amzn2023.x86_64,6,1,134,amzn,2023,2023,znver1,24.0,2.0,O1,217900059.8673507,555365.1580194398,253395.002434903,23.802
c6id.12xlarge.znver1-O1.2.0,true,6,106,Intel,6.1.134-152.225.amzn2023.x86_64,6,1,134,amzn,2023,2023,znver1,24.0,2.0,O1,217900059.8673507,555365.1580194398,253395.002434903,23.7601
c6id.12xlarge.sandybridge-Os.0.0,true,6,106,Intel,6.1.134-152.225.amzn2023.x86_64,6,1,134,amzn,2023,2023,sandybridge,24.0,2.0,Os,275187774.2092093,50447.0,5310.0,22.4299
c6id.12xlarge.sandybridge-Os.1.0,true,6,106,Intel,6.1.134-152.225.amzn2023.x86_64,6,1,134,amzn,2023,2023,sandybridge,24.0,2.0,Os,275187774.2092093,50447.0,5310.0,20.7871
c6id.12xlarge.sandybridge-Os.2.0,true,6,106,Intel,6.1.134-152.225.amzn2023.x86_64,6,1,134,amzn,2023,2023,sandybridge,24.0,2.0,Os,275187774.2092093,50447.0,5310.0,23.2199
c6id.12xlarge.btver2-Os.0.0,true,6,106,Intel,6.1.134-152.225.amzn2023.x86_64,6,1,134,amzn,2023,2023,btver2,24.0,2.0,Os,247386001.1573905,358496.6815363235,163734.65789525906,22.5474
c6id.12xlarge.btver2-Os.1.0,true,6,106,Intel,6.1.134-152.225.amzn2023.x86_64,6,1,134,amzn,2023,2023,btver2,24.0,2.0,Os,247386001.1573905,358496.6815363235,163734.65789525906,20.0606
c6id.12xlarge.btver2-Os.2.0,true,6,106,Intel,6.1.134-152.225.amzn2023.x86_64,6,1,134,amzn,2023,2023,btver2,24.0,2.0,Os,247386001.1573905,358496.6815363235,163734.65789525906,23.5276
c6id.12xlarge.znver2-Os.0.0,true,6,106,Intel,6.1.134-152.225.amzn2023.x86_64,6,1,134,amzn,2023,2023,znver2,24.0,2.0,Os,135480195.94978094,326789.5969646062,87045.58877556225,23.72
c6id.12xlarge.znver2-Os.1.0,true,6,106,Intel,6.1.134-152.225.amzn2023.x86_64,6,1,134,amzn,2023,2023,znver2,24.0,2.0,Os,135480195.94978094,326789.5969646062,87045.58877556225,24.9126
c6id.12xlarge.znver2-Os.2.0,true,6,106,Intel,6.1.134-152.225.amzn2023.x86_64,6,1,134,amzn,2023,2023,znver2,24.0,2.0,Os,135480195.94978094,326789.5969646062,87045.58877556225,24.1119
c6id.12xlarge.znver3-Ofast.0.0,true,6,106,Intel,6.1.134-152.225.amzn2023.x86_64,6,1,134,amzn,2023,2023,znver3,24.0,2.0,Ofast,158423057.5099092,213944.0,1077308.0,21.7161
c6id.12xlarge.znver3-Ofast.1.0,true,6,106,Intel,6.1.134-152.225.amzn2023.x86_64,6,1,134,amzn,2023,2023,znver3,24.0,2.0,Ofast,158423057.5099092,213944.0,1077308.0,24.4576
c6id.12xlarge.znver3-Ofast.2.0,true,6,106,Intel,6.1.134-152.225.amzn2023.x86_64,6,1,134,amzn,2023,2023,znver3,24.0,2.0,Ofast,158423057.5099092,213944.0,1077308.0,24.7825
c6id.12xlarge.broadwell-Os.0.0,true,6,106,Intel,6.1.134-152.225.amzn2023.x86_64,6,1,134,amzn,2023,2023,broadwell,24.0,2.0,Os,202349517.05125725,568153.5456137793,268664.7146755413,21.2722
c6id.12xlarge.broadwell-Os.1.0,true,6,106,Intel,6.1.134-152.225.amzn2023.x86_64,6,1,134,amzn,2023,2023,broadwell,24.0,2.0,Os,202349517.05125725,568153.5456137793,268664.7146755413,20.4695
c6id.12xlarge.broadwell-Os.2.0,true,6,106,Intel,6.1.134-152.225.amzn2023.x86_64,6,1,134,amzn,2023,2023,broadwell,24.0,2.0,Os,202349517.05125725,568153.5456137793,268664.7146755413,23.6667
c6id.12xlarge.znver3-O3.0.0,true,6,106,Intel,6.1.134-152.225.amzn2023.x86_64,6,1,134,amzn,2023,2023,znver3,24.0,2.0,O3,313133368.3427344,74182.0,1213.0,21.4855
c6id.12xlarge.znver3-O3.1.0,true,6,106,Intel,6.1.134-152.225.amzn2023.x86_64,6,1,134,amzn,2023,2023,znver3,24.0,2.0,O3,313133368.3427344,74182.0,1213.0,20.2373
c6id.12xlarge.znver3-O3.2.0,true,6,106,Intel,6.1.134-152.225.amzn2023.x86_64,6,1,134,amzn,2023,2023,znver3,24.0,2.0,O3,313133368.3427344,74182.0,1213.0,23.4235
c6id.12xlarge.haswell-O3.0.0,true,6,106,Intel,6.1.134-152.225.amzn2023.x86_64,6,1,134,amzn,2023,2023,haswell,24.0,2.0,O3,156127096.22043398,541076.6210184084,256469.39663304304,23.1214
c6id.12xlarge.haswell-O3.1.0,true,6,106,Intel,6.1.134-152.225.amzn2023.x86_64,6,1,134,amzn,2023,2023,haswell,24.0,2.0,O3,156127096.22043398,541076.6210184084,256469.39663304304,23.304
c6id.12xlarge.haswell-O3.2.0,true,6,106,Intel,6.1.134-152.225.amzn2023.x86_64,6,1,134,amzn,2023,2023,haswell,24.0,2.0,O3,156127096.22043398,541076.6210184084,256469.39663304304,23.6386
c6id.12xlarge.znver3-O0.0.0,true,6,106,Intel,6.1.134-152.225.amzn2023.x86_64,6,1,134,amzn,2023,2023,znver3,24.0,2.0,O0,3000223569.801271,428570.8247107693,183624.5271695973,15.3636
c6id.12xlarge.znver3-O0.1.0,true,6,106,Intel,6.1.134-152.225.amzn2023.x86_64,6,1,134,amzn,2023,2023,znver3,24.0,2.0,O0,3000223569.801271,428570.8247107693,183624.5271695973,15.1023
c6id.12xlarge.znver3-O0.2.0,true,6,106,Intel,6.1.134-152.225.amzn2023.x86_64,6,1,134,amzn,2023,2023,znver3,24.0,2.0,O0,3000223569.801271,428570.8247107693,183624.5271695973,16.852
c6id.12xlarge.sapphirerapids-O0.0.0,true,6,106,Intel,6.1.134-152.225.amzn2023.x86_64,6,1,134,amzn,2023,2023,sapphirerapids,24.0,2.0,O0,2200083940.699352,474127.9303928506,192732.03191047558,15.059
c6id.12xlarge.sapphirerapids-O0.1.0,true,6,106,Intel,6.1.134-152.225.amzn2023.x86_64,6,1,134,amzn,2023,2023,sapphirerapids,24.0,2.0,O0,2200083940.699352,474127.9303928506,192732.03191047558,15.8082
c6id.12xlarge.sapphirerapids-O0.2.0,true,6,106,Intel,6.1.134-152.225.amzn2023.x86_64,6,1,134,amzn,2023,2023,sapphirerapids,24.0,2.0,O0,2200083940.699352,474127.9303928506,192732.03191047558,15.6823
c6id.12xlarge.haswell-Og.0.0,true,6,106,Intel,6.1.134-152.225.amzn2023.x86_64,6,1,134,amzn,2023,2023,haswell,24.0,2.0,Og,317468131.33394676,366134.28621581336,167909.5865306713,19.0486
c6id.12xlarge.haswell-Og.1.0,true,6,106,Intel,6.1.134-152.225.amzn2023.x86_64,6,1,134,amzn,2023,2023,haswell,24.0,2.0,Og,317468131.33394676,366134.28621581336,167909.5865306713,23.3361
c6id.12xlarge.haswell-Og.2.0,true,6,106,Intel,6.1.134-152.225.amzn2023.x86_64,6,1,134,amzn,2023,2023,haswell,24.0,2.0,Og,317468131.33394676,366134.28621581336,167909.5865306713,24.2559
c6id.12xlarge.znver1-Og.0.0,true,6,106,Intel,6.1.134-152.225.amzn2023.x86_64,6,1,134,amzn,2023,2023,znver1,24.0,2.0,Og,266217459.6136062,458156.05552291044,196556.52948656905,19.4867
c6id.12xlarge.znver1-Og.1.0,true,6,106,Intel,6.1.134-152.225.amzn2023.x86_64,6,1,134,amzn,2023,2023,znver1,24.0,2.0,Og,266217459.6136062,458156.05552291044,196556.52948656905,23.3947
c6id.12xlarge.znver1-Og.2.0,true,6,106,Intel,6.1.134-152.225.amzn2023.x86_64,6,1,134,amzn,2023,2023,znver1,24.0,2.0,Og,266217459.6136062,458156.05552291044,196556.52948656905,24.3428
c6id.12xlarge.ivybridge-Ofast.0.0,true,6,106,Intel,6.1.134-152.225.amzn2023.x86_64,6,1,134,amzn,2023,2023,ivybridge,24.0,2.0,Ofast,263293482.64503095,559887.844773938,260286.63293667993,23.6188
c6id.12xlarge.ivybridge-Ofast.1.0,true,6,106,Intel,6.1.134-152.225.amzn2023.x86_64,6,1,134,amzn,2023,2023,ivybridge,24.0,2.0,Ofast,263293482.64503095,559887.844773938,260286.63293667993,23.2709
c6id.12xlarge.ivybridge-Ofast.2.0,true,6,106,Intel,6.1.134-152.225.amzn2023.x86_64,6,1,134,amzn,2023,2023,ivybridge,24.0,2.0,Ofast,263293482.64503095,559887.844773938,260286.63293667993,24.5506
c6id.12xlarge.znver1-Ofast.0.0,true,6,106,Intel,6.1.134-152.225.amzn2023.x86_64,6,1,134,amzn,2023,2023,znver1,24.0,2.0,Ofast,209384595.77339894,423153.8513346156,237637.60298343323,19.9254
c6id.12xlarge.znver1-Ofast.1.0,true,6,106,Intel,6.1.134-152.225.amzn2023.x86_64,6,1,134,amzn,2023,2023,znver1,24.0,2.0,Ofast,209384595.77339894,423153.8513346156,237637.60298343323,24.6962
c6id.12xlarge.znver1-Ofast.2.0,true,6,106,Intel,6.1.134-152.225.amzn2023.x86_64,6,1,134,amzn,2023,2023,znver1,24.0,2.0,Ofast,209384595.77339894,423153.8513346156,237637.60298343323,24.7416
c6id.12xlarge.btver2-Ofast.0.0,true,6,106,Intel,6.1.134-152.225.amzn2023.x86_64,6,1,134,amzn,2023,2023,btver2,24.0,2.0,Ofast,191677194.68256903,549714.1704141757,237644.97626204765,23.8512
c6id.12xlarge.btver2-Ofast.1.0,true,6,106,Intel,6.1.134-152.225.amzn2023.x86_64,6,1,134,amzn,2023,2023,btver2,24.0,2.0,Ofast,191677194.68256903,549714.1704141757,237644.97626204765,24.5728
c6id.12xlarge.btver2-Ofast.2.0,true,6,106,Intel,6.1.134-152.225.amzn2023.x86_64,6,1,134,amzn,2023,2023,btver2,24.0,2.0,Ofast,191677194.68256903,549714.1704141757,237644.97626204765,24.5871
c6id.12xlarge.native-Ofast.0.0,true,6,106,Intel,6.1.134-152.225.amzn2023.x86_64,6,1,134,amzn,2023,2023,native,24.0,2.0,Ofast,265492633.20475498,326102.9854287865,148568.40915593592,26.5602
c6id.12xlarge.native-Ofast.1.0,true,6,106,Intel,6.1.134-152.225.amzn2023.x86_64,6,1,134,amzn,2023,2023,native,24.0,2.0,Ofast,265492633.20475498,326102.9854287865,148568.40915593592,27.1024
c6id.12xlarge.native-Ofast.2.0,true,6,106,Intel,6.1.134-152.225.amzn2023.x86_64,6,1,134,amzn,2023,2023,native,24.0,2.0,Ofast,265492633.20475498,326102.9854287865,148568.40915593592,28.7331
c6id.12xlarge.znver4-Ofast.0.0,true,6,106,Intel,6.1.134-152.225.amzn2023.x86_64,6,1,134,amzn,2023,2023,znver4,24.0,2.0,Ofast,229145785.23611286,564349.1810594741,173884.3825767879,26.4862
c6id.12xlarge.znver4-Ofast.1.0,true,6,106,Intel,6.1.134-152.225.amzn2023.x86_64,6,1,134,amzn,2023,2023,znver4,24.0,2.0,Ofast,229145785.23611286,564349.1810594741,173884.3825767879,27.0122
c6id.12xlarge.znver4-Ofast.2.0,true,6,106,Intel,6.1.134-152.225.amzn2023.x86_64,6,1,134,amzn,2023,2023,znver4,24.0,2.0,Ofast,229145785.23611286,564349.1810594741,173884.3825767879,28.5317
c6id.12xlarge.skylake-Ofast.0.0,true,6,106,Intel,6.1.134-152.225.amzn2023.x86_64,6,1,134,amzn,2023,2023,skylake,24.0,2.0,Ofast,122301243.22126308,200331.0,4658.0,22.5383
c6id.12xlarge.skylake-Ofast.1.0,true,6,106,Intel,6.1.134-152.225.amzn2023.x86_64,6,1,134,amzn,2023,2023,skylake,24.0,2.0,Ofast,122301243.22126308,200331.0,4658.0,21.3009
c6id.12xlarge.skylake-Ofast.2.0,true,6,106,Intel,6.1.134-152.225.amzn2023.x86_64,6,1,134,amzn,2023,2023,skylake,24.0,2.0,Ofast,122301243.22126308,200331.0,4658.0,25.8253
c6id.12xlarge.x86-64-v3-O2.0.0,true,6,106,Intel,6.1.134-152.225.amzn2023.x86_64,6,1,134,amzn,2023,2023,x86-64-v3,24.0,2.0,O2,14804464.753227651,73535.0,9197.0,23.7247
c6id.12xlarge.x86-64-v3-O2.1.0,true,6,106,Intel,6.1.134-152.225.amzn2023.x86_64,6,1,134,amzn,2023,2023,x86-64-v3,24.0,2.0,O2,14804464.753227651,73535.0,9197.0,23.4855
c6id.12xlarge.x86-64-v3-O2.2.0,true,6,106,Intel,6.1.134-152.225.amzn2023.x86_64,6,1,134,amzn,2023,2023,x86-64-v3,24.0,2.0,O2,14804464.753227651,73535.0,9197.0,26.8881
c6id.12xlarge.x86-64-v3-Ofast.0.0,true,6,106,Intel,6.1.134-152.225.amzn2023.x86_64,6,1,134,amzn,2023,2023,x86-64-v3,24.0,2.0,Ofast,196317507.03506005,500456.3828124427,233270.16319290403,22.7746
c6id.12xlarge.x86-64-v3-Ofast.1.0,true,6,106,Intel,6.1.134-152.225.amzn2023.x86_64,6,1,134,amzn,2023,2023,x86-64-v3,24.0,2.0,Ofast,196317507.03506005,500456.3828124427,233270.16319290403,23.9847
c6id.12xlarge.x86-64-v3-Ofast.2.0,true,6,106,Intel,6.1.134-152.225.amzn2023.x86_64,6,1,134,amzn,2023,2023,x86-64-v3,24.0,2.0,Ofast,196317507.03506005,500456.3828124427,233270.16319290403,24.0179
c6id.12xlarge.znver4-O0.0.0,true,6,106,Intel,6.1.134-152.225.amzn2023.x86_64,6,1,134,amzn,2023,2023,znver4,24.0,2.0,O0,2445744865.3341727,404692.420052967,164965.34226480228,16.8477
c6id.12xlarge.znver4-O0.1.0,true,6,106,Intel,6.1.134-152.225.amzn2023.x86_64,6,1,134,amzn,2023,2023,znver4,24.0,2.0,O0,2445744865.3341727,404692.420052967,164965.34226480228,17.1169
c6id.12xlarge.znver4-O0.2.0,true,6,106,Intel,6.1.134-152.225.amzn2023.x86_64,6,1,134,amzn,2023,2023,znver4,24.0,2.0,O0,2445744865.3341727,404692.420052967,164965.34226480228,16.9539
c6id.12xlarge.znver4-Os.0.0,true,6,106,Intel,6.1.134-152.225.amzn2023.x86_64,6,1,134,amzn,2023,2023,znver4,24.0,2.0,Os,413514410.088841,536652.0744723505,239304.59227601418,23.5745
c6id.12xlarge.znver4-Os.1.0,true,6,106,Intel,6.1.134-152.225.amzn2023.x86_64,6,1,134,amzn,2023,2023,znver4,24.0,2.0,Os,413514410.088841,536652.0744723505,239304.59227601418,22.6188
c6id.12xlarge.znver4-Os.2.0,true,6,106,Intel,6.1.134-152.225.amzn2023.x86_64,6,1,134,amzn,2023,2023,znver4,24.0,2.0,Os,413514410.088841,536652.0744723505,239304.59227601418,26.1335
c6id.12xlarge.skylake-O2.0.0,true,6,106,Intel,6.1.134-152.225.amzn2023.x86_64,6,1,134,amzn,2023,2023,skylake,24.0,2.0,O2,193034540.58930564,477042.0438756071,204694.88342063694,20.3064
c6id.12xlarge.skylake-O2.1.0,true,6,106,Intel,6.1.134-152.225.amzn2023.x86_64,6,1,134,amzn,2023,2023,skylake,24.0,2.0,O2,193034540.58930564,477042.0438756071,204694.88342063694,24.218
c6id.12xlarge.skylake-O2.2.0,true,6,106,Intel,6.1.134-152.225.amzn2023.x86_64,6,1,134,amzn,2023,2023,skylake,24.0,2.0,O2,193034540.58930564,477042.0438756071,204694.88342063694,24.3411
c6id.12xlarge.native-O0.0.0,true,6,106,Intel,6.1.134-152.225.amzn2023.x86_64,6,1,134,amzn,2023,2023,native,24.0,2.0,O0,2595765860.8283377,262342.7391226964,125507.53347921267,16.2352
c6id.12xlarge.native-O0.1.0,true,6,106,Intel,6.1.134-152.225.amzn2023.x86_64,6,1,134,amzn,2023,2023,native,24.0,2.0,O0,2595765860.8283377,262342.7391226964,125507.53347921267,16.7854
c6id.12xlarge.native-O0.2.0,true,6,106,Intel,6.1.134-152.225.amzn2023.x86_64,6,1,134,amzn,2023,2023,native,24.0,2.0,O0,2595765860.8283377,262342.7391226964,125507.53347921267,16.8765
c6id.12xlarge.x86-64-v4-Og.0.0,true,6,106,Intel,6.1.134-152.225.amzn2023.x86_64,6,1,134,amzn,2023,2023,x86-64-v4,24.0,2.0,Og,255814296.35467267,623551.6353709621,231948.5046875,22.3286
c6id.12xlarge.x86-64-v4-Og.1.0,true,6,106,Intel,6.1.134-152.225.amzn2023.x86_64,6,1,134,amzn,2023,2023,x86-64-v4,24.0,2.0,Og,255814296.35467267,623551.6353709621,231948.5046875,23.2065
c6id.12xlarge.x86-64-v4-Og.2.0,true,6,106,Intel,6.1.134-152.225.amzn2023.x86_64,6,1,134,amzn,2023,2023,x86-64-v4,24.0,2.0,Og,255814296.35467267,623551.6353709621,231948.5046875,24.2815
c6id.12xlarge.sandybridge-O3.0.0,true,6,106,Intel,6.1.134-152.225.amzn2023.x86_64,6,1,134,amzn,2023,2023,sandybridge,24.0,2.0,O3,241926249.8140671,621842.4779517512,302843.6303619125,20.8293
c6id.12xlarge.sandybridge-O3.1.0,true,6,106,Intel,6.1.134-152.225.amzn2023.x86_64,6,1,134,amzn,2023,2023,sandybridge,24.0,2.0,O3,241926249.8140671,621842.4779517512,302843.6303619125,23.7367
c6id.12xlarge.sandybridge-O3.2.0,true,6,106,Intel,6.1.134-152.225.amzn2023.x86_64,6,1,134,amzn,2023,2023,sandybridge,24.0,2.0,O3,241926249.8140671,621842.4779517512,302843.6303619125,23.6101
c6id.12xlarge.skylake-Os.0.0,true,6,106,Intel,6.1.134-152.225.amzn2023.x86_64,6,1,134,amzn,2023,2023,skylake,24.0,2.0,Os,132354896.77344409,457122.10717005335,215201.70844562302,22.7032
c6id.12xlarge.skylake-Os.1.0,true,6,106,Intel,6.1.134-152.225.amzn2023.x86_64,6,1,134,amzn,2023,2023,skylake,24.0,2.0,Os,132354896.77344409,457122.10717005335,215201.70844562302,24.5778
c6id.12xlarge.skylake-Os.2.0,true,6,106,Intel,6.1.134-152.225.amzn2023.x86_64,6,1,134,amzn,2023,2023,skylake,24.0,2.0,Os,132354896.77344409,457122.10717005335,215201.70844562302,24.7966
c6id.12xlarge.znver4-O3.0.0,true,6,106,Intel,6.1.134-152.225.amzn2023.x86_64,6,1,134,amzn,2023,2023,znver4,24.0,2.0,O3,527051135.23130184,384708.9935522566,191427.35744130847,25.4409
c6id.12xlarge.znver4-O3.1.0,true,6,106,Intel,6.1.134-152.225.amzn2023.x86_64,6,1,134,amzn,2023,2023,znver4,24.0,2.0,O3,527051135.23130184,384708.9935522566,191427.35744130847,25.2488
c6id.12xlarge.znver4-O3.2.0,true,6,106,Intel,6.1.134-152.225.amzn2023.x86_64,6,1,134,amzn,2023,2023,znver4,24.0,2.0,O3,527051135.23130184,384708.9935522566,191427.35744130847,27.5006
c6id.12xlarge.btver2-O3.0.0,true,6,106,Intel,6.1.134-152.225.amzn2023.x86_64,6,1,134,amzn,2023,2023,btver2,24.0,2.0,O3,255356249.14703816,348125.0,4326.0,20.3856
c6id.12xlarge.btver2-O3.1.0,true,6,106,Intel,6.1.134-152.225.amzn2023.x86_64,6,1,134,amzn,2023,2023,btver2,24.0,2.0,O3,255356249.14703816,348125.0,4326.0,24.7094
c6id.12xlarge.btver2-O3.2.0,true,6,106,Intel,6.1.134-152.225.amzn2023.x86_64,6,1,134,amzn,2023,2023,btver2,24.0,2.0,O3,255356249.14703816,348125.0,4326.0,23.8909
c6id.12xlarge.znver2-Ofast.0.0,true,6,106,Intel,6.1.134-152.225.amzn2023.x86_64,6,1,134,amzn,2023,2023,znver2,24.0,2.0,Ofast,125644763.65415299,487596.65809071116,138772.79854093038,22.9447
c6id.12xlarge.znver2-Ofast.1.0,true,6,106,Intel,6.1.134-152.225.amzn2023.x86_64,6,1,134,amzn,2023,2023,znver2,24.0,2.0,Ofast,125644763.65415299,487596.65809071116,138772.79854093038,23.6198
c6id.12xlarge.znver2-Ofast.2.0,true,6,106,Intel,6.1.134-152.225.amzn2023.x86_64,6,1,134,amzn,2023,2023,znver2,24.0,2.0,Ofast,125644763.65415299,487596.65809071116,138772.79854093038,23.7008
c6id.12xlarge.skylake-avx512-O2.0.0,true,6,106,Intel,6.1.134-152.225.amzn2023.x86_64,6,1,134,amzn,2023,2023,skylake-avx512,24.0,2.0,O2,201499062.43563545,340558.3701094104,151228.50709215103,21.3341
c6id.12xlarge.skylake-avx512-O2.1.0,true,6,106,Intel,6.1.134-152.225.amzn2023.x86_64,6,1,134,amzn,2023,2023,skylake-avx512,24.0,2.0,O2,201499062.43563545,340558.3701094104,151228.50709215103,23.0687
c6id.12xlarge.skylake-avx512-O2.2.0,true,6,106,Intel,6.1.134-152.225.amzn2023.x86_64,6,1,134,amzn,2023,2023,skylake-avx512,24.0,2.0,O2,201499062.43563545,340558.3701094104,151228.50709215103,24.1093
c6id.12xlarge.x86-64-v4-O0.0.0,true,6,106,Intel,6.1.134-152.225.amzn2023.x86_64,6,1,134,amzn,2023,2023,x86-64-v4,24.0,2.0,O0,2446274511.523027,283620.0,7942.0,16.8279
c6id.12xlarge.x86-64-v4-O0.1.0,true,6,106,Intel,6.1.134-152.225.amzn2023.x86_64,6,1,134,amzn,2023,2023,x86-64-v4,24.0,2.0,O0,2446274511.523027,283620.0,7942.0,17.5938
c6id.12xlarge.x86-64-v4-O0.2.0,true,6,106,Intel,6.1.134-152.225.amzn2023.x86_64,6,1,134,amzn,2023,2023,x86-64-v4,24.0,2.0,O0,2446274511.523027,283620.0,7942.0,17.701
c6id.12xlarge.sapphirerapids-Os.0.0,true,6,106,Intel,6.1.134-152.225.amzn2023.x86_64,6,1,134,amzn,2023,2023,sapphirerapids,24.0,2.0,Os,219842336.977329,578150.7296352648,257539.2218255878,20.3377
c6id.12xlarge.sapphirerapids-Os.1.0,true,6,106,Intel,6.1.134-152.225.amzn2023.x86_64,6,1,134,amzn,2023,2023,sapphirerapids,24.0,2.0,Os,219842336.977329,578150.7296352648,257539.2218255878,24.4394
c6id.12xlarge.sapphirerapids-Os.2.0,true,6,106,Intel,6.1.134-152.225.amzn2023.x86_64,6,1,134,amzn,2023,2023,sapphirerapids,24.0,2.0,Os,219842336.977329,578150.7296352648,257539.2218255878,24.3287
c6id.12xlarge.x86-64-v3-O0.0.0,true,6,106,Intel,6.1.134-152.225.amzn2023.x86_64,6,1,134,amzn,2023,2023,x86-64-v3,24.0,2.0,O0,2781325258.3604927,308551.75856832287,125883.0199928822,15.3772
c6id.12xlarge.x86-64-v3-O0.1.0,true,6,106,Intel,6.1.134-152.225.amzn2023.x86_64,6,1,134,amzn,2023,2023,x86-64-v3,24.0,2.0,O0,2781325258.3604927,308551.75856832287,125883.0199928822,16.4106
c6id.12xlarge.x86-64-v3-O0.2.0,true,6,106,Intel,6.1.134-152.225.amzn2023.x86_64,6,1,134,amzn,2023,2023,x86-64-v3,24.0,2.0,O0,2781325258.3604927,308551.75856832287,125883.0199928822,16.645
c6id.12xlarge.x86-64-v2-Ofast.0.0,true,6,106,Intel,6.1.134-152.225.amzn2023.x86_64,6,1,134,amzn,2023,2023,x86-64-v2,24.0,2.0,Ofast,113635248.87444659,486988.07094177895,235882.74426453808,25.8775
c6id.12xlarge.x86-64-v2-Ofast.1.0,true,6,106,Intel,6.1.134-152.225.amzn2023.x86_64,6,1,134,amzn,2023,2023,x86-64-v2,24.0,2.0,Ofast,113635248.87444659,486988.07094177895,235882.74426453808,26.8959
c6id.12xlarge.x86-64-v2-Ofast.2.0,true,6,106,Intel,6.1.134-152.225.amzn2023.x86_64,6,1,134,amzn,2023,2023,x86-64-v2,24.0,2.0,Ofast,113635248.87444659,486988.07094177895,235882.74426453808,27.4869
c6id.12xlarge.icelake-server-Ofast.0.0,true,6,106,Intel,6.1.134-152.225.amzn2023.x86_64,6,1,134,amzn,2023,2023,icelake-server,24.0,2.0,Ofast,130347067.65560791,441520.0,3471.0,23.8336
c6id.12xlarge.icelake-server-Ofast.1.0,true,6,106,Intel,6.1.134-152.225.amzn2023.x86_64,6,1,134,amzn,2023,2023,icelake-server,24.0,2.0,Ofast,130347067.65560791,441520.0,3471.0,24.8258
c6id.12xlarge.icelake-server-Ofast.2.0,true,6,106,Intel,6.1.134-152.225.amzn2023.x86_64,6,1,134,amzn,2023,2023,icelake-server,24.0,2.0,Ofast,130347067.65560791,441520.0,3471.0,24.5082
c6id.12xlarge.znver2-O1.0.0,true,6,106,Intel,6.1.134-152.225.amzn2023.x86_64,6,1,134,amzn,2023,2023,znver2,24.0,2.0,O1,304200843.40202355,445953.0,10186.0,21.4434
c6id.12xlarge.znver2-O1.1.0,true,6,106,Intel,6.1.134-152.225.amzn2023.x86_64,6,1,134,amzn,2023,2023,znver2,24.0,2.0,O1,304200843.40202355,445953.0,10186.0,20.204
c6id.12xlarge.znver2-O1.2.0,true,6,106,Intel,6.1.134-152.225.amzn2023.x86_64,6,1,134,amzn,2023,2023,znver2,24.0,2.0,O1,304200843.40202355,445953.0,10186.0,23.7249
c6id.12xlarge.broadwell-Og.0.0,true,6,106,Intel,6.1.134-152.225.amzn2023.x86_64,6,1,134,amzn,2023,2023,broadwell,24.0,2.0,Og,184752825.32215503,593451.991929039,207094.2577197635,23.44
c6id.12xlarge.broadwell-Og.1.0,true,6,106,Intel,6.1.134-152.225.amzn2023.x86_64,6,1,134,amzn,2023,2023,broadwell,24.0,2.0,Og,184752825.32215503,593451.991929039,207094.2577197635,24.3379
c6id.12xlarge.broadwell-Og.2.0,true,6,106,Intel,6.1.134-152.225.amzn2023.x86_64,6,1,134,amzn,2023,2023,broadwell,24.0,2.0,Og,184752825.32215503,593451.991929039,207094.2577197635,24.3602
c6id.12xlarge.icelake-server-O0.0.0,true,6,106,Intel,6.1.134-152.225.amzn2023.x86_64,6,1,134,amzn,2023,2023,icelake-server,24.0,2.0,O0,2636457984.256246,566279.2200442399,332395.5819152222,15.128
c6id.12xlarge.icelake-server-O0.1.0,true,6,106,Intel,6.1.134-152.225.amzn2023.x86_64,6,1,134,amzn,2023,2023,icelake-server,24.0,2.0,O0,2636457984.256246,566279.2200442399,332395.5819152222,15.6704
c6id.12xlarge.icelake-server-O0.2.0,true,6,106,Intel,6.1.134-152.225.amzn2023.x86_64,6,1,134,amzn,2023,2023,icelake-server,24.0,2.0,O0,2636457984.256246,566279.2200442399,332395.5819152222,15.7736
c6id.12xlarge.x86-64-v3-O1.0.0,true,6,106,Intel,6.1.134-152.225.amzn2023.x86_64,6,1,134,amzn,2023,2023,x86-64-v3,24.0,2.0,O1,91821193.50313255,358838.3666740971,175375.7712381687,24.4808
c6id.12xlarge.x86-64-v3-O1.1.0,true,6,106,Intel,6.1.134-152.225.amzn2023.x86_64,6,1,134,amzn,2023,2023,x86-64-v3,24.0,2.0,O1,91821193.50313255,358838.3666740971,175375.7712381687,25.3293
c6id.12xlarge.x86-64-v3-O1.2.0,true,6,106,Intel,6.1.134-152.225.amzn2023.x86_64,6,1,134,amzn,2023,2023,x86-64-v3,24.0,2.0,O1,91821193.50313255,358838.3666740971,175375.7712381687,25.4017
c6id.12xlarge.x86-64-v4-O1.0.0,true,6,106,Intel,6.1.134-152.225.amzn2023.x86_64,6,1,134,amzn,2023,2023,x86-64-v4,24.0,2.0,O1,131928576.1301194,464887.26640887995,234726.24014990468,22.9648
c6id.12xlarge.x86-64-v4-O1.1.0,true,6,106,Intel,6.1.134-152.225.amzn2023.x86_64,6,1,134,amzn,2023,2023,x86-64-v4,24.0,2.0,O1,131928576.1301194,464887.26640887995,234726.24014990468,23.5011
c6id.12xlarge.x86-64-v4-O1.2.0,true,6,106,Intel,6.1.134-152.225.amzn2023.x86_64,6,1,134,amzn,2023,2023,x86-64-v4,24.0,2.0,O1,131928576.1301194,464887.26640887995,234726.24014990468,23.5979
c6id.12xlarge.skylake-O0.0.0,true,6,106,Intel,6.1.134-152.225.amzn2023.x86_64,6,1,134,amzn,2023,2023,skylake,24.0,2.0,O0,3075464432.839864,427260.2862725262,201954.41056028308,14.2595
c6id.12xlarge.skylake-O0.1.0,true,6,106,Intel,6.1.134-152.225.amzn2023.x86_64,6,1,134,amzn,2023,2023,skylake,24.0,2.0,O0,3075464432.839864,427260.2862725262,201954.41056028308,15.6116
c6id.12xlarge.skylake-O0.2.0,true,6,106,Intel,6.1.134-152.225.amzn2023.x86_64,6,1,134,amzn,2023,2023,skylake,24.0,2.0,O0,3075464432.839864,427260.2862725262,201954.41056028308,15.7485
c6id.12xlarge.bdver4-O1.0.0,true,6,106,Intel,6.1.134-152.225.amzn2023.x86_64,6,1,134,amzn,2023,2023,bdver4,24.0,2.0,O1,251786367.3546636,195991.0,11342.0,21.2602
c6id.12xlarge.bdver4-O1.1.0,true,6,106,Intel,6.1.134-152.225.amzn2023.x86_64,6,1,134,amzn,2023,2023,bdver4,24.0,2.0,O1,251786367.3546636,195991.0,11342.0,23.4025
c6id.12xlarge.bdver4-O1.2.0,true,6,106,Intel,6.1.134-152.225.amzn2023.x86_64,6,1,134,amzn,2023,2023,bdver4,24.0,2.0,O1,251786367.3546636,195991.0,11342.0,23.7019
c6id.12xlarge.x86-64-v2-O3.0.0,true,6,106,Intel,6.1.134-152.225.amzn2023.x86_64,6,1,134,amzn,2023,2023,x86-64-v2,24.0,2.0,O3,196380515.61248088,578018.280285856,262478.1572970902,21.9055
c6id.12xlarge.x86-64-v2-O3.1.0,true,6,106,Intel,6.1.134-152.225.amzn2023.x86_64,6,1,134,amzn,2023,2023,x86-64-v2,24.0,2.0,O3,196380515.61248088,578018.280285856,262478.1572970902,26.6295
c6id.12xlarge.x86-64-v2-O3.2.0,true,6,106,Intel,6.1.134-152.225.amzn2023.x86_64,6,1,134,amzn,2023,2023,x86-64-v2,24.0,2.0,O3,196380515.61248088,578018.280285856,262478.1572970902,26.5186
c6id.12xlarge.skylake-avx512-O0.0.0,true,6,106,Intel,6.1.134-152.225.amzn2023.x86_64,6,1,134,amzn,2023,2023,skylake-avx512,24.0,2.0,O0,2227163191.10205,435375.96823927556,204211.27721041278,14.2206
c6id.12xlarge.skylake-avx512-O0.1.0,true,6,106,Intel,6.1.134-152.225.amzn2023.x86_64,6,1,134,amzn,2023,2023,skylake-avx512,24.0,2.0,O0,2227163191.10205,435375.96823927556,204211.27721041278,15.8666
c6id.12xlarge.skylake-avx512-O0.2.0,true,6,106,Intel,6.1.134-152.225.amzn2023.x86_64,6,1,134,amzn,2023,2023,skylake-avx512,24.0,2.0,O0,2227163191.10205,435375.96823927556,204211.27721041278,15.7391
c6id.12xlarge.broadwell-O2.0.0,true,6,106,Intel,6.1.134-152.225.amzn2023.x86_64,6,1,134,amzn,2023,2023,broadwell,24.0,2.0,O2,181435750.22708008,325356.1796388889,92432.73774836432,20.8925
c6id.12xlarge.broadwell-O2.1.0,true,6,106,Intel,6.1.134-152.225.amzn2023.x86_64,6,1,134,amzn,2023,2023,broadwell,24.0,2.0,O2,181435750.22708008,325356.1796388889,92432.73774836432,23.7894
c6id.12xlarge.broadwell-O2.2.0,true,6,106,Intel,6.1.134-152.225.amzn2023.x86_64,6,1,134,amzn,2023,2023,broadwell,24.0,2.0,O2,181435750.22708008,325356.1796388889,92432.73774836432,23.8163
c6id.12xlarge.znver3-Og.0.0,true,6,106,Intel,6.1.134-152.225.amzn2023.x86_64,6,1,134,amzn,2023,2023,znver3,24.0,2.0,Og,231678135.987985,153906.0,28209.0,21.063
c6id.12xlarge.znver3-Og.1.0,true,6,106,Intel,6.1.134-152.225.amzn2023.x86_64,6,1,134,amzn,2023,2023,znver3,24.0,2.0,Og,231678135.987985,153906.0,28209.0,23.9808
c6id.12xlarge.znver3-Og.2.0,true,6,106,Intel,6.1.134-152.225.amzn2023.x86_64,6,1,134,amzn,2023,2023,znver3,24.0,2.0,Og,231678135.987985,153906.0,28209.0,24.2677
c6id.12xlarge.sandybridge-O0.0.0,true,6,106,Intel,6.1.134-152.225.amzn2023.x86_64,6,1,134,amzn,2023,2023,sandybridge,24.0,2.0,O0,2993744753.097817,381593.6990044744,165339.15035136457,14.5677
c6id.12xlarge.sandybridge-O0.1.0,true,6,106,Intel,6.1.134-152.225.amzn2023.x86_64,6,1,134,amzn,2023,2023,sandybridge,24.0,2.0,O0,2993744753.097817,381593.6990044744,165339.15035136457,14.4836
c6id.12xlarge.sandybridge-O0.2.0,true,6,106,Intel,6.1.134-152.225.amzn2023.x86_64,6,1,134,amzn,2023,2023,sandybridge,24.0,2.0,O0,2993744753.097817,381593.6990044744,165339.15035136457,15.6708
c6id.12xlarge.skylake-O3.0.0,true,6,106,Intel,6.1.134-152.225.amzn2023.x86_64,6,1,134,amzn,2023,2023,skylake,24.0,2.0,O3,96970700.36812302,451177.9467557967,199271.08864137498,23.4454
c6id.12xlarge.skylake-O3.1.0,true,6,106,Intel,6.1.134-152.225.amzn2023.x86_64,6,1,134,amzn,2023,2023,skylake,24.0,2.0,O3,96970700.36812302,451177.9467557967,199271.08864137498,23.4849
c6id.12xlarge.skylake-O3.2.0,true,6,106,Intel,6.1.134-152.225.amzn2023.x86_64,6,1,134,amzn,2023,2023,skylake,24.0,2.0,O3,96970700.36812302,451177.9467557967,199271.08864137498,24.2807
c6id.12xlarge.x86-64-v4-O2.0.0,true,6,106,Intel,6.1.134-152.225.amzn2023.x86_64,6,1,134,amzn,2023,2023,x86-64-v4,24.0,2.0,O2,216470351.85056224,362787.21779423347,169357.65408711322,21.6554
c6id.12xlarge.x86-64-v4-O2.1.0,true,6,106,Intel,6.1.134-152.225.amzn2023.x86_64,6,1,134,amzn,2023,2023,x86-64-v4,24.0,2.0,O2,216470351.85056224,362787.21779423347,169357.65408711322,20.819
c6id.12xlarge.x86-64-v4-O2.2.0,true,6,106,Intel,6.1.134-152.225.amzn2023.x86_64,6,1,134,amzn,2023,2023,x86-64-v4,24.0,2.0,O2,216470351.85056224,362787.21779423347,169357.65408711322,24.8101
c6id.12xlarge.sapphirerapids-O2.0.0,true,6,106,Intel,6.1.134-152.225.amzn2023.x86_64,6,1,134,amzn,2023,2023,sapphirerapids,24.0,2.0,O2,134487590.8703643,75405.0,900473.0,24.0645
c6id.12xlarge.sapphirerapids-O2.1.0,true,6,106,Intel,6.1.134-152.225.amzn2023.x86_64,6,1,134,amzn,2023,2023,sapphirerapids,24.0,2.0,O2,134487590.8703643,75405.0,900473.0,23.355
c6id.12xlarge.sapphirerapids-O2.2.0,true,6,106,Intel,6.1.134-152.225.amzn2023.x86_64,6,1,134,amzn,2023,2023,sapphirerapids,24.0,2.0,O2,134487590.8703643,75405.0,900473.0,24.8775
c6id.12xlarge.ivybridge-O2.0.0,true,6,106,Intel,6.1.134-152.225.amzn2023.x86_64,6,1,134,amzn,2023,2023,ivybridge,24.0,2.0,O2,291938633.17715186,475106.00301435776,226374.02832940465,22.9157
c6id.12xlarge.ivybridge-O2.1.0,true,6,106,Intel,6.1.134-152.225.amzn2023.x86_64,6,1,134,amzn,2023,2023,ivybridge,24.0,2.0,O2,291938633.17715186,475106.00301435776,226374.02832940465,21.5469
c6id.12xlarge.ivybridge-O2.2.0,true,6,106,Intel,6.1.134-152.225.amzn2023.x86_64,6,1,134,amzn,2023,2023,ivybridge,24.0,2.0,O2,291938633.17715186,475106.00301435776,226374.02832940465,24.0578
c6id.12xlarge.znver4-O1.0.0,true,6,106,Intel,6.1.134-152.225.amzn2023.x86_64,6,1,134,amzn,2023,2023,znver4,24.0,2.0,O1,133026827.5473482,181120.0,3108.0,26.2796
c6id.12xlarge.znver4-O1.1.0,true,6,106,Intel,6.1.134-152.225.amzn2023.x86_64,6,1,134,amzn,2023,2023,znver4,24.0,2.0,O1,133026827.5473482,181120.0,3108.0,26.1067
c6id.12xlarge.znver4-O1.2.0,true,6,106,Intel,6.1.134-152.225.amzn2023.x86_64,6,1,134,amzn,2023,2023,znver4,24.0,2.0,O1,133026827.5473482,181120.0,3108.0,27.4125
c6id.12xlarge.sapphirerapids-Og.0.0,true,6,106,Intel,6.1.134-152.225.amzn2023.x86_64,6,1,134,amzn,2023,2023,sapphirerapids,24.0,2.0,Og,345657984.5519456,274221.0,8944.0,20.0167
c6id.12xlarge.sapphirerapids-Og.1.0,true,6,106,Intel,6.1.134-152.225.amzn2023.x86_64,6,1,134,amzn,2023,2023,sapphirerapids,24.0,2.0,Og,345657984.5519456,274221.0,8944.0,23.2845
c6id.12xlarge.sapphirerapids-Og.2.0,true,6,106,Intel,6.1.134-152.225.amzn2023.x86_64,6,1,134,amzn,2023,2023,sapphirerapids,24.0,2.0,Og,345657984.5519456,274221.0,8944.0,23.224
c6id.12xlarge.ivybridge-O0.0.0,true,6,106,Intel,6.1.134-152.225.amzn2023.x86_64,6,1,134,amzn,2023,2023,ivybridge,24.0,2.0,O0,2525620574.1904,481077.8595662528,225591.7669971122,15.1056
c6id.12xlarge.ivybridge-O0.1.0,true,6,106,Intel,6.1.134-152.225.amzn2023.x86_64,6,1,134,amzn,2023,2023,ivybridge,24.0,2.0,O0,2525620574.1904,481077.8595662528,225591.7669971122,15.8583
c6id.12xlarge.ivybridge-O0.2.0,true,6,106,Intel,6.1.134-152.225.amzn2023.x86_64,6,1,134,amzn,2023,2023,ivybridge,24.0,2.0,O0,2525620574.1904,481077.8595662528,225591.7669971122,15.5729
c6id.12xlarge.znver3-O2.0.0,true,6,106,Intel,6.1.134-152.225.amzn2023.x86_64,6,1,134,amzn,2023,2023,znver3,24.0,2.0,O2,281962612.17137337,429401.0,8045.0,22.9346
c6id.12xlarge.znver3-O2.1.0,true,6,106,Intel,6.1.134-152.225.amzn2023.x86_64,6,1,134,amzn,2023,2023,znver3,24.0,2.0,O2,281962612.17137337,429401.0,8045.0,24.0674
c6id.12xlarge.znver3-O2.2.0,true,6,106,Intel,6.1.134-152.225.amzn2023.x86_64,6,1,134,amzn,2023,2023,znver3,24.0,2.0,O2,281962612.17137337,429401.0,8045.0,23.7276
c6id.12xlarge.znver1-O3.0.0,true,6,106,Intel,6.1.134-152.225.amzn2023.x86_64,6,1,134,amzn,2023,2023,znver1,24.0,2.0,O3,218226158.18643492,498362.1653764263,225163.81075402861,21.6845
c6id.12xlarge.znver1-O3.1.0,true,6,106,Intel,6.1.134-152.225.amzn2023.x86_64,6,1,134,amzn,2023,2023,znver1,24.0,2.0,O3,218226158.18643492,498362.1653764263,225163.81075402861,20.2562
c6id.12xlarge.znver1-O3.2.0,true,6,106,Intel,6.1.134-152.225.amzn2023.x86_64,6,1,134,amzn,2023,2023,znver1,24.0,2.0,O3,218226158.18643492,498362.1653764263,225163.81075402861,24.4855
c6id.12xlarge.znver2-O0.0.0,true,6,106,Intel,6.1.134-152.225.amzn2023.x86_64,6,1,134,amzn,2023,2023,znver2,24.0,2.0,O0,2914515728.0688877,385059.4938195619,201179.31049044972,14.339
c6id.12xlarge.znver2-O0.1.0,true,6,106,Intel,6.1.134-152.225.amzn2023.x86_64,6,1,134,amzn,2023,2023,znver2,24.0,2.0,O0,2914515728.0688877,385059.4938195619,201179.31049044972,16.9029
c6id.12xlarge.znver2-O0.2.0,true,6,106,Intel,6.1.134-152.225.amzn2023.x86_64,6,1,134,amzn,2023,2023,znver2,24.0,2.0,O0,2914515728.0688877,385059.4938195619,201179.31049044972,16.8897
c6id.12xlarge.x86-64-v2-Os.0.0,true,6,106,Intel,6.1.134-152.225.amzn2023.x86_64,6,1,134,amzn,2023,2023,x86-64-v2,24.0,2.0,Os,59995173.99031555,587614.1439986586,292070.5307755496,21.6359
c6id.12xlarge.x86-64-v2-Os.1.0,true,6,106,Intel,6.1.134-152.225.amzn2023.x86_64,6,1,134,amzn,2023,2023,x86-64-v2,24.0,2.0,Os,59995173.99031555,587614.1439986586,292070.5307755496,26.607
c6id.12xlarge.x86-64-v2-Os.2.0,true,6,106,Intel,6.1.134-152.225.amzn2023.x86_64,6,1,134,amzn,2023,2023,x86-64-v2,24.0,2.0,Os,59995173.99031555,587614.1439986586,292070.5307755496,27.3272
c6id.12xlarge.bdver4-Og.0.0,true,6,106,Intel,6.1.134-152.225.amzn2023.x86_64,6,1,134,amzn,2023,2023,bdver4,24.0,2.0,Og,300348060.27111286,408034.9423621587,192105.5652110232,19.2069
c6id.12xlarge.bdver4-Og.1.0,true,6,106,Intel,6.1.134-152.225.amzn2023.x86_64,6,1,134,amzn,2023,2023,bdver4,24.0,2.0,Og,300348060.27111286,408034.9423621587,192105.5652110232,22.6435
c6id.12xlarge.bdver4-Og.2.0,true,6,106,Intel,6.1.134-152.225.amzn2023.x86_64,6,1,134,amzn,2023,2023,bdver4,24.0,2.0,Og,300348060.27111286,408034.9423621587,192105.5652110232,23.5422
c6id.12xlarge.native-Os.0.0,true,6,106,Intel,6.1.134-152.225.amzn2023.x86_64,6,1,134,amzn,2023,2023,native,24.0,2.0,Os,255230508.15812793,142965.0,20145.0,23.5484
c6id.12xlarge.native-Os.1.0,true,6,106,Intel,6.1.134-152.225.amzn2023.x86_64,6,1,134,amzn,2023,2023,native,24.0,2.0,Os,255230508.15812793,142965.0,20145.0,22.555
c6id.12xlarge.native-Os.2.0,true,6,106,Intel,6.1.134-152.225.amzn2023.x86_64,6,1,134,amzn,2023,2023,native,24.0,2.0,Os,255230508.15812793,142965.0,20145.0,26.3817
c6id.12xlarge.btver2-O0.0.0,true,6,106,Intel,6.1.134-152.225.amzn2023.x86_64,6,1,134,amzn,2023,2023,btver2,24.0,2.0,O0,3154363521.897035,411204.4423956131,182797.5598612008,13.9728
c6id.12xlarge.btver2-O0.1.0,true,6,106,Intel,6.1.134-152.225.amzn2023.x86_64,6,1,134,amzn,2023,2023,btver2,24.0,2.0,O0,3154363521.897035,411204.4423956131,182797.5598612008,13.8529
c6id.12xlarge.btver2-O0.2.0,true,6,106,Intel,6.1.134-152.225.amzn2023.x86_64,6,1,134,amzn,2023,2023,btver2,24.0,2.0,O0,3154363521.897035,411204.4423956131,182797.5598612008,15.5996
c6id.12xlarge.skylake-avx512-Os.0.0,true,6,106,Intel,6.1.134-152.225.amzn2023.x86_64,6,1,134,amzn,2023,2023,skylake-avx512,24.0,2.0,Os,301388027.99613255,589574.3898322455,280044.97540117666,21.3189
c6id.12xlarge.skylake-avx512-Os.1.0,true,6,106,Intel,6.1.134-152.225.amzn2023.x86_64,6,1,134,amzn,2023,2023,skylake-avx512,24.0,2.0,Os,301388027.99613255,589574.3898322455,280044.97540117666,20.6022
c6id.12xlarge.skylake-avx512-Os.2.0,true,6,106,Intel,6.1.134-152.225.amzn2023.x86_64,6,1,134,amzn,2023,2023,skylake-avx512,24.0,2.0,Os,301388027.99613255,589574.3898322455,280044.97540117666,22.6833
c6id.12xlarge.icelake-server-Os.0.0,true,6,106,Intel,6.1.134-152.225.amzn2023.x86_64,6,1,134,amzn,2023,2023,icelake-server,24.0,2.0,Os,217845312.64792246,643893.6130769493,218947.8501858677,22.9373
c6id.12xlarge.icelake-server-Os.1.0,true,6,106,Intel,6.1.134-152.225.amzn2023.x86_64,6,1,134,amzn,2023,2023,icelake-server,24.0,2.0,Os,217845312.64792246,643893.6130769493,218947.8501858677,23.6193
c6id.12xlarge.icelake-server-Os.2.0,true,6,106,Intel,6.1.134-152.225.amzn2023.x86_64,6,1,134,amzn,2023,2023,icelake-server,24.0,2.0,Os,217845312.64792246,643893.6130769493,218947.8501858677,23.4389
c6id.12xlarge.znver1-O2.0.0,true,6,106,Intel,6.1.134-152.225.amzn2023.x86_64,6,1,134,amzn,2023,2023,znver1,24.0,2.0,O2,107246113.120266,429406.2208176741,213346.9988959373,22.7785
c6id.12xlarge.znver1-O2.1.0,true,6,106,Intel,6.1.134-152.225.amzn2023.x86_64,6,1,134,amzn,2023,2023,znver1,24.0,2.0,O2,107246113.120266,429406.2208176741,213346.9988959373,23.7274
c6id.12xlarge.znver1-O2.2.0,true,6,106,Intel,6.1.134-152.225.amzn2023.x86_64,6,1,134,amzn,2023,2023,znver1,24.0,2.0,O2,107246113.120266,429406.2208176741,213346.9988959373,23.6644
c6id.12xlarge.sandybridge-O2.0.0,true,6,106,Intel,6.1.134-152.225.amzn2023.x86_64,6,1,134,amzn,2023,2023,sandybridge,24.0,2.0,O2,267955316.9046186,406709.71060212515,152640.26665646024,22.96
c6id.12xlarge.sandybridge-O2.1.0,true,6,106,Intel,6.1.134-152.225.amzn2023.x86_64,6,1,134,amzn,2023,2023,sandybridge,24.0,2.0,O2,267955316.9046186,406709.71060212515,152640.26665646024,23.1891
c6id.12xlarge.sandybridge-O2.2.0,true,6,106,Intel,6.1.134-152.225.amzn2023.x86_64,6,1,134,amzn,2023,2023,sandybridge,24.0,2.0,O2,267955316.9046186,406709.71060212515,152640.26665646024,24.4743
c6id.12xlarge.haswell-O1.0.0,true,6,106,Intel,6.1.134-152.225.amzn2023.x86_64,6,1,134,amzn,2023,2023,haswell,24.0,2.0,O1,266877436.19440475,350317.4172719828,109958.75399176954,17.0672
c6id.12xlarge.haswell-O1.1.0,true,6,106,Intel,6.1.134-152.225.amzn2023.x86_64,6,1,134,amzn,2023,2023,haswell,24.0,2.0,O1,266877436.19440475,350317.4172719828,109958.75399176954,23.3739
c6id.12xlarge.haswell-O1.2.0,true,6,106,Intel,6.1.134-152.225.amzn2023.x86_64,6,1,134,amzn,2023,2023,haswell,24.0,2.0,O1,266877436.19440475,350317.4172719828,109958.75399176954,24.245
c6id.12xlarge.native-Og.0.0,true,6,106,Intel,6.1.134-152.225.amzn2023.x86_64,6,1,134,amzn,2023,2023,native,24.0,2.0,Og,473421495.6019537,523009.4521757664,178433.71206003634,24.7038
c6id.12xlarge.native-Og.1.0,true,6,106,Intel,6.1.134-152.225.amzn2023.x86_64,6,1,134,amzn,2023,2023,native,24.0,2.0,Og,473421495.6019537,523009.4521757664,178433.71206003634,26.0902
c6id.12xlarge.native-Og.2.0,true,6,106,Intel,6.1.134-152.225.amzn2023.x86_64,6,1,134,amzn,2023,2023,native,24.0,2.0,Og,473421495.6019537,523009.4521757664,178433.71206003634,26.0437
c6id.12xlarge.icelake-server-O3.0.0,true,6,106,Intel,6.1.134-152.225.amzn2023.x86_64,6,1,134,amzn,2023,2023,icelake-server,24.0,2.0,O3,215976573.85011575,583936.5385396988,294007.5504452567,23.0392
c6id.12xlarge.icelake-server-O3.1.0,true,6,106,Intel,6.1.134-152.225.amzn2023.x86_64,6,1,134,amzn,2023,2023,icelake-server,24.0,2.0,O3,215976573.85011575,583936.5385396988,294007.5504452567,24.4548
c6id.12xlarge.icelake-server-O3.2.0,true,6,106,Intel,6.1.134-152.225.amzn2023.x86_64,6,1,134,amzn,2023,2023,icelake-server,24.0,2.0,O3,215976573.85011575,583936.5385396988,294007.5504452567,24.9038
c6id.12xlarge.x86-64-v3-Og.0.0,true,6,106,Intel,6.1.134-152.225.amzn2023.x86_64,6,1,134,amzn,2023,2023,x86-64-v3,24.0,2.0,Og,319214076.00458145,457231.0,6307.0,20.2312
c6id.12xlarge.x86-64-v3-Og.1.0,true,6,106,Intel,6.1.134-152.225.amzn2023.x86_64,6,1,134,amzn,2023,2023,x86-64-v3,24.0,2.0,Og,319214076.00458145,457231.0,6307.0,23.4439
c6id.12xlarge.x86-64-v3-Og.2.0,true,6,106,Intel,6.1.134-152.225.amzn2023.x86_64,6,1,134,amzn,2023,2023,x86-64-v3,24.0,2.0,Og,319214076.00458145,457231.0,6307.0,23.5485
c6id.12xlarge.icelake-server-O1.0.0,true,6,106,Intel,6.1.134-152.225.amzn2023.x86_64,6,1,134,amzn,2023,2023,icelake-server,24.0,2.0,O1,135674142.1190748,388055.0,4211.0,22.8415
c6id.12xlarge.icelake-server-O1.1.0,true,6,106,Intel,6.1.134-152.225.amzn2023.x86_64,6,1,134,amzn,2023,2023,icelake-server,24.0,2.0,O1,135674142.1190748,388055.0,4211.0,23.1295
c6id.12xlarge.icelake-server-O1.2.0,true,6,106,Intel,6.1.134-152.225.amzn2023.x86_64,6,1,134,amzn,2023,2023,icelake-server,24.0,2.0,O1,135674142.1190748,388055.0,4211.0,23.6809
c6id.12xlarge.x86-64-v4-Os.0.0,true,6,106,Intel,6.1.134-152.225.amzn2023.x86_64,6,1,134,amzn,2023,2023,x86-64-v4,24.0,2.0,Os,204775432.70182434,32896.0,975.0,23.7251
c6id.12xlarge.x86-64-v4-Os.1.0,true,6,106,Intel,6.1.134-152.225.amzn2023.x86_64,6,1,134,amzn,2023,2023,x86-64-v4,24.0,2.0,Os,204775432.70182434,32896.0,975.0,24.7096
c6id.12xlarge.x86-64-v4-Os.2.0,true,6,106,Intel,6.1.134-152.225.amzn2023.x86_64,6,1,134,amzn,2023,2023,x86-64-v4,24.0,2.0,Os,204775432.70182434,32896.0,975.0,24.5102
c6id.12xlarge.x86-64-v2-O2.0.0,true,6,106,Intel,6.1.134-152.225.amzn2023.x86_64,6,1,134,amzn,2023,2023,x86-64-v2,24.0,2.0,O2,152922856.10170618,119652.0,16509.0,24.7932
c6id.12xlarge.x86-64-v2-O2.1.0,true,6,106,Intel,6.1.134-152.225.amzn2023.x86_64,6,1,134,amzn,2023,2023,x86-64-v2,24.0,2.0,O2,152922856.10170618,119652.0,16509.0,23.0558
c6id.12xlarge.x86-64-v2-O2.2.0,true,6,106,Intel,6.1.134-152.225.amzn2023.x86_64,6,1,134,amzn,2023,2023,x86-64-v2,24.0,2.0,O2,152922856.10170618,119652.0,16509.0,27.4328
c6id.12xlarge.sapphirerapids-O1.0.0,true,6,106,Intel,6.1.134-152.225.amzn2023.x86_64,6,1,134,amzn,2023,2023,sapphirerapids,24.0,2.0,O1,202527894.74996388,436152.82761019946,224148.58875423018,22.6411
c6id.12xlarge.sapphirerapids-O1.1.0,true,6,106,Intel,6.1.134-152.225.amzn2023.x86_64,6,1,134,amzn,2023,2023,sapphirerapids,24.0,2.0,O1,202527894.74996388,436152.82761019946,224148.58875423018,23.7244
c6id.12xlarge.sapphirerapids-O1.2.0,true,6,106,Intel,6.1.134-152.225.amzn2023.x86_64,6,1,134,amzn,2023,2023,sapphirerapids,24.0,2.0,O1,202527894.74996388,436152.82761019946,224148.58875423018,24.6399
c6id.12xlarge.sandybridge-Og.0.0,true,6,106,Intel,6.1.134-152.225.amzn2023.x86_64,6,1,134,amzn,2023,2023,sandybridge,24.0,2.0,Og,279357894.3661797,318469.0,13224.0,22.5133
c6id.12xlarge.sandybridge-Og.1.0,true,6,106,Intel,6.1.134-152.225.amzn2023.x86_64,6,1,134,amzn,2023,2023,sandybridge,24.0,2.0,Og,279357894.3661797,318469.0,13224.0,23.0723
c6id.12xlarge.sandybridge-Og.2.0,true,6,106,Intel,6.1.134-152.225.amzn2023.x86_64,6,1,134,amzn,2023,2023,sandybridge,24.0,2.0,Og,279357894.3661797,318469.0,13224.0,23.2608
c6id.12xlarge.ivybridge-Og.0.0,true,6,106,Intel,6.1.134-152.225.amzn2023.x86_64,6,1,134,amzn,2023,2023,ivybridge,24.0,2.0,Og,241513247.40978798,159752.0,1201342.0,19.9212
c6id.12xlarge.ivybridge-Og.1.0,true,6,106,Intel,6.1.134-152.225.amzn2023.x86_64,6,1,134,amzn,2023,2023,ivybridge,24.0,2.0,Og,241513247.40978798,159752.0,1201342.0,24.1867
c6id.12xlarge.ivybridge-Og.2.0,true,6,106,Intel,6.1.134-152.225.amzn2023.x86_64,6,1,134,amzn,2023,2023,ivybridge,24.0,2.0,Og,241513247.40978798,159752.0,1201342.0,23.4191
c6id.12xlarge.btver2-O2.0.0,true,6,106,Intel,6.1.134-152.225.amzn2023.x86_64,6,1,134,amzn,2023,2023,btver2,24.0,2.0,O2,147889568.5932167,361976.65559724916,177713.94397719996,23.2606
c6id.12xlarge.btver2-O2.1.0,true,6,106,Intel,6.1.134-152.225.amzn2023.x86_64,6,1,134,amzn,2023,2023,btver2,24.0,2.0,O2,147889568.5932167,361976.65559724916,177713.94397719996,23.7456
c6id.12xlarge.btver2-O2.2.0,true,6,106,Intel,6.1.134-152.225.amzn2023.x86_64,6,1,134,amzn,2023,2023,btver2,24.0,2.0,O2,147889568.5932167,361976.65559724916,177713.94397719996,24.2411
c6id.12xlarge.broadwell-O1.0.0,true,6,106,Intel,6.1.134-152.225.amzn2023.x86_64,6,1,134,amzn,2023,2023,broadwell,24.0,2.0,O1,291183580.31782055,341397.0,8571.0,22.3878
c6id.12xlarge.broadwell-O1.1.0,true,6,106,Intel,6.1.134-152.225.amzn2023.x86_64,6,1,134,amzn,2023,2023,broadwell,24.0,2.0,O1,291183580.31782055,341397.0,8571.0,24.0563
c6id.12xlarge.broadwell-O1.2.0,true,6,106,Intel,6.1.134-152.225.amzn2023.x86_64,6,1,134,amzn,2023,2023,broadwell,24.0,2.0,O1,291183580.31782055,341397.0,8571.0,24.1224
c6id.12xlarge.ivybridge-O1.0.0,true,6,106,Intel,6.1.134-152.225.amzn2023.x86_64,6,1,134,amzn,2023,2023,ivybridge,24.0,2.0,O1,309903623.9388548,323608.0,3828.0,22.6732
c6id.12xlarge.ivybridge-O1.1.0,true,6,106,Intel,6.1.134-152.225.amzn2023.x86_64,6,1,134,amzn,2023,2023,ivybridge,24.0,2.0,O1,309903623.9388548,323608.0,3828.0,24.296
c6id.12xlarge.ivybridge-O1.2.0,true,6,106,Intel,6.1.134-152.225.amzn2023.x86_64,6,1,134,amzn,2023,2023,ivybridge,24.0,2.0,O1,309903623.9388548,323608.0,3828.0,24.2754
c6id.12xlarge.bdver4-O0.0.0,true,6,106,Intel,6.1.134-152.225.amzn2023.x86_64,6,1,134,amzn,2023,2023,bdver4,24.0,2.0,O0,2712692241.4135456,527199.7043792974,249942.13475847145,15.0635
c6id.12xlarge.bdver4-O0.1.0,true,6,106,Intel,6.1.134-152.225.amzn2023.x86_64,6,1,134,amzn,2023,2023,bdver4,24.0,2.0,O0,2712692241.4135456,527199.7043792974,249942.13475847145,15.6871
c6id.12xlarge.bdver4-O0.2.0,true,6,106,Intel,6.1.134-152.225.amzn2023.x86_64,6,1,134,amzn,2023,2023,bdver4,24.0,2.0,O0,2712692241.4135456,527199.7043792974,249942.13475847145,15.5741
c6id.12xlarge.x86-64-v2-Og.0.0,true,6,106,Intel,6.1.134-152.225.amzn2023.x86_64,6,1,134,amzn,2023,2023,x86-64-v2,24.0,2.0,Og,81456034.09280632,482326.730569833,214513.4893353675,24.98
c6id.12xlarge.x86-64-v2-Og.1.0,true,6,106,Intel,6.1.134-152.225.amzn2023.x86_64,6,1,134,amzn,2023,2023,x86-64-v2,24.0,2.0,Og,81456034.09280632,482326.730569833,214513.4893353675,26.2756
c6id.12xlarge.x86-64-v2-Og.2.0,true,6,106,Intel,6.1.134-152.225.amzn2023.x86_64,6,1,134,amzn,2023,2023,x86-64-v2,24.0,2.0,Og,81456034.09280632,482326.730569833,214513.4893353675,27.0824
c6id.12xlarge.sandybridge-Ofast.0.0,true,6,106,Intel,6.1.134-152.225.amzn2023.x86_64,6,1,134,amzn,2023,2023,sandybridge,24.0,2.0,Ofast,258469011.20541734,417756.34285111126,200904.11769477045,20.9694
c6id.12xlarge.sandybridge-Ofast.1.0,true,6,106,Intel,6.1.134-152.225.amzn2023.x86_64,6,1,134,amzn,2023,2023,sandybridge,24.0,2.0,Ofast,258469011.20541734,417756.34285111126,200904.11769477045,24.462
c6id.12xlarge.sandybridge-Ofast.2.0,true,6,106,Intel,6.1.134-152.225.amzn2023.x86_64,6,1,134,amzn,2023,2023,sandybridge,24.0,2.0,Ofast,258469011.20541734,417756.34285111126,200904.11769477045,24.3118
c6id.12xlarge.znver2-Og.0.0,true,6,106,Intel,6.1.134-152.225.amzn2023.x86_64,6,1,134,amzn,2023,2023,znver2,24.0,2.0,Og,228629955.5035221,441142.21639437106,189565.2571371962,23.2556
c6id.12xlarge.znver2-Og.1.0,true,6,106,Intel,6.1.134-152.225.amzn2023.x86_64,6,1,134,amzn,2023,2023,znver2,24.0,2.0,Og,228629955.5035221,441142.21639437106,189565.2571371962,23.0671
c6id.12xlarge.znver2-Og.2.0,true,6,106,Intel,6.1.134-152.225.amzn2023.x86_64,6,1,134,amzn,2023,2023,znver2,24.0,2.0,Og,228629955.5035221,441142.21639437106,189565.2571371962,22.5437
c6id.12xlarge.x86-64-v2-O1.0.0,true,6,106,Intel,6.1.134-152.225.amzn2023.x86_64,6,1,134,amzn,2023,2023,x86-64-v2,24.0,2.0,O1,493572449.85289276,583416.9375990261,256696.62729882062,23.4993
c6id.12xlarge.x86-64-v2-O1.1.0,true,6,106,Intel,6.1.134-152.225.amzn2023.x86_64,6,1,134,amzn,2023,2023,x86-64-v2,24.0,2.0,O1,493572449.85289276,583416.9375990261,256696.62729882062,27.8333
c6id.12xlarge.x86-64-v2-O1.2.0,true,6,106,Intel,6.1.134-152.225.amzn2023.x86_64,6,1,134,amzn,2023,2023,x86-64-v2,24.0,2.0,O1,493572449.85289276,583416.9375990261,256696.62729882062,26.2524
c6id.12xlarge.btver2-Og.0.0,true,6,106,Intel,6.1.134-152.225.amzn2023.x86_64,6,1,134,amzn,2023,2023,btver2,24.0,2.0,Og,304835834.0068983,260339.5678089796,110219.58813588512,20.9922
c6id.12xlarge.btver2-Og.1.0,true,6,106,Intel,6.1.134-152.225.amzn2023.x86_64,6,1,134,amzn,2023,2023,btver2,24.0,2.0,Og,304835834.0068983,260339.5678089796,110219.58813588512,23.0057
c6id.12xlarge.btver2-Og.2.0,true,6,106,Intel,6.1.134-152.225.amzn2023.x86_64,6,1,134,amzn,2023,2023,btver2,24.0,2.0,Og,304835834.0068983,260339.5678089796,110219.58813588512,23.1669
c6id.12xlarge.icelake-server-O2.0.0,true,6,106,Intel,6.1.134-152.225.amzn2023.x86_64,6,1,134,amzn,2023,2023,icelake-server,24.0,2.0,O2,169788644.23030886,450242.9316612924,192352.0902150948,23.1284
c6id.12xlarge.icelake-server-O2.1.0,true,6,106,Intel,6.1.134-152.225.amzn2023.x86_64,6,1,134,amzn,2023,2023,icelake-server,24.0,2.0,O2,169788644.23030886,450242.9316612924,192352.0902150948,23.7682
c6id.12xlarge.icelake-server-O2.2.0,true,6,106,Intel,6.1.134-152.225.amzn2023.x86_64,6,1,134,amzn,2023,2023,icelake-server,24.0,2.0,O2,169788644.23030886,450242.9316612924,192352.0902150948,23.7305
c6id.12xlarge.native-O3.0.0,true,6,106,Intel,6.1.134-152.225.amzn2023.x86_64,6,1,134,amzn,2023,2023,native,24.0,2.0,O3,393388138.39490294,587891.6741569291,278273.7494045787,25.1188
c6id.12xlarge.native-O3.1.0,true,6,106,Intel,6.1.134-152.225.amzn2023.x86_64,6,1,134,amzn,2023,2023,native,24.0,2.0,O3,393388138.39490294,587891.6741569291,278273.7494045787,27.0461
c6id.12xlarge.native-O3.2.0,true,6,106,Intel,6.1.134-152.225.amzn2023.x86_64,6,1,134,amzn,2023,2023,native,24.0,2.0,O3,393388138.39490294,587891.6741569291,278273.7494045787,27.2246
c6id.12xlarge.broadwell-O0.0.0,true,6,106,Intel,6.1.134-152.225.amzn2023.x86_64,6,1,134,amzn,2023,2023,broadwell,24.0,2.0,O0,2629735656.6338296,437189.1739065054,216646.32446172353,15.6043
c6id.12xlarge.broadwell-O0.1.0,true,6,106,Intel,6.1.134-152.225.amzn2023.x86_64,6,1,134,amzn,2023,2023,broadwell,24.0,2.0,O0,2629735656.6338296,437189.1739065054,216646.32446172353,15.702
c6id.12xlarge.broadwell-O0.2.0,true,6,106,Intel,6.1.134-152.225.amzn2023.x86_64,6,1,134,amzn,2023,2023,broadwell,24.0,2.0,O0,2629735656.6338296,437189.1739065054,216646.32446172353,15.6774
c6id.12xlarge.skylake-avx512-O1.0.0,true,6,106,Intel,6.1.134-152.225.amzn2023.x86_64,6,1,134,amzn,2023,2023,skylake-avx512,24.0,2.0,O1,220948396.57694852,505095.9247506907,228851.81679245495,19.1442
c6id.12xlarge.skylake-avx512-O1.1.0,true,6,106,Intel,6.1.134-152.225.amzn2023.x86_64,6,1,134,amzn,2023,2023,skylake-avx512,24.0,2.0,O1,220948396.57694852,505095.9247506907,228851.81679245495,24.2516
c6id.12xlarge.skylake-avx512-O1.2.0,true,6,106,Intel,6.1.134-152.225.amzn2023.x86_64,6,1,134,amzn,2023,2023,skylake-avx512,24.0,2.0,O1,220948396.57694852,505095.9247506907,228851.81679245495,24.5217
c6id.12xlarge.skylake-avx512-Og.0.0,true,6,106,Intel,6.1.134-152.225.amzn2023.x86_64,6,1,134,amzn,2023,2023,skylake-avx512,24.0,2.0,Og,352983927.4989426,494435.2603795583,228838.32413415948,20.9254
c6id.12xlarge.skylake-avx512-Og.1.0,true,6,106,Intel,6.1.134-152.225.amzn2023.x86_64,6,1,134,amzn,2023,2023,skylake-avx512,24.0,2.0,Og,352983927.4989426,494435.2603795583,228838.32413415948,20.9555
c6id.12xlarge.skylake-avx512-Og.2.0,true,6,106,Intel,6.1.134-152.225.amzn2023.x86_64,6,1,134,amzn,2023,2023,skylake-avx512,24.0,2.0,Og,352983927.4989426,494435.2603795583,228838.32413415948,23.2428
c6id.12xlarge.znver2-O2.0.0,true,6,106,Intel,6.1.134-152.225.amzn2023.x86_64,6,1,134,amzn,2023,2023,znver2,24.0,2.0,O2,117187324.15841039,64069.0,3786.0,23.454
c6id.12xlarge.znver2-O2.1.0,true,6,106,Intel,6.1.134-152.225.amzn2023.x86_64,6,1,134,amzn,2023,2023,znver2,24.0,2.0,O2,117187324.15841039,64069.0,3786.0,24.3112
c6id.12xlarge.znver2-O2.2.0,true,6,106,Intel,6.1.134-152.225.amzn2023.x86_64,6,1,134,amzn,2023,2023,znver2,24.0,2.0,O2,117187324.15841039,64069.0,3786.0,23.8953
c6id.12xlarge.btver2-O1.0.0,true,6,106,Intel,6.1.134-152.225.amzn2023.x86_64,6,1,134,amzn,2023,2023,btver2,24.0,2.0,O1,230461263.7545778,456477.3013415981,231349.7706182726,23.1026
c6id.12xlarge.btver2-O1.1.0,true,6,106,Intel,6.1.134-152.225.amzn2023.x86_64,6,1,134,amzn,2023,2023,btver2,24.0,2.0,O1,230461263.7545778,456477.3013415981,231349.7706182726,23.2912
c6id.12xlarge.btver2-O1.2.0,true,6,106,Intel,6.1.134-152.225.amzn2023.x86_64,6,1,134,amzn,2023,2023,btver2,24.0,2.0,O1,230461263.7545778,456477.3013415981,231349.7706182726,23.2656
c6id.12xlarge.sapphirerapids-O3.0.0,true,6,106,Intel,6.1.134-152.225.amzn2023.x86_64,6,1,134,amzn,2023,2023,sapphirerapids,24.0,2.0,O3,257002688.8734182,543657.0442757575,231949.01622069656,23.0431
c6id.12xlarge.sapphirerapids-O3.1.0,true,6,106,Intel,6.1.134-152.225.amzn2023.x86_64,6,1,134,amzn,2023,2023,sapphirerapids,24.0,2.0,O3,257002688.8734182,543657.0442757575,231949.01622069656,24.8878
c6id.12xlarge.sapphirerapids-O3.2.0,true,6,106,Intel,6.1.134-152.225.amzn2023.x86_64,6,1,134,amzn,2023,2023,sapphirerapids,24.0,2.0,O3,257002688.8734182,543657.0442757575,231949.01622069656,24.628
c6id.12xlarge.native-O1.0.0,true,6,106,Intel,6.1.134-152.225.amzn2023.x86_64,6,1,134,amzn,2023,2023,native,24.0,2.0,O1,39908475.58559927,490437.30837881117,224148.93595151772,26.08
c6id.12xlarge.native-O1.1.0,true,6,106,Intel,6.1.134-152.225.amzn2023.x86_64,6,1,134,amzn,2023,2023,native,24.0,2.0,O1,39908475.58559927,490437.30837881117,224148.93595151772,28.0274
c6id.12xlarge.native-O1.2.0,true,6,106,Intel,6.1.134-152.225.amzn2023.x86_64,6,1,134,amzn,2023,2023,native,24.0,2.0,O1,39908475.58559927,490437.30837881117,224148.93595151772,27.1672
c6id.12xlarge.broadwell-O3.0.0,true,6,106,Intel,6.1.134-152.225.amzn2023.x86_64,6,1,134,amzn,2023,2023,broadwell,24.0,2.0,O3,272118948.03479725,634739.6720938463,230770.85628473043,22.6088
c6id.12xlarge.broadwell-O3.1.0,true,6,106,Intel,6.1.134-152.225.amzn2023.x86_64,6,1,134,amzn,2023,2023,broadwell,24.0,2.0,O3,272118948.03479725,634739.6720938463,230770.85628473043,22.4803
c6id.12xlarge.broadwell-O3.2.0,true,6,106,Intel,6.1.134-152.225.amzn2023.x86_64,6,1,134,amzn,2023,2023,broadwell,24.0,2.0,O3,272118948.03479725,634739.6720938463,230770.85628473043,24.337
m6g.12xlarge.cortex-x1-Og.0.0,false,63,53441,ARM,6.1.134-152.225.amzn2023.aarch64,6,1,134,amzn,2023,2023,cortex-x1,48.0,1.0,Og,6720.0,1420694.7969999674,355052.9046567294,23.7602
m6g.12xlarge.cortex-x1-Og.1.0,false,63,53441,ARM,6.1.134-152.225.amzn2023.aarch64,6,1,134,amzn,2023,2023,cortex-x1,48.0,1.0,Og,6720.0,1420694.7969999674,355052.9046567294,28.4113
m6g.12xlarge.cortex-x1-Og.2.0,false,63,53441,ARM,6.1.134-152.225.amzn2023.aarch64,6,1,134,amzn,2023,2023,cortex-x1,48.0,1.0,Og,6720.0,1420694.7969999674,355052.9046567294,28.3022
m6g.12xlarge.cortex-x1-O0.0.0,false,63,53441,ARM,6.1.134-152.225.amzn2023.aarch64,6,1,134,amzn,2023,2023,cortex-x1,48.0,1.0,O0,7450.0,541004.6379897489,322133.8309946426,16.6489
m6g.12xlarge.cortex-x1-O0.1.0,false,63,53441,ARM,6.1.134-152.225.amzn2023.aarch64,6,1,134,amzn,2023,2023,cortex-x1,48.0,1.0,O0,7450.0,541004.6379897489,322133.8309946426,18.3341
m6g.12xlarge.cortex-x1-O0.2.0,false,63,53441,ARM,6.1.134-152.225.amzn2023.aarch64,6,1,134,amzn,2023,2023,cortex-x1,48.0,1.0,O0,7450.0,541004.6379897489,322133.8309946426,19.1864
m6g.12xlarge.cortex-a53-Os.0.0,false,63,53441,ARM,6.1.134-152.225.amzn2023.aarch64,6,1,134,amzn,2023,2023,cortex-a53,48.0,1.0,Os,7385.0,1330919.4174175407,414864.35111395473,25.9271
m6g.12xlarge.cortex-a53-Os.1.0,false,63,53441,ARM,6.1.134-152.225.amzn2023.aarch64,6,1,134,amzn,2023,2023,cortex-a53,48.0,1.0,Os,7385.0,1330919.4174175407,414864.35111395473,27.8675
m6g.12xlarge.cortex-a53-Os.2.0,false,63,53441,ARM,6.1.134-152.225.amzn2023.aarch64,6,1,134,amzn,2023,2023,cortex-a53,48.0,1.0,Os,7385.0,1330919.4174175407,414864.35111395473,27.9127
m6g.12xlarge.generic-O2.0.0,false,63,53441,ARM,6.1.134-152.225.amzn2023.aarch64,6,1,134,amzn,2023,2023,generic,48.0,1.0,O2,7270.0,51459.5,24327.625,26.946
m6g.12xlarge.generic-O2.1.0,false,63,53441,ARM,6.1.134-152.225.amzn2023.aarch64,6,1,134,amzn,2023,2023,generic,48.0,1.0,O2,7270.0,51459.5,24327.625,28.1748
m6g.12xlarge.generic-O2.2.0,false,63,53441,ARM,6.1.134-152.225.amzn2023.aarch64,6,1,134,amzn,2023,2023,generic,48.0,1.0,O2,7270.0,51459.5,24327.625,28.2555
m6g.12xlarge.cortex-a57-Ofast.0.0,false,63,53441,ARM,6.1.134-152.225.amzn2023.aarch64,6,1,134,amzn,2023,2023,cortex-a57,48.0,1.0,Ofast,7089.0,662382.2502613869,210466.39449179292,26.9734
m6g.12xlarge.cortex-a57-Ofast.1.0,false,63,53441,ARM,6.1.134-152.225.amzn2023.aarch64,6,1,134,amzn,2023,2023,cortex-a57,48.0,1.0,Ofast,7089.0,662382.2502613869,210466.39449179292,28.2608
m6g.12xlarge.cortex-a57-Ofast.2.0,false,63,53441,ARM,6.1.134-152.225.amzn2023.aarch64,6,1,134,amzn,2023,2023,cortex-a57,48.0,1.0,Ofast,7089.0,662382.2502613869,210466.39449179292,28.3281
m6g.12xlarge.cortex-x1-Os.0.0,false,63,53441,ARM,6.1.134-152.225.amzn2023.aarch64,6,1,134,amzn,2023,2023,cortex-x1,48.0,1.0,Os,7410.0,43313.0,9452.0,26.541
m6g.12xlarge.cortex-x1-Os.1.0,false,63,53441,ARM,6.1.134-152.225.amzn2023.aarch64,6,1,134,amzn,2023,2023,cortex-x1,48.0,1.0,Os,7410.0,43313.0,9452.0,27.5573
m6g.12xlarge.cortex-x1-Os.2.0,false,63,53441,ARM,6.1.134-152.225.amzn2023.aarch64,6,1,134,amzn,2023,2023,cortex-x1,48.0,1.0,Os,7410.0,43313.0,9452.0,28.5327
m6g.12xlarge.neoverse-n1-Os.0.0,false,63,53441,ARM,6.1.134-152.225.amzn2023.aarch64,6,1,134,amzn,2023,2023,neoverse-n1,48.0,1.0,Os,7171.0,11234.857142857143,9158.857142857143,24.8827
m6g.12xlarge.neoverse-n1-Os.1.0,false,63,53441,ARM,6.1.134-152.225.amzn2023.aarch64,6,1,134,amzn,2023,2023,neoverse-n1,48.0,1.0,Os,7171.0,11234.857142857143,9158.857142857143,28.679
m6g.12xlarge.neoverse-n1-Os.2.0,false,63,53441,ARM,6.1.134-152.225.amzn2023.aarch64,6,1,134,amzn,2023,2023,neoverse-n1,48.0,1.0,Os,7171.0,11234.857142857143,9158.857142857143,28.7765
m6g.12xlarge.cortex-x1-O3.0.0,false,63,53441,ARM,6.1.134-152.225.amzn2023.aarch64,6,1,134,amzn,2023,2023,cortex-x1,48.0,1.0,O3,6416.0,2472839.0052026035,705124.892497704,23.3638
m6g.12xlarge.cortex-x1-O3.1.0,false,63,53441,ARM,6.1.134-152.225.amzn2023.aarch64,6,1,134,amzn,2023,2023,cortex-x1,48.0,1.0,O3,6416.0,2472839.0052026035,705124.892497704,28.2975
m6g.12xlarge.cortex-x1-O3.2.0,false,63,53441,ARM,6.1.134-152.225.amzn2023.aarch64,6,1,134,amzn,2023,2023,cortex-x1,48.0,1.0,O3,6416.0,2472839.0052026035,705124.892497704,28.9277
m6g.12xlarge.neoverse-v1-O1.0.0,false,63,53441,ARM,6.1.134-152.225.amzn2023.aarch64,6,1,134,amzn,2023,2023,neoverse-v1,48.0,1.0,O1,7319.0,946638.5931854408,372608.49120638164,26.8871
m6g.12xlarge.neoverse-v1-O1.1.0,false,63,53441,ARM,6.1.134-152.225.amzn2023.aarch64,6,1,134,amzn,2023,2023,neoverse-v1,48.0,1.0,O1,7319.0,946638.5931854408,372608.49120638164,28.2059
m6g.12xlarge.neoverse-v1-O1.2.0,false,63,53441,ARM,6.1.134-152.225.amzn2023.aarch64,6,1,134,amzn,2023,2023,neoverse-v1,48.0,1.0,O1,7319.0,946638.5931854408,372608.49120638164,28.2073
m6g.12xlarge.generic-O3.0.0,false,63,53441,ARM,6.1.134-152.225.amzn2023.aarch64,6,1,134,amzn,2023,2023,generic,48.0,1.0,O3,7467.0,20843.5,13428.25,21.8062
m6g.12xlarge.generic-O3.1.0,false,63,53441,ARM,6.1.134-152.225.amzn2023.aarch64,6,1,134,amzn,2023,2023,generic,48.0,1.0,O3,7467.0,20843.5,13428.25,29.1702
m6g.12xlarge.generic-O3.2.0,false,63,53441,ARM,6.1.134-152.225.amzn2023.aarch64,6,1,134,amzn,2023,2023,generic,48.0,1.0,O3,7467.0,20843.5,13428.25,28.3521
m6g.12xlarge.cortex-a76-Ofast.0.0,false,63,53441,ARM,6.1.134-152.225.amzn2023.aarch64,6,1,134,amzn,2023,2023,cortex-a76,48.0,1.0,Ofast,7589.0,17077431.25931216,13304142.24889189,22.1399
m6g.12xlarge.cortex-a76-Ofast.1.0,false,63,53441,ARM,6.1.134-152.225.amzn2023.aarch64,6,1,134,amzn,2023,2023,cortex-a76,48.0,1.0,Ofast,7589.0,17077431.25931216,13304142.24889189,28.4852
m6g.12xlarge.cortex-a76-Ofast.2.0,false,63,53441,ARM,6.1.134-152.225.amzn2023.aarch64,6,1,134,amzn,2023,2023,cortex-a76,48.0,1.0,Ofast,7589.0,17077431.25931216,13304142.24889189,27.4271
m6g.12xlarge.cortex-a53-O2.0.0,false,63,53441,ARM,6.1.134-152.225.amzn2023.aarch64,6,1,134,amzn,2023,2023,cortex-a53,48.0,1.0,O2,7270.0,18247.0,8632.0,25.6649
m6g.12xlarge.cortex-a53-O2.1.0,false,63,53441,ARM,6.1.134-152.225.amzn2023.aarch64,6,1,134,amzn,2023,2023,cortex-a53,48.0,1.0,O2,7270.0,18247.0,8632.0,23.328
m6g.12xlarge.cortex-a53-O2.2.0,false,63,53441,ARM,6.1.134-152.225.amzn2023.aarch64,6,1,134,amzn,2023,2023,cortex-a53,48.0,1.0,O2,7270.0,18247.0,8632.0,28.0441
m6g.12xlarge.ampere1-O3.0.0,false,63,53441,ARM,6.1.134-152.225.amzn2023.aarch64,6,1,134,amzn,2023,2023,ampere1,48.0,1.0,O3,7401.0,21246974.056708526,7329884.890542771,24.1977
m6g.12xlarge.ampere1-O3.1.0,false,63,53441,ARM,6.1.134-152.225.amzn2023.aarch64,6,1,134,amzn,2023,2023,ampere1,48.0,1.0,O3,7401.0,21246974.056708526,7329884.890542771,28.0178
m6g.12xlarge.ampere1-O3.2.0,false,63,53441,ARM,6.1.134-152.225.amzn2023.aarch64,6,1,134,amzn,2023,2023,ampere1,48.0,1.0,O3,7401.0,21246974.056708526,7329884.890542771,28.6549
m6g.12xlarge.ampere1-O2.0.0,false,63,53441,ARM,6.1.134-152.225.amzn2023.aarch64,6,1,134,amzn,2023,2023,ampere1,48.0,1.0,O2,6991.0,12284.875,9838.75,24.3954
m6g.12xlarge.ampere1-O2.1.0,false,63,53441,ARM,6.1.134-152.225.amzn2023.aarch64,6,1,134,amzn,2023,2023,ampere1,48.0,1.0,O2,6991.0,12284.875,9838.75,23.9273
m6g.12xlarge.ampere1-O2.2.0,false,63,53441,ARM,6.1.134-152.225.amzn2023.aarch64,6,1,134,amzn,2023,2023,ampere1,48.0,1.0,O2,6991.0,12284.875,9838.75,28.4383
m6g.12xlarge.cortex-a76-O0.0.0,false,63,53441,ARM,6.1.134-152.225.amzn2023.aarch64,6,1,134,amzn,2023,2023,cortex-a76,48.0,1.0,O0,6941.0,9235588.663812801,4787602.22086528,14.1182
m6g.12xlarge.cortex-a76-O0.1.0,false,63,53441,ARM,6.1.134-152.225.amzn2023.aarch64,6,1,134,amzn,2023,2023,cortex-a76,48.0,1.0,O0,6941.0,9235588.663812801,4787602.22086528,19.2109
m6g.12xlarge.cortex-a76-O0.2.0,false,63,53441,ARM,6.1.134-152.225.amzn2023.aarch64,6,1,134,amzn,2023,2023,cortex-a76,48.0,1.0,O0,6941.0,9235588.663812801,4787602.22086528,19.441
m6g.12xlarge.generic-Ofast.0.0,false,63,53441,ARM,6.1.134-152.225.amzn2023.aarch64,6,1,134,amzn,2023,2023,generic,48.0,1.0,Ofast,6842.0,4874.0,2041.875,27.9976
m6g.12xlarge.generic-Ofast.1.0,false,63,53441,ARM,6.1.134-152.225.amzn2023.aarch64,6,1,134,amzn,2023,2023,generic,48.0,1.0,Ofast,6842.0,4874.0,2041.875,28.0826
m6g.12xlarge.generic-Ofast.2.0,false,63,53441,ARM,6.1.134-152.225.amzn2023.aarch64,6,1,134,amzn,2023,2023,generic,48.0,1.0,Ofast,6842.0,4874.0,2041.875,28.3002
m6g.12xlarge.cortex-a76-O2.0.0,false,63,53441,ARM,6.1.134-152.225.amzn2023.aarch64,6,1,134,amzn,2023,2023,cortex-a76,48.0,1.0,O2,7212.0,4911.625,2518.0,26.6759
m6g.12xlarge.cortex-a76-O2.1.0,false,63,53441,ARM,6.1.134-152.225.amzn2023.aarch64,6,1,134,amzn,2023,2023,cortex-a76,48.0,1.0,O2,7212.0,4911.625,2518.0,28.3901
m6g.12xlarge.cortex-a76-O2.2.0,false,63,53441,ARM,6.1.134-152.225.amzn2023.aarch64,6,1,134,amzn,2023,2023,cortex-a76,48.0,1.0,O2,7212.0,4911.625,2518.0,28.3031
m6g.12xlarge.neoverse-n2-Og.0.0,false,63,53441,ARM,6.1.134-152.225.amzn2023.aarch64,6,1,134,amzn,2023,2023,neoverse-n2,48.0,1.0,Og,6909.0,19357713.638990704,13828813.4926014,26.4713
m6g.12xlarge.neoverse-n2-Og.1.0,false,63,53441,ARM,6.1.134-152.225.amzn2023.aarch64,6,1,134,amzn,2023,2023,neoverse-n2,48.0,1.0,Og,6909.0,19357713.638990704,13828813.4926014,28.292
m6g.12xlarge.neoverse-n2-Og.2.0,false,63,53441,ARM,6.1.134-152.225.amzn2023.aarch64,6,1,134,amzn,2023,2023,neoverse-n2,48.0,1.0,Og,6909.0,19357713.638990704,13828813.4926014,28.3002
m6g.12xlarge.cortex-a76-Og.0.0,false,63,53441,ARM,6.1.134-152.225.amzn2023.aarch64,6,1,134,amzn,2023,2023,cortex-a76,48.0,1.0,Og,7491.0,32770.375,13496.125,28.2023
m6g.12xlarge.cortex-a76-Og.1.0,false,63,53441,ARM,6.1.134-152.225.amzn2023.aarch64,6,1,134,amzn,2023,2023,cortex-a76,48.0,1.0,Og,7491.0,32770.375,13496.125,27.9619
m6g.12xlarge.cortex-a76-Og.2.0,false,63,53441,ARM,6.1.134-152.225.amzn2023.aarch64,6,1,134,amzn,2023,2023,cortex-a76,48.0,1.0,Og,7491.0,32770.375,13496.125,28.0285
m6g.12xlarge.cortex-a57-O3.0.0,false,63,53441,ARM,6.1.134-152.225.amzn2023.aarch64,6,1,134,amzn,2023,2023,cortex-a57,48.0,1.0,O3,6916.0,1116515.431553752,309875.0925631339,27.9152
m6g.12xlarge.cortex-a57-O3.1.0,false,63,53441,ARM,6.1.134-152.225.amzn2023.aarch64,6,1,134,amzn,2023,2023,cortex-a57,48.0,1.0,O3,6916.0,1116515.431553752,309875.0925631339,29.3318
m6g.12xlarge.cortex-a57-O3.2.0,false,63,53441,ARM,6.1.134-152.225.amzn2023.aarch64,6,1,134,amzn,2023,2023,cortex-a57,48.0,1.0,O3,6916.0,1116515.431553752,309875.0925631339,28.9744
m6g.12xlarge.neoverse-v2-Os.0.0,false,63,53441,ARM,6.1.134-152.225.amzn2023.aarch64,6,1,134,amzn,2023,2023,neoverse-v2,48.0,1.0,Os,6917.0,1311898.0152072383,352274.3367641035,28.0574
m6g.12xlarge.neoverse-v2-Os.1.0,false,63,53441,ARM,6.1.134-152.225.amzn2023.aarch64,6,1,134,amzn,2023,2023,neoverse-v2,48.0,1.0,Os,6917.0,1311898.0152072383,352274.3367641035,28.9234
m6g.12xlarge.neoverse-v2-Os.2.0,false,63,53441,ARM,6.1.134-152.225.amzn2023.aarch64,6,1,134,amzn,2023,2023,neoverse-v2,48.0,1.0,Os,6917.0,1311898.0152072383,352274.3367641035,28.9416
m6g.12xlarge.neoverse-n1-O1.0.0,false,63,53441,ARM,6.1.134-152.225.amzn2023.aarch64,6,1,134,amzn,2023,2023,neoverse-n1,48.0,1.0,O1,7278.0,964383.0,6080.0,23.947
m6g.12xlarge.neoverse-n1-O1.1.0,false,63,53441,ARM,6.1.134-152.225.amzn2023.aarch64,6,1,134,amzn,2023,2023,neoverse-n1,48.0,1.0,O1,7278.0,964383.0,6080.0,28.399
m6g.12xlarge.neoverse-n1-O1.2.0,false,63,53441,ARM,6.1.134-152.225.amzn2023.aarch64,6,1,134,amzn,2023,2023,neoverse-n1,48.0,1.0,O1,7278.0,964383.0,6080.0,28.6452
m6g.12xlarge.cortex-a72-Os.0.0,false,63,53441,ARM,6.1.134-152.225.amzn2023.aarch64,6,1,134,amzn,2023,2023,cortex-a72,48.0,1.0,Os,6941.0,83722.0,61980.0,25.9298
m6g.12xlarge.cortex-a72-Os.1.0,false,63,53441,ARM,6.1.134-152.225.amzn2023.aarch64,6,1,134,amzn,2023,2023,cortex-a72,48.0,1.0,Os,6941.0,83722.0,61980.0,29.0133
m6g.12xlarge.cortex-a72-Os.2.0,false,63,53441,ARM,6.1.134-152.225.amzn2023.aarch64,6,1,134,amzn,2023,2023,cortex-a72,48.0,1.0,Os,6941.0,83722.0,61980.0,27.9636
m6g.12xlarge.cortex-a72-Ofast.0.0,false,63,53441,ARM,6.1.134-152.225.amzn2023.aarch64,6,1,134,amzn,2023,2023,cortex-a72,48.0,1.0,Ofast,7500.0,388594.8582639119,288253.9832486177,25.4492
m6g.12xlarge.cortex-a72-Ofast.1.0,false,63,53441,ARM,6.1.134-152.225.amzn2023.aarch64,6,1,134,amzn,2023,2023,cortex-a72,48.0,1.0,Ofast,7500.0,388594.8582639119,288253.9832486177,28.9803
m6g.12xlarge.cortex-a72-Ofast.2.0,false,63,53441,ARM,6.1.134-152.225.amzn2023.aarch64,6,1,134,amzn,2023,2023,cortex-a72,48.0,1.0,Ofast,7500.0,388594.8582639119,288253.9832486177,29.2812
m6g.12xlarge.a64fx-O2.0.0,false,63,53441,ARM,6.1.134-152.225.amzn2023.aarch64,6,1,134,amzn,2023,2023,a64fx,48.0,1.0,O2,6580.0,4957.0,2766.285714285714,28.144
m6g.12xlarge.a64fx-O2.1.0,false,63,53441,ARM,6.1.134-152.225.amzn2023.aarch64,6,1,134,amzn,2023,2023,a64fx,48.0,1.0,O2,6580.0,4957.0,2766.285714285714,27.9044
m6g.12xlarge.a64fx-O2.2.0,false,63,53441,ARM,6.1.134-152.225.amzn2023.aarch64,6,1,134,amzn,2023,2023,a64fx,48.0,1.0,O2,6580.0,4957.0,2766.285714285714,28.3709
m6g.12xlarge.ampere1-Og.0.0,false,63,53441,ARM,6.1.134-152.225.amzn2023.aarch64,6,1,134,amzn,2023,2023,ampere1,48.0,1.0,Og,6999.0,18503793.61629993,12861793.985104028,25.3566
m6g.12xlarge.ampere1-Og.1.0,false,63,53441,ARM,6.1.134-152.225.amzn2023.aarch64,6,1,134,amzn,2023,2023,ampere1,48.0,1.0,Og,6999.0,18503793.61629993,12861793.985104028,24.3473
m6g.12xlarge.ampere1-Og.2.0,false,63,53441,ARM,6.1.134-152.225.amzn2023.aarch64,6,1,134,amzn,2023,2023,ampere1,48.0,1.0,Og,6999.0,18503793.61629993,12861793.985104028,28.6381
m6g.12xlarge.neoverse-v2-Og.0.0,false,63,53441,ARM,6.1.134-152.225.amzn2023.aarch64,6,1,134,amzn,2023,2023,neoverse-v2,48.0,1.0,Og,6794.0,18640117.926529936,12279062.611723656,26.7903
m6g.12xlarge.neoverse-v2-Og.1.0,false,63,53441,ARM,6.1.134-152.225.amzn2023.aarch64,6,1,134,amzn,2023,2023,neoverse-v2,48.0,1.0,Og,6794.0,18640117.926529936,12279062.611723656,28.2112
m6g.12xlarge.neoverse-v2-Og.2.0,false,63,53441,ARM,6.1.134-152.225.amzn2023.aarch64,6,1,134,amzn,2023,2023,neoverse-v2,48.0,1.0,Og,6794.0,18640117.926529936,12279062.611723656,28.2659
m6g.12xlarge.cortex-x1-O1.0.0,false,63,53441,ARM,6.1.134-152.225.amzn2023.aarch64,6,1,134,amzn,2023,2023,cortex-x1,48.0,1.0,O1,7138.0,16502499.720974676,13555899.597113162,28.0322
m6g.12xlarge.cortex-x1-O1.1.0,false,63,53441,ARM,6.1.134-152.225.amzn2023.aarch64,6,1,134,amzn,2023,2023,cortex-x1,48.0,1.0,O1,7138.0,16502499.720974676,13555899.597113162,29.2591
m6g.12xlarge.cortex-x1-O1.2.0,false,63,53441,ARM,6.1.134-152.225.amzn2023.aarch64,6,1,134,amzn,2023,2023,cortex-x1,48.0,1.0,O1,7138.0,16502499.720974676,13555899.597113162,28.3418
m6g.12xlarge.neoverse-v2-O2.0.0,false,63,53441,ARM,6.1.134-152.225.amzn2023.aarch64,6,1,134,amzn,2023,2023,neoverse-v2,48.0,1.0,O2,6589.0,1727393.3709684345,518681.9286843777,27.1398
m6g.12xlarge.neoverse-v2-O2.1.0,false,63,53441,ARM,6.1.134-152.225.amzn2023.aarch64,6,1,134,amzn,2023,2023,neoverse-v2,48.0,1.0,O2,6589.0,1727393.3709684345,518681.9286843777,27.4189
m6g.12xlarge.neoverse-v2-O2.2.0,false,63,53441,ARM,6.1.134-152.225.amzn2023.aarch64,6,1,134,amzn,2023,2023,neoverse-v2,48.0,1.0,O2,6589.0,1727393.3709684345,518681.9286843777,28.8797
m6g.12xlarge.cortex-a53-Ofast.0.0,false,63,53441,ARM,6.1.134-152.225.amzn2023.aarch64,6,1,134,amzn,2023,2023,cortex-a53,48.0,1.0,Ofast,7425.0,1195053.340391189,422530.8531629555,25.7317
m6g.12xlarge.cortex-a53-Ofast.1.0,false,63,53441,ARM,6.1.134-152.225.amzn2023.aarch64,6,1,134,amzn,2023,2023,cortex-a53,48.0,1.0,Ofast,7425.0,1195053.340391189,422530.8531629555,28.2976
m6g.12xlarge.cortex-a53-Ofast.2.0,false,63,53441,ARM,6.1.134-152.225.amzn2023.aarch64,6,1,134,amzn,2023,2023,cortex-a53,48.0,1.0,Ofast,7425.0,1195053.340391189,422530.8531629555,27.7638
m6g.12xlarge.cortex-a57-O2.0.0,false,63,53441,ARM,6.1.134-152.225.amzn2023.aarch64,6,1,134,amzn,2023,2023,cortex-a57,48.0,1.0,O2,7335.0,1741605.5822634525,427186.18272115395,21.485
m6g.12xlarge.cortex-a57-O2.1.0,false,63,53441,ARM,6.1.134-152.225.amzn2023.aarch64,6,1,134,amzn,2023,2023,cortex-a57,48.0,1.0,O2,7335.0,1741605.5822634525,427186.18272115395,28.8865
m6g.12xlarge.cortex-a57-O2.2.0,false,63,53441,ARM,6.1.134-152.225.amzn2023.aarch64,6,1,134,amzn,2023,2023,cortex-a57,48.0,1.0,O2,7335.0,1741605.5822634525,427186.18272115395,28.0597
m6g.12xlarge.cortex-x1-Ofast.0.0,false,63,53441,ARM,6.1.134-152.225.amzn2023.aarch64,6,1,134,amzn,2023,2023,cortex-x1,48.0,1.0,Ofast,6736.0,15554.375,16935.125,25.2691
m6g.12xlarge.cortex-x1-Ofast.1.0,false,63,53441,ARM,6.1.134-152.225.amzn2023.aarch64,6,1,134,amzn,2023,2023,cortex-x1,48.0,1.0,Ofast,6736.0,15554.375,16935.125,28.4272
m6g.12xlarge.cortex-x1-Ofast.2.0,false,63,53441,ARM,6.1.134-152.225.amzn2023.aarch64,6,1,134,amzn,2023,2023,cortex-x1,48.0,1.0,Ofast,6736.0,15554.375,16935.125,28.6096
m6g.12xlarge.neoverse-v1-Og.0.0,false,63,53441,ARM,6.1.134-152.225.amzn2023.aarch64,6,1,134,amzn,2023,2023,neoverse-v1,48.0,1.0,Og,6523.0,5083.125,3229.375,28.2806
m6g.12xlarge.neoverse-v1-Og.1.0,false,63,53441,ARM,6.1.134-152.225.amzn2023.aarch64,6,1,134,amzn,2023,2023,neoverse-v1,48.0,1.0,Og,6523.0,5083.125,3229.375,27.9348
m6g.12xlarge.neoverse-v1-Og.2.0,false,63,53441,ARM,6.1.134-152.225.amzn2023.aarch64,6,1,134,amzn,2023,2023,neoverse-v1,48.0,1.0,Og,6523.0,5083.125,3229.375,27.8857
m6g.12xlarge.neoverse-v1-Os.0.0,false,63,53441,ARM,6.1.134-152.225.amzn2023.aarch64,6,1,134,amzn,2023,2023,neoverse-v1,48.0,1.0,Os,7163.0,963174.5214073618,435468.34634070745,26.4533
m6g.12xlarge.neoverse-v1-Os.1.0,false,63,53441,ARM,6.1.134-152.225.amzn2023.aarch64,6,1,134,amzn,2023,2023,neoverse-v1,48.0,1.0,Os,7163.0,963174.5214073618,435468.34634070745,28.0582
m6g.12xlarge.neoverse-v1-Os.2.0,false,63,53441,ARM,6.1.134-152.225.amzn2023.aarch64,6,1,134,amzn,2023,2023,neoverse-v1,48.0,1.0,Os,7163.0,963174.5214073618,435468.34634070745,28.0274
m6g.12xlarge.neoverse-n2-Os.0.0,false,63,53441,ARM,6.1.134-152.225.amzn2023.aarch64,6,1,134,amzn,2023,2023,neoverse-n2,48.0,1.0,Os,7097.0,19837420.46900556,14088263.482543929,23.6363
m6g.12xlarge.neoverse-n2-Os.1.0,false,63,53441,ARM,6.1.134-152.225.amzn2023.aarch64,6,1,134,amzn,2023,2023,neoverse-n2,48.0,1.0,Os,7097.0,19837420.46900556,14088263.482543929,24.9203
m6g.12xlarge.neoverse-n2-Os.2.0,false,63,53441,ARM,6.1.134-152.225.amzn2023.aarch64,6,1,134,amzn,2023,2023,neoverse-n2,48.0,1.0,Os,7097.0,19837420.46900556,14088263.482543929,28.1539
m6g.12xlarge.a64fx-Os.0.0,false,63,53441,ARM,6.1.134-152.225.amzn2023.aarch64,6,1,134,amzn,2023,2023,a64fx,48.0,1.0,Os,7147.0,15624731.588721694,14191535.435447345,23.5573
m6g.12xlarge.a64fx-Os.1.0,false,63,53441,ARM,6.1.134-152.225.amzn2023.aarch64,6,1,134,amzn,2023,2023,a64fx,48.0,1.0,Os,7147.0,15624731.588721694,14191535.435447345,28.0839
m6g.12xlarge.a64fx-Os.2.0,false,63,53441,ARM,6.1.134-152.225.amzn2023.aarch64,6,1,134,amzn,2023,2023,a64fx,48.0,1.0,Os,7147.0,15624731.588721694,14191535.435447345,28.2768
m6g.12xlarge.neoverse-v1-O2.0.0,false,63,53441,ARM,6.1.134-152.225.amzn2023.aarch64,6,1,134,amzn,2023,2023,neoverse-v1,48.0,1.0,O2,7270.0,17698640.96368544,14118056.019340243,25.2629
m6g.12xlarge.neoverse-v1-O2.1.0,false,63,53441,ARM,6.1.134-152.225.amzn2023.aarch64,6,1,134,amzn,2023,2023,neoverse-v1,48.0,1.0,O2,7270.0,17698640.96368544,14118056.019340243,28.1686
m6g.12xlarge.neoverse-v1-O2.2.0,false,63,53441,ARM,6.1.134-152.225.amzn2023.aarch64,6,1,134,amzn,2023,2023,neoverse-v1,48.0,1.0,O2,7270.0,17698640.96368544,14118056.019340243,28.4056
m6g.12xlarge.neoverse-n2-O1.0.0,false,63,53441,ARM,6.1.134-152.225.amzn2023.aarch64,6,1,134,amzn,2023,2023,neoverse-n2,48.0,1.0,O1,7278.0,20475668.737732116,12690923.741068132,25.2051
m6g.12xlarge.neoverse-n2-O1.1.0,false,63,53441,ARM,6.1.134-152.225.amzn2023.aarch64,6,1,134,amzn,2023,2023,neoverse-n2,48.0,1.0,O1,7278.0,20475668.737732116,12690923.741068132,22.8608
m6g.12xlarge.neoverse-n2-O1.2.0,false,63,53441,ARM,6.1.134-152.225.amzn2023.aarch64,6,1,134,amzn,2023,2023,neoverse-n2,48.0,1.0,O1,7278.0,20475668.737732116,12690923.741068132,28.759
m6g.12xlarge.neoverse-v2-O0.0.0,false,63,53441,ARM,6.1.134-152.225.amzn2023.aarch64,6,1,134,amzn,2023,2023,neoverse-v2,48.0,1.0,O0,7393.0,6338.125,5477.875,17.8471
m6g.12xlarge.neoverse-v2-O0.1.0,false,63,53441,ARM,6.1.134-152.225.amzn2023.aarch64,6,1,134,amzn,2023,2023,neoverse-v2,48.0,1.0,O0,7393.0,6338.125,5477.875,19.0818
m6g.12xlarge.neoverse-v2-O0.2.0,false,63,53441,ARM,6.1.134-152.225.amzn2023.aarch64,6,1,134,amzn,2023,2023,neoverse-v2,48.0,1.0,O0,7393.0,6338.125,5477.875,19.1924
m6g.12xlarge.ampere1-Os.0.0,false,63,53441,ARM,6.1.134-152.225.amzn2023.aarch64,6,1,134,amzn,2023,2023,ampere1,48.0,1.0,Os,6884.0,19853418.723531175,18519813.0307058,26.6886
m6g.12xlarge.ampere1-Os.1.0,false,63,53441,ARM,6.1.134-152.225.amzn2023.aarch64,6,1,134,amzn,2023,2023,ampere1,48.0,1.0,Os,6884.0,19853418.723531175,18519813.0307058,27.9368
m6g.12xlarge.ampere1-Os.2.0,false,63,53441,ARM,6.1.134-152.225.amzn2023.aarch64,6,1,134,amzn,2023,2023,ampere1,48.0,1.0,Os,6884.0,19853418.723531175,18519813.0307058,28.1876
m6g.12xlarge.cortex-a76-O3.0.0,false,63,53441,ARM,6.1.134-152.225.amzn2023.aarch64,6,1,134,amzn,2023,2023,cortex-a76,48.0,1.0,O3,7368.0,1719566.4810194855,612130.3445865143,26.5534
m6g.12xlarge.cortex-a76-O3.1.0,false,63,53441,ARM,6.1.134-152.225.amzn2023.aarch64,6,1,134,amzn,2023,2023,cortex-a76,48.0,1.0,O3,7368.0,1719566.4810194855,612130.3445865143,28.2955
m6g.12xlarge.cortex-a76-O3.2.0,false,63,53441,ARM,6.1.134-152.225.amzn2023.aarch64,6,1,134,amzn,2023,2023,cortex-a76,48.0,1.0,O3,7368.0,1719566.4810194855,612130.3445865143,27.6704
m6g.12xlarge.a64fx-O0.0.0,false,63,53441,ARM,6.1.134-152.225.amzn2023.aarch64,6,1,134,amzn,2023,2023,a64fx,48.0,1.0,O0,7598.0,3079223.921428458,279492.09038505564,16.7203
m6g.12xlarge.a64fx-O0.1.0,false,63,53441,ARM,6.1.134-152.225.amzn2023.aarch64,6,1,134,amzn,2023,2023,a64fx,48.0,1.0,O0,7598.0,3079223.921428458,279492.09038505564,19.3105
m6g.12xlarge.a64fx-O0.2.0,false,63,53441,ARM,6.1.134-152.225.amzn2023.aarch64,6,1,134,amzn,2023,2023,a64fx,48.0,1.0,O0,7598.0,3079223.921428458,279492.09038505564,19.3042
m6g.12xlarge.cortex-a53-Og.0.0,false,63,53441,ARM,6.1.134-152.225.amzn2023.aarch64,6,1,134,amzn,2023,2023,cortex-a53,48.0,1.0,Og,6909.0,13343.5,9335.125,25.3383
m6g.12xlarge.cortex-a53-Og.1.0,false,63,53441,ARM,6.1.134-152.225.amzn2023.aarch64,6,1,134,amzn,2023,2023,cortex-a53,48.0,1.0,Og,6909.0,13343.5,9335.125,24.457
m6g.12xlarge.cortex-a53-Og.2.0,false,63,53441,ARM,6.1.134-152.225.amzn2023.aarch64,6,1,134,amzn,2023,2023,cortex-a53,48.0,1.0,Og,6909.0,13343.5,9335.125,27.9481
m6g.12xlarge.neoverse-n1-O0.0.0,false,63,53441,ARM,6.1.134-152.225.amzn2023.aarch64,6,1,134,amzn,2023,2023,neoverse-n1,48.0,1.0,O0,6621.0,10089335.737884952,6469826.792706163,16.5171
m6g.12xlarge.neoverse-n1-O0.1.0,false,63,53441,ARM,6.1.134-152.225.amzn2023.aarch64,6,1,134,amzn,2023,2023,neoverse-n1,48.0,1.0,O0,6621.0,10089335.737884952,6469826.792706163,18.9253
m6g.12xlarge.neoverse-n1-O0.2.0,false,63,53441,ARM,6.1.134-152.225.amzn2023.aarch64,6,1,134,amzn,2023,2023,neoverse-n1,48.0,1.0,O0,6621.0,10089335.737884952,6469826.792706163,18.6981
m6g.12xlarge.cortex-a72-O3.0.0,false,63,53441,ARM,6.1.134-152.225.amzn2023.aarch64,6,1,134,amzn,2023,2023,cortex-a72,48.0,1.0,O3,7466.0,18118480.822958216,15047174.500563454,27.1688
m6g.12xlarge.cortex-a72-O3.1.0,false,63,53441,ARM,6.1.134-152.225.amzn2023.aarch64,6,1,134,amzn,2023,2023,cortex-a72,48.0,1.0,O3,7466.0,18118480.822958216,15047174.500563454,27.9325
m6g.12xlarge.cortex-a72-O3.2.0,false,63,53441,ARM,6.1.134-152.225.amzn2023.aarch64,6,1,134,amzn,2023,2023,cortex-a72,48.0,1.0,O3,7466.0,18118480.822958216,15047174.500563454,28.2448
m6g.12xlarge.cortex-a53-O3.0.0,false,63,53441,ARM,6.1.134-152.225.amzn2023.aarch64,6,1,134,amzn,2023,2023,cortex-a53,48.0,1.0,O3,6958.0,51970.0,12111.0,21.0033
m6g.12xlarge.cortex-a53-O3.1.0,false,63,53441,ARM,6.1.134-152.225.amzn2023.aarch64,6,1,134,amzn,2023,2023,cortex-a53,48.0,1.0,O3,6958.0,51970.0,12111.0,27.9425
m6g.12xlarge.cortex-a53-O3.2.0,false,63,53441,ARM,6.1.134-152.225.amzn2023.aarch64,6,1,134,amzn,2023,2023,cortex-a53,48.0,1.0,O3,6958.0,51970.0,12111.0,28.4302
m6g.12xlarge.ampere1-Ofast.0.0,false,63,53441,ARM,6.1.134-152.225.amzn2023.aarch64,6,1,134,amzn,2023,2023,ampere1,48.0,1.0,Ofast,7269.0,1858602.706343436,880674.9195081537,28.343
m6g.12xlarge.ampere1-Ofast.1.0,false,63,53441,ARM,6.1.134-152.225.amzn2023.aarch64,6,1,134,amzn,2023,2023,ampere1,48.0,1.0,Ofast,7269.0,1858602.706343436,880674.9195081537,29.5509
m6g.12xlarge.ampere1-Ofast.2.0,false,63,53441,ARM,6.1.134-152.225.amzn2023.aarch64,6,1,134,amzn,2023,2023,ampere1,48.0,1.0,Ofast,7269.0,1858602.706343436,880674.9195081537,29.501
m6g.12xlarge.cortex-a76-Os.0.0,false,63,53441,ARM,6.1.134-152.225.amzn2023.aarch64,6,1,134,amzn,2023,2023,cortex-a76,48.0,1.0,Os,7606.0,19152.625,11180.0,24.5522
m6g.12xlarge.cortex-a76-Os.1.0,false,63,53441,ARM,6.1.134-152.225.amzn2023.aarch64,6,1,134,amzn,2023,2023,cortex-a76,48.0,1.0,Os,7606.0,19152.625,11180.0,24.8149
m6g.12xlarge.cortex-a76-Os.2.0,false,63,53441,ARM,6.1.134-152.225.amzn2023.aarch64,6,1,134,amzn,2023,2023,cortex-a76,48.0,1.0,Os,7606.0,19152.625,11180.0,28.2969
m6g.12xlarge.native-O0.0.0,false,63,53441,ARM,6.1.134-152.225.amzn2023.aarch64,6,1,134,amzn,2023,2023,native,48.0,1.0,O0,7180.0,10244.42857142857,5801.857142857143,18.3922
m6g.12xlarge.native-O0.1.0,false,63,53441,ARM,6.1.134-152.225.amzn2023.aarch64,6,1,134,amzn,2023,2023,native,48.0,1.0,O0,7180.0,10244.42857142857,5801.857142857143,19.4996
m6g.12xlarge.native-O0.2.0,false,63,53441,ARM,6.1.134-152.225.amzn2023.aarch64,6,1,134,amzn,2023,2023,native,48.0,1.0,O0,7180.0,10244.42857142857,5801.857142857143,19.246
m6g.12xlarge.neoverse-v2-O1.0.0,false,63,53441,ARM,6.1.134-152.225.amzn2023.aarch64,6,1,134,amzn,2023,2023,neoverse-v2,48.0,1.0,O1,7647.0,635861.8086708359,482902.83438691206,24.7762
m6g.12xlarge.neoverse-v2-O1.1.0,false,63,53441,ARM,6.1.134-152.225.amzn2023.aarch64,6,1,134,amzn,2023,2023,neoverse-v2,48.0,1.0,O1,7647.0,635861.8086708359,482902.83438691206,29.4963
m6g.12xlarge.neoverse-v2-O1.2.0,false,63,53441,ARM,6.1.134-152.225.amzn2023.aarch64,6,1,134,amzn,2023,2023,neoverse-v2,48.0,1.0,O1,7647.0,635861.8086708359,482902.83438691206,27.6539
m6g.12xlarge.neoverse-n1-O3.0.0,false,63,53441,ARM,6.1.134-152.225.amzn2023.aarch64,6,1,134,amzn,2023,2023,neoverse-n1,48.0,1.0,O3,7048.0,32423.0,17057.666666666668,26.4668
m6g.12xlarge.neoverse-n1-O3.1.0,false,63,53441,ARM,6.1.134-152.225.amzn2023.aarch64,6,1,134,amzn,2023,2023,neoverse-n1,48.0,1.0,O3,7048.0,32423.0,17057.666666666668,28.1852
m6g.12xlarge.neoverse-n1-O3.2.0,false,63,53441,ARM,6.1.134-152.225.amzn2023.aarch64,6,1,134,amzn,2023,2023,neoverse-n1,48.0,1.0,O3,7048.0,32423.0,17057.666666666668,29.0231
t4g.2xlarge.cortex-x1-Og.0.0,false,63,53441,ARM,6.1.134-152.225.amzn2023.aarch64,6,1,134,amzn,2023,2023,cortex-x1,8.0,1.0,Og,6884.0,9805.0,12003.0,11.1725
t4g.2xlarge.cortex-x1-Og.1.0,false,63,53441,ARM,6.1.134-152.225.amzn2023.aarch64,6,1,134,amzn,2023,2023,cortex-x1,8.0,1.0,Og,6884.0,9805.0,12003.0,13.0832
t4g.2xlarge.cortex-x1-Og.2.0,false,63,53441,ARM,6.1.134-152.225.amzn2023.aarch64,6,1,134,amzn,2023,2023,cortex-x1,8.0,1.0,Og,6884.0,9805.0,12003.0,12.6141
t4g.2xlarge.cortex-a72-O2.0.0,false,63,53441,ARM,6.1.134-152.225.amzn2023.aarch64,6,1,134,amzn,2023,2023,cortex-a72,8.0,1.0,O2,7967.0,7088.0,2961.8,12.0568
t4g.2xlarge.cortex-a72-O2.1.0,false,63,53441,ARM,6.1.134-152.225.amzn2023.aarch64,6,1,134,amzn,2023,2023,cortex-a72,8.0,1.0,O2,7967.0,7088.0,2961.8,14.5437
t4g.2xlarge.cortex-a72-O2.2.0,false,63,53441,ARM,6.1.134-152.225.amzn2023.aarch64,6,1,134,amzn,2023,2023,cortex-a72,8.0,1.0,O2,7967.0,7088.0,2961.8,14.8445
t4g.2xlarge.neoverse-n2-O0.0.0,false,63,53441,ARM,6.1.134-152.225.amzn2023.aarch64,6,1,134,amzn,2023,2023,neoverse-n2,8.0,1.0,O0,7565.0,31556.0,49968.0,3.10237
t4g.2xlarge.neoverse-n2-O0.1.0,false,63,53441,ARM,6.1.134-152.225.amzn2023.aarch64,6,1,134,amzn,2023,2023,neoverse-n2,8.0,1.0,O0,7565.0,31556.0,49968.0,3.38162
t4g.2xlarge.neoverse-n2-O0.2.0,false,63,53441,ARM,6.1.134-152.225.amzn2023.aarch64,6,1,134,amzn,2023,2023,neoverse-n2,8.0,1.0,O0,7565.0,31556.0,49968.0,3.49615
t4g.2xlarge.cortex-a53-Os.0.0,false,63,53441,ARM,6.1.134-152.225.amzn2023.aarch64,6,1,134,amzn,2023,2023,cortex-a53,8.0,1.0,Os,7598.0,14733.666666666666,10622.666666666666,8.9054
t4g.2xlarge.cortex-a53-Os.1.0,false,63,53441,ARM,6.1.134-152.225.amzn2023.aarch64,6,1,134,amzn,2023,2023,cortex-a53,8.0,1.0,Os,7598.0,14733.666666666666,10622.666666666666,11.2332
t4g.2xlarge.cortex-a53-Os.2.0,false,63,53441,ARM,6.1.134-152.225.amzn2023.aarch64,6,1,134,amzn,2023,2023,cortex-a53,8.0,1.0,Os,7598.0,14733.666666666666,10622.666666666666,11.185
t4g.2xlarge.native-Os.0.0,false,63,53441,ARM,6.1.134-152.225.amzn2023.aarch64,6,1,134,amzn,2023,2023,native,8.0,1.0,Os,8197.0,20792.25,11969.0,8.72249
t4g.2xlarge.native-Os.1.0,false,63,53441,ARM,6.1.134-152.225.amzn2023.aarch64,6,1,134,amzn,2023,2023,native,8.0,1.0,Os,8197.0,20792.25,11969.0,11.3217
t4g.2xlarge.native-Os.2.0,false,63,53441,ARM,6.1.134-152.225.amzn2023.aarch64,6,1,134,amzn,2023,2023,native,8.0,1.0,Os,8197.0,20792.25,11969.0,11.3785
t4g.2xlarge.generic-O2.0.0,false,63,53441,ARM,6.1.134-152.225.amzn2023.aarch64,6,1,134,amzn,2023,2023,generic,8.0,1.0,O2,7836.0,22637.0,21284.0,10.2044
t4g.2xlarge.generic-O2.1.0,false,63,53441,ARM,6.1.134-152.225.amzn2023.aarch64,6,1,134,amzn,2023,2023,generic,8.0,1.0,O2,7836.0,22637.0,21284.0,14.7448
t4g.2xlarge.generic-O2.2.0,false,63,53441,ARM,6.1.134-152.225.amzn2023.aarch64,6,1,134,amzn,2023,2023,generic,8.0,1.0,O2,7836.0,22637.0,21284.0,14.9464
t4g.2xlarge.cortex-a57-Ofast.0.0,false,63,53441,ARM,6.1.134-152.225.amzn2023.aarch64,6,1,134,amzn,2023,2023,cortex-a57,8.0,1.0,Ofast,6884.0,6211.25,1237.0,11.8881
t4g.2xlarge.cortex-a57-Ofast.1.0,false,63,53441,ARM,6.1.134-152.225.amzn2023.aarch64,6,1,134,amzn,2023,2023,cortex-a57,8.0,1.0,Ofast,6884.0,6211.25,1237.0,13.7331
t4g.2xlarge.cortex-a57-Ofast.2.0,false,63,53441,ARM,6.1.134-152.225.amzn2023.aarch64,6,1,134,amzn,2023,2023,cortex-a57,8.0,1.0,Ofast,6884.0,6211.25,1237.0,15.3982
t4g.2xlarge.cortex-x1-O3.0.0,false,63,53441,ARM,6.1.134-152.225.amzn2023.aarch64,6,1,134,amzn,2023,2023,cortex-x1,8.0,1.0,O3,7343.0,74190.15384615384,14048.0,13.5677
t4g.2xlarge.cortex-x1-O3.1.0,false,63,53441,ARM,6.1.134-152.225.amzn2023.aarch64,6,1,134,amzn,2023,2023,cortex-x1,8.0,1.0,O3,7343.0,74190.15384615384,14048.0,14.9301
t4g.2xlarge.cortex-x1-O3.2.0,false,63,53441,ARM,6.1.134-152.225.amzn2023.aarch64,6,1,134,amzn,2023,2023,cortex-x1,8.0,1.0,O3,7343.0,74190.15384615384,14048.0,12.0873
t4g.2xlarge.native-O1.0.0,false,63,53441,ARM,6.1.134-152.225.amzn2023.aarch64,6,1,134,amzn,2023,2023,native,8.0,1.0,O1,8033.0,46620.6,19881.0,10.8171
t4g.2xlarge.native-O1.1.0,false,63,53441,ARM,6.1.134-152.225.amzn2023.aarch64,6,1,134,amzn,2023,2023,native,8.0,1.0,O1,8033.0,46620.6,19881.0,13.4753
t4g.2xlarge.native-O1.2.0,false,63,53441,ARM,6.1.134-152.225.amzn2023.aarch64,6,1,134,amzn,2023,2023,native,8.0,1.0,O1,8033.0,46620.6,19881.0,13.8643
t4g.2xlarge.cortex-a76-Ofast.0.0,false,63,53441,ARM,6.1.134-152.225.amzn2023.aarch64,6,1,134,amzn,2023,2023,cortex-a76,8.0,1.0,Ofast,7679.0,14005.0,6778.0,11.593
t4g.2xlarge.cortex-a76-Ofast.1.0,false,63,53441,ARM,6.1.134-152.225.amzn2023.aarch64,6,1,134,amzn,2023,2023,cortex-a76,8.0,1.0,Ofast,7679.0,14005.0,6778.0,14.7629
t4g.2xlarge.cortex-a76-Ofast.2.0,false,63,53441,ARM,6.1.134-152.225.amzn2023.aarch64,6,1,134,amzn,2023,2023,cortex-a76,8.0,1.0,Ofast,7679.0,14005.0,6778.0,14.6413
t4g.2xlarge.cortex-a53-O2.0.0,false,63,53441,ARM,6.1.134-152.225.amzn2023.aarch64,6,1,134,amzn,2023,2023,cortex-a53,8.0,1.0,O2,8008.0,7642.0,7043.875,13.0965
t4g.2xlarge.cortex-a53-O2.1.0,false,63,53441,ARM,6.1.134-152.225.amzn2023.aarch64,6,1,134,amzn,2023,2023,cortex-a53,8.0,1.0,O2,8008.0,7642.0,7043.875,12.4432
t4g.2xlarge.cortex-a53-O2.2.0,false,63,53441,ARM,6.1.134-152.225.amzn2023.aarch64,6,1,134,amzn,2023,2023,cortex-a53,8.0,1.0,O2,8008.0,7642.0,7043.875,10.6205
t4g.2xlarge.ampere1-O2.0.0,false,63,53441,ARM,6.1.134-152.225.amzn2023.aarch64,6,1,134,amzn,2023,2023,ampere1,8.0,1.0,O2,7918.0,51346.4,25330.4,13.3346
t4g.2xlarge.ampere1-O2.1.0,false,63,53441,ARM,6.1.134-152.225.amzn2023.aarch64,6,1,134,amzn,2023,2023,ampere1,8.0,1.0,O2,7918.0,51346.4,25330.4,14.7529
t4g.2xlarge.ampere1-O2.2.0,false,63,53441,ARM,6.1.134-152.225.amzn2023.aarch64,6,1,134,amzn,2023,2023,ampere1,8.0,1.0,O2,7918.0,51346.4,25330.4,14.8984
t4g.2xlarge.cortex-a76-O2.0.0,false,63,53441,ARM,6.1.134-152.225.amzn2023.aarch64,6,1,134,amzn,2023,2023,cortex-a76,8.0,1.0,O2,8025.0,49854.0,26496.625,11.813
t4g.2xlarge.cortex-a76-O2.1.0,false,63,53441,ARM,6.1.134-152.225.amzn2023.aarch64,6,1,134,amzn,2023,2023,cortex-a76,8.0,1.0,O2,8025.0,49854.0,26496.625,15.7371
t4g.2xlarge.cortex-a76-O2.2.0,false,63,53441,ARM,6.1.134-152.225.amzn2023.aarch64,6,1,134,amzn,2023,2023,cortex-a76,8.0,1.0,O2,8025.0,49854.0,26496.625,14.9005
t4g.2xlarge.native-Og.0.0,false,63,53441,ARM,6.1.134-152.225.amzn2023.aarch64,6,1,134,amzn,2023,2023,native,8.0,1.0,Og,7877.0,8258.25,7575.25,9.99272
t4g.2xlarge.native-Og.1.0,false,63,53441,ARM,6.1.134-152.225.amzn2023.aarch64,6,1,134,amzn,2023,2023,native,8.0,1.0,Og,7877.0,8258.25,7575.25,10.8042
t4g.2xlarge.native-Og.2.0,false,63,53441,ARM,6.1.134-152.225.amzn2023.aarch64,6,1,134,amzn,2023,2023,native,8.0,1.0,Og,7877.0,8258.25,7575.25,13.4989
t4g.2xlarge.cortex-a76-Og.0.0,false,63,53441,ARM,6.1.134-152.225.amzn2023.aarch64,6,1,134,amzn,2023,2023,cortex-a76,8.0,1.0,Og,7803.0,9564.2,8968.533333333333,10.6081
t4g.2xlarge.cortex-a76-Og.1.0,false,63,53441,ARM,6.1.134-152.225.amzn2023.aarch64,6,1,134,amzn,2023,2023,cortex-a76,8.0,1.0,Og,7803.0,9564.2,8968.533333333333,11.4156
t4g.2xlarge.cortex-a76-Og.2.0,false,63,53441,ARM,6.1.134-152.225.amzn2023.aarch64,6,1,134,amzn,2023,2023,cortex-a76,8.0,1.0,Og,7803.0,9564.2,8968.533333333333,13.1016
t4g.2xlarge.cortex-a57-O3.0.0,false,63,53441,ARM,6.1.134-152.225.amzn2023.aarch64,6,1,134,amzn,2023,2023,cortex-a57,8.0,1.0,O3,7836.0,18822.0,9238.0,12.849
t4g.2xlarge.cortex-a57-O3.1.0,false,63,53441,ARM,6.1.134-152.225.amzn2023.aarch64,6,1,134,amzn,2023,2023,cortex-a57,8.0,1.0,O3,7836.0,18822.0,9238.0,13.8313
t4g.2xlarge.cortex-a57-O3.2.0,false,63,53441,ARM,6.1.134-152.225.amzn2023.aarch64,6,1,134,amzn,2023,2023,cortex-a57,8.0,1.0,O3,7836.0,18822.0,9238.0,14.8076
t4g.2xlarge.neoverse-v2-Os.0.0,false,63,53441,ARM,6.1.134-152.225.amzn2023.aarch64,6,1,134,amzn,2023,2023,neoverse-v2,8.0,1.0,Os,8279.0,57373.0,22284.0,10.101
t4g.2xlarge.neoverse-v2-Os.1.0,false,63,53441,ARM,6.1.134-152.225.amzn2023.aarch64,6,1,134,amzn,2023,2023,neoverse-v2,8.0,1.0,Os,8279.0,57373.0,22284.0,12.3356
t4g.2xlarge.neoverse-v2-Os.2.0,false,63,53441,ARM,6.1.134-152.225.amzn2023.aarch64,6,1,134,amzn,2023,2023,neoverse-v2,8.0,1.0,Os,8279.0,57373.0,22284.0,12.6629
t4g.2xlarge.a64fx-O2.0.0,false,63,53441,ARM,6.1.134-152.225.amzn2023.aarch64,6,1,134,amzn,2023,2023,a64fx,8.0,1.0,O2,7557.0,19894.0,15639.0,12.2379
t4g.2xlarge.a64fx-O2.1.0,false,63,53441,ARM,6.1.134-152.225.amzn2023.aarch64,6,1,134,amzn,2023,2023,a64fx,8.0,1.0,O2,7557.0,19894.0,15639.0,15.0415
t4g.2xlarge.a64fx-O2.2.0,false,63,53441,ARM,6.1.134-152.225.amzn2023.aarch64,6,1,134,amzn,2023,2023,a64fx,8.0,1.0,O2,7557.0,19894.0,15639.0,14.1136
t4g.2xlarge.ampere1-Og.0.0,false,63,53441,ARM,6.1.134-152.225.amzn2023.aarch64,6,1,134,amzn,2023,2023,ampere1,8.0,1.0,Og,7540.0,30686.2,6712.428571428572,9.43094
t4g.2xlarge.ampere1-Og.1.0,false,63,53441,ARM,6.1.134-152.225.amzn2023.aarch64,6,1,134,amzn,2023,2023,ampere1,8.0,1.0,Og,7540.0,30686.2,6712.428571428572,13.6539
t4g.2xlarge.ampere1-Og.2.0,false,63,53441,ARM,6.1.134-152.225.amzn2023.aarch64,6,1,134,amzn,2023,2023,ampere1,8.0,1.0,Og,7540.0,30686.2,6712.428571428572,13.6584
t4g.2xlarge.generic-Og.0.0,false,63,53441,ARM,6.1.134-152.225.amzn2023.aarch64,6,1,134,amzn,2023,2023,generic,8.0,1.0,Og,6999.0,17069.375,1527.25,11.6684
t4g.2xlarge.generic-Og.1.0,false,63,53441,ARM,6.1.134-152.225.amzn2023.aarch64,6,1,134,amzn,2023,2023,generic,8.0,1.0,Og,6999.0,17069.375,1527.25,12.4083
t4g.2xlarge.generic-Og.2.0,false,63,53441,ARM,6.1.134-152.225.amzn2023.aarch64,6,1,134,amzn,2023,2023,generic,8.0,1.0,Og,6999.0,17069.375,1527.25,13.3239
t4g.2xlarge.native-O2.0.0,false,63,53441,ARM,6.1.134-152.225.amzn2023.aarch64,6,1,134,amzn,2023,2023,native,8.0,1.0,O2,7737.0,20684.714285714286,12956.857142857143,11.953
t4g.2xlarge.native-O2.1.0,false,63,53441,ARM,6.1.134-152.225.amzn2023.aarch64,6,1,134,amzn,2023,2023,native,8.0,1.0,O2,7737.0,20684.714285714286,12956.857142857143,15.4538
t4g.2xlarge.native-O2.2.0,false,63,53441,ARM,6.1.134-152.225.amzn2023.aarch64,6,1,134,amzn,2023,2023,native,8.0,1.0,O2,7737.0,20684.714285714286,12956.857142857143,15.0569
t4g.2xlarge.cortex-a57-O2.0.0,false,63,53441,ARM,6.1.134-152.225.amzn2023.aarch64,6,1,134,amzn,2023,2023,cortex-a57,8.0,1.0,O2,7377.0,7514.75,6306.375,9.03547
t4g.2xlarge.cortex-a57-O2.1.0,false,63,53441,ARM,6.1.134-152.225.amzn2023.aarch64,6,1,134,amzn,2023,2023,cortex-a57,8.0,1.0,O2,7377.0,7514.75,6306.375,14.8486
t4g.2xlarge.cortex-a57-O2.2.0,false,63,53441,ARM,6.1.134-152.225.amzn2023.aarch64,6,1,134,amzn,2023,2023,cortex-a57,8.0,1.0,O2,7377.0,7514.75,6306.375,14.8338
t4g.2xlarge.neoverse-n1-Og.0.0,false,63,53441,ARM,6.1.134-152.225.amzn2023.aarch64,6,1,134,amzn,2023,2023,neoverse-n1,8.0,1.0,Og,6925.0,59322.0,29439.0,10.6098
t4g.2xlarge.neoverse-n1-Og.1.0,false,63,53441,ARM,6.1.134-152.225.amzn2023.aarch64,6,1,134,amzn,2023,2023,neoverse-n1,8.0,1.0,Og,6925.0,59322.0,29439.0,13.8386
t4g.2xlarge.neoverse-n1-Og.2.0,false,63,53441,ARM,6.1.134-152.225.amzn2023.aarch64,6,1,134,amzn,2023,2023,neoverse-n1,8.0,1.0,Og,6925.0,59322.0,29439.0,14.4715
t4g.2xlarge.cortex-x1-O2.0.0,false,63,53441,ARM,6.1.134-152.225.amzn2023.aarch64,6,1,134,amzn,2023,2023,cortex-x1,8.0,1.0,O2,7155.0,7624.875,7094.1875,13.0877
t4g.2xlarge.cortex-x1-O2.1.0,false,63,53441,ARM,6.1.134-152.225.amzn2023.aarch64,6,1,134,amzn,2023,2023,cortex-x1,8.0,1.0,O2,7155.0,7624.875,7094.1875,13.5508
t4g.2xlarge.cortex-x1-O2.2.0,false,63,53441,ARM,6.1.134-152.225.amzn2023.aarch64,6,1,134,amzn,2023,2023,cortex-x1,8.0,1.0,O2,7155.0,7624.875,7094.1875,14.6355
t4g.2xlarge.a64fx-O1.0.0,false,63,53441,ARM,6.1.134-152.225.amzn2023.aarch64,6,1,134,amzn,2023,2023,a64fx,8.0,1.0,O1,7713.0,10959.5,8734.0,11.9611
t4g.2xlarge.a64fx-O1.1.0,false,63,53441,ARM,6.1.134-152.225.amzn2023.aarch64,6,1,134,amzn,2023,2023,a64fx,8.0,1.0,O1,7713.0,10959.5,8734.0,13.6488
t4g.2xlarge.a64fx-O1.2.0,false,63,53441,ARM,6.1.134-152.225.amzn2023.aarch64,6,1,134,amzn,2023,2023,a64fx,8.0,1.0,O1,7713.0,10959.5,8734.0,13.8521
t4g.2xlarge.a64fx-Os.0.0,false,63,53441,ARM,6.1.134-152.225.amzn2023.aarch64,6,1,134,amzn,2023,2023,a64fx,8.0,1.0,Os,7819.0,38260.0,6532.0,11.1128
t4g.2xlarge.a64fx-Os.1.0,false,63,53441,ARM,6.1.134-152.225.amzn2023.aarch64,6,1,134,amzn,2023,2023,a64fx,8.0,1.0,Os,7819.0,38260.0,6532.0,10.5569
t4g.2xlarge.a64fx-Os.2.0,false,63,53441,ARM,6.1.134-152.225.amzn2023.aarch64,6,1,134,amzn,2023,2023,a64fx,8.0,1.0,Os,7819.0,38260.0,6532.0,10.1493
t4g.2xlarge.cortex-a53-O1.0.0,false,63,53441,ARM,6.1.134-152.225.amzn2023.aarch64,6,1,134,amzn,2023,2023,cortex-a53,8.0,1.0,O1,6777.0,13645.0,9977.0,11.6424
t4g.2xlarge.cortex-a53-O1.1.0,false,63,53441,ARM,6.1.134-152.225.amzn2023.aarch64,6,1,134,amzn,2023,2023,cortex-a53,8.0,1.0,O1,6777.0,13645.0,9977.0,13.1526
t4g.2xlarge.cortex-a53-O1.2.0,false,63,53441,ARM,6.1.134-152.225.amzn2023.aarch64,6,1,134,amzn,2023,2023,cortex-a53,8.0,1.0,O1,6777.0,13645.0,9977.0,14.0453
t4g.2xlarge.neoverse-v1-O2.0.0,false,63,53441,ARM,6.1.134-152.225.amzn2023.aarch64,6,1,134,amzn,2023,2023,neoverse-v1,8.0,1.0,O2,7245.0,58017.0,32107.0,10.2475
t4g.2xlarge.neoverse-v1-O2.1.0,false,63,53441,ARM,6.1.134-152.225.amzn2023.aarch64,6,1,134,amzn,2023,2023,neoverse-v1,8.0,1.0,O2,7245.0,58017.0,32107.0,14.8141
t4g.2xlarge.neoverse-v1-O2.2.0,false,63,53441,ARM,6.1.134-152.225.amzn2023.aarch64,6,1,134,amzn,2023,2023,neoverse-v1,8.0,1.0,O2,7245.0,58017.0,32107.0,14.9278
t4g.2xlarge.neoverse-v2-O0.0.0,false,63,53441,ARM,6.1.134-152.225.amzn2023.aarch64,6,1,134,amzn,2023,2023,neoverse-v2,8.0,1.0,O0,6728.0,17567.0,6719.0,3.03935
t4g.2xlarge.neoverse-v2-O0.1.0,false,63,53441,ARM,6.1.134-152.225.amzn2023.aarch64,6,1,134,amzn,2023,2023,neoverse-v2,8.0,1.0,O0,6728.0,17567.0,6719.0,3.39643
t4g.2xlarge.neoverse-v2-O0.2.0,false,63,53441,ARM,6.1.134-152.225.amzn2023.aarch64,6,1,134,amzn,2023,2023,neoverse-v2,8.0,1.0,O0,6728.0,17567.0,6719.0,3.39211
t4g.2xlarge.cortex-a76-O3.0.0,false,63,53441,ARM,6.1.134-152.225.amzn2023.aarch64,6,1,134,amzn,2023,2023,cortex-a76,8.0,1.0,O3,7893.0,13878.75,10923.0,10.451
t4g.2xlarge.cortex-a76-O3.1.0,false,63,53441,ARM,6.1.134-152.225.amzn2023.aarch64,6,1,134,amzn,2023,2023,cortex-a76,8.0,1.0,O3,7893.0,13878.75,10923.0,14.9791
t4g.2xlarge.cortex-a76-O3.2.0,false,63,53441,ARM,6.1.134-152.225.amzn2023.aarch64,6,1,134,amzn,2023,2023,cortex-a76,8.0,1.0,O3,7893.0,13878.75,10923.0,14.8806
t4g.2xlarge.cortex-a53-Og.0.0,false,63,53441,ARM,6.1.134-152.225.amzn2023.aarch64,6,1,134,amzn,2023,2023,cortex-a53,8.0,1.0,Og,7253.0,41828.8125,13315.125,12.045
t4g.2xlarge.cortex-a53-Og.1.0,false,63,53441,ARM,6.1.134-152.225.amzn2023.aarch64,6,1,134,amzn,2023,2023,cortex-a53,8.0,1.0,Og,7253.0,41828.8125,13315.125,12.7466
t4g.2xlarge.cortex-a53-Og.2.0,false,63,53441,ARM,6.1.134-152.225.amzn2023.aarch64,6,1,134,amzn,2023,2023,cortex-a53,8.0,1.0,Og,7253.0,41828.8125,13315.125,13.0274
t4g.2xlarge.neoverse-n1-O0.0.0,false,63,53441,ARM,6.1.134-152.225.amzn2023.aarch64,6,1,134,amzn,2023,2023,neoverse-n1,8.0,1.0,O0,7204.0,30744.0,30990.0,2.63918
t4g.2xlarge.neoverse-n1-O0.1.0,false,63,53441,ARM,6.1.134-152.225.amzn2023.aarch64,6,1,134,amzn,2023,2023,neoverse-n1,8.0,1.0,O0,7204.0,30744.0,30990.0,3.44362
t4g.2xlarge.neoverse-n1-O0.2.0,false,63,53441,ARM,6.1.134-152.225.amzn2023.aarch64,6,1,134,amzn,2023,2023,neoverse-n1,8.0,1.0,O0,7204.0,30744.0,30990.0,3.39634
t4g.2xlarge.cortex-a72-O3.0.0,false,63,53441,ARM,6.1.134-152.225.amzn2023.aarch64,6,1,134,amzn,2023,2023,cortex-a72,8.0,1.0,O3,7270.0,22984.25,15576.75,11.5904
t4g.2xlarge.cortex-a72-O3.1.0,false,63,53441,ARM,6.1.134-152.225.amzn2023.aarch64,6,1,134,amzn,2023,2023,cortex-a72,8.0,1.0,O3,7270.0,22984.25,15576.75,12.9978
t4g.2xlarge.cortex-a72-O3.2.0,false,63,53441,ARM,6.1.134-152.225.amzn2023.aarch64,6,1,134,amzn,2023,2023,cortex-a72,8.0,1.0,O3,7270.0,22984.25,15576.75,14.3793
t4g.2xlarge.cortex-a76-Os.0.0,false,63,53441,ARM,6.1.134-152.225.amzn2023.aarch64,6,1,134,amzn,2023,2023,cortex-a76,8.0,1.0,Os,8237.0,20588.714285714286,13488.857142857143,11.2769
t4g.2xlarge.cortex-a76-Os.1.0,false,63,53441,ARM,6.1.134-152.225.amzn2023.aarch64,6,1,134,amzn,2023,2023,cortex-a76,8.0,1.0,Os,8237.0,20588.714285714286,13488.857142857143,12.9092
t4g.2xlarge.cortex-a76-Os.2.0,false,63,53441,ARM,6.1.134-152.225.amzn2023.aarch64,6,1,134,amzn,2023,2023,cortex-a76,8.0,1.0,Os,8237.0,20588.714285714286,13488.857142857143,12.6609
t4g.2xlarge.neoverse-n1-O2.0.0,false,63,53441,ARM,6.1.134-152.225.amzn2023.aarch64,6,1,134,amzn,2023,2023,neoverse-n1,8.0,1.0,O2,8188.0,16734.0,13210.0,10.6924
t4g.2xlarge.neoverse-n1-O2.1.0,false,63,53441,ARM,6.1.134-152.225.amzn2023.aarch64,6,1,134,amzn,2023,2023,neoverse-n1,8.0,1.0,O2,8188.0,16734.0,13210.0,12.4012
t4g.2xlarge.neoverse-n1-O2.2.0,false,63,53441,ARM,6.1.134-152.225.amzn2023.aarch64,6,1,134,amzn,2023,2023,neoverse-n1,8.0,1.0,O2,8188.0,16734.0,13210.0,14.5761
t4g.2xlarge.native-O0.0.0,false,63,53441,ARM,6.1.134-152.225.amzn2023.aarch64,6,1,134,amzn,2023,2023,native,8.0,1.0,O0,7721.0,9055.333333333334,5123.0,3.15661
t4g.2xlarge.native-O0.1.0,false,63,53441,ARM,6.1.134-152.225.amzn2023.aarch64,6,1,134,amzn,2023,2023,native,8.0,1.0,O0,7721.0,9055.333333333334,5123.0,3.40825
t4g.2xlarge.native-O0.2.0,false,63,53441,ARM,6.1.134-152.225.amzn2023.aarch64,6,1,134,amzn,2023,2023,native,8.0,1.0,O0,7721.0,9055.333333333334,5123.0,3.48114
t4g.2xlarge.cortex-a57-O0.0.0,false,63,53441,ARM,6.1.134-152.225.amzn2023.aarch64,6,1,134,amzn,2023,2023,cortex-a57,8.0,1.0,O0,7754.0,27108.0,22514.0,2.64425
t4g.2xlarge.cortex-a57-O0.1.0,false,63,53441,ARM,6.1.134-152.225.amzn2023.aarch64,6,1,134,amzn,2023,2023,cortex-a57,8.0,1.0,O0,7754.0,27108.0,22514.0,3.40946
t4g.2xlarge.cortex-a57-O0.2.0,false,63,53441,ARM,6.1.134-152.225.amzn2023.aarch64,6,1,134,amzn,2023,2023,cortex-a57,8.0,1.0,O0,7754.0,27108.0,22514.0,3.30543
t3.2xlarge.znver4-Og.0.0,true,6,85,Intel,6.1.134-152.225.amzn2023.x86_64,6,1,134,amzn,2023,2023,znver4,4.0,2.0,Og,4690903860.275016,1232397.5519096716,676657.3290066674,5.46232
t3.2xlarge.znver4-Og.1.0,true,6,85,Intel,6.1.134-152.225.amzn2023.x86_64,6,1,134,amzn,2023,2023,znver4,4.0,2.0,Og,4690903860.275016,1232397.5519096716,676657.3290066674,5.7037
t3.2xlarge.znver4-Og.2.0,true,6,85,Intel,6.1.134-152.225.amzn2023.x86_64,6,1,134,amzn,2023,2023,znver4,4.0,2.0,Og,4690903860.275016,1232397.5519096716,676657.3290066674,5.85389
t3.2xlarge.haswell-O0.0.0,true,6,85,Intel,6.1.134-152.225.amzn2023.x86_64,6,1,134,amzn,2023,2023,haswell,4.0,2.0,O0,9115428428.602972,1080991.485597093,415924.5090217577,2.44721
t3.2xlarge.haswell-O0.1.0,true,6,85,Intel,6.1.134-152.225.amzn2023.x86_64,6,1,134,amzn,2023,2023,haswell,4.0,2.0,O0,9115428428.602972,1080991.485597093,415924.5090217577,2.57745
t3.2xlarge.haswell-O0.2.0,true,6,85,Intel,6.1.134-152.225.amzn2023.x86_64,6,1,134,amzn,2023,2023,haswell,4.0,2.0,O0,9115428428.602972,1080991.485597093,415924.5090217577,2.58886
t3.2xlarge.znver1-O0.0.0,true,6,85,Intel,6.1.134-152.225.amzn2023.x86_64,6,1,134,amzn,2023,2023,znver1,4.0,2.0,O0,7349971090.703776,1375094.5421143947,473796.4962611962,2.04054
t3.2xlarge.znver1-O0.1.0,true,6,85,Intel,6.1.134-152.225.amzn2023.x86_64,6,1,134,amzn,2023,2023,znver1,4.0,2.0,O0,7349971090.703776,1375094.5421143947,473796.4962611962,2.49648
t3.2xlarge.znver1-O0.2.0,true,6,85,Intel,6.1.134-152.225.amzn2023.x86_64,6,1,134,amzn,2023,2023,znver1,4.0,2.0,O0,7349971090.703776,1375094.5421143947,473796.4962611962,2.5094
t3.2xlarge.skylake-O1.0.0,true,6,85,Intel,6.1.134-152.225.amzn2023.x86_64,6,1,134,amzn,2023,2023,skylake,4.0,2.0,O1,5343182249.712439,1330243.3538984954,551626.5243262722,4.314
t3.2xlarge.skylake-O1.1.0,true,6,85,Intel,6.1.134-152.225.amzn2023.x86_64,6,1,134,amzn,2023,2023,skylake,4.0,2.0,O1,5343182249.712439,1330243.3538984954,551626.5243262722,5.67826
t3.2xlarge.skylake-O1.2.0,true,6,85,Intel,6.1.134-152.225.amzn2023.x86_64,6,1,134,amzn,2023,2023,skylake,4.0,2.0,O1,5343182249.712439,1330243.3538984954,551626.5243262722,5.6967
t3.2xlarge.ivybridge-Os.0.0,true,6,85,Intel,6.1.134-152.225.amzn2023.x86_64,6,1,134,amzn,2023,2023,ivybridge,4.0,2.0,Os,2974633508.535639,988580.6532598234,483264.9777632499,3.69742
t3.2xlarge.ivybridge-Os.1.0,true,6,85,Intel,6.1.134-152.225.amzn2023.x86_64,6,1,134,amzn,2023,2023,ivybridge,4.0,2.0,Os,2974633508.535639,988580.6532598234,483264.9777632499,5.32024
t3.2xlarge.ivybridge-Os.2.0,true,6,85,Intel,6.1.134-152.225.amzn2023.x86_64,6,1,134,amzn,2023,2023,ivybridge,4.0,2.0,Os,2974633508.535639,988580.6532598234,483264.9777632499,5.68099
t3.2xlarge.sapphirerapids-Ofast.0.0,true,6,85,Intel,6.1.134-152.225.amzn2023.x86_64,6,1,134,amzn,2023,2023,sapphirerapids,4.0,2.0,Ofast,5282437276.975545,1002728.8161597954,505552.58728707867,3.62527
t3.2xlarge.sapphirerapids-Ofast.1.0,true,6,85,Intel,6.1.134-152.225.amzn2023.x86_64,6,1,134,amzn,2023,2023,sapphirerapids,4.0,2.0,Ofast,5282437276.975545,1002728.8161597954,505552.58728707867,3.7725
t3.2xlarge.sapphirerapids-Ofast.2.0,true,6,85,Intel,6.1.134-152.225.amzn2023.x86_64,6,1,134,amzn,2023,2023,sapphirerapids,4.0,2.0,Ofast,5282437276.975545,1002728.8161597954,505552.58728707867,3.73398
t3.2xlarge.haswell-Ofast.0.0,true,6,85,Intel,6.1.134-152.225.amzn2023.x86_64,6,1,134,amzn,2023,2023,haswell,4.0,2.0,Ofast,9115359416.258783,1282160.6187715912,455784.3599557285,2.87838
t3.2xlarge.haswell-Ofast.1.0,true,6,85,Intel,6.1.134-152.225.amzn2023.x86_64,6,1,134,amzn,2023,2023,haswell,4.0,2.0,Ofast,9115359416.258783,1282160.6187715912,455784.3599557285,3.53737
t3.2xlarge.haswell-Ofast.2.0,true,6,85,Intel,6.1.134-152.225.amzn2023.x86_64,6,1,134,amzn,2023,2023,haswell,4.0,2.0,Ofast,9115359416.258783,1282160.6187715912,455784.3599557285,3.53783
t3.2xlarge.x86-64-v4-O3.0.0,true,6,85,Intel,6.1.134-152.225.amzn2023.x86_64,6,1,134,amzn,2023,2023,x86-64-v4,4.0,2.0,O3,4796174519.439512,1131452.9752477338,551652.3060171196,5.39678
t3.2xlarge.x86-64-v4-O3.1.0,true,6,85,Intel,6.1.134-152.225.amzn2023.x86_64,6,1,134,amzn,2023,2023,x86-64-v4,4.0,2.0,O3,4796174519.439512,1131452.9752477338,551652.3060171196,5.70825
t3.2xlarge.x86-64-v4-O3.2.0,true,6,85,Intel,6.1.134-152.225.amzn2023.x86_64,6,1,134,amzn,2023,2023,x86-64-v4,4.0,2.0,O3,4796174519.439512,1131452.9752477338,551652.3060171196,5.73808
t3.2xlarge.znver2-O3.0.0,true,6,85,Intel,6.1.134-152.225.amzn2023.x86_64,6,1,134,amzn,2023,2023,znver2,4.0,2.0,O3,5183692561.581721,978978.6715036869,395817.7083523557,4.6418
t3.2xlarge.znver2-O3.1.0,true,6,85,Intel,6.1.134-152.225.amzn2023.x86_64,6,1,134,amzn,2023,2023,znver2,4.0,2.0,O3,5183692561.581721,978978.6715036869,395817.7083523557,4.48542
t3.2xlarge.znver2-O3.2.0,true,6,85,Intel,6.1.134-152.225.amzn2023.x86_64,6,1,134,amzn,2023,2023,znver2,4.0,2.0,O3,5183692561.581721,978978.6715036869,395817.7083523557,5.66647
t3.2xlarge.skylake-avx512-Ofast.0.0,true,6,85,Intel,6.1.134-152.225.amzn2023.x86_64,6,1,134,amzn,2023,2023,skylake-avx512,4.0,2.0,Ofast,8626763930.90586,1238299.4531572708,527394.8145333756,2.79885
t3.2xlarge.skylake-avx512-Ofast.1.0,true,6,85,Intel,6.1.134-152.225.amzn2023.x86_64,6,1,134,amzn,2023,2023,skylake-avx512,4.0,2.0,Ofast,8626763930.90586,1238299.4531572708,527394.8145333756,3.48672
t3.2xlarge.skylake-avx512-Ofast.2.0,true,6,85,Intel,6.1.134-152.225.amzn2023.x86_64,6,1,134,amzn,2023,2023,skylake-avx512,4.0,2.0,Ofast,8626763930.90586,1238299.4531572708,527394.8145333756,3.56928
t3.2xlarge.skylake-avx512-O3.0.0,true,6,85,Intel,6.1.134-152.225.amzn2023.x86_64,6,1,134,amzn,2023,2023,skylake-avx512,4.0,2.0,O3,2396604104.4040194,1202133.936316562,546436.2163778207,5.63027
t3.2xlarge.skylake-avx512-O3.1.0,true,6,85,Intel,6.1.134-152.225.amzn2023.x86_64,6,1,134,amzn,2023,2023,skylake-avx512,4.0,2.0,O3,2396604104.4040194,1202133.936316562,546436.2163778207,6.09875
t3.2xlarge.skylake-avx512-O3.2.0,true,6,85,Intel,6.1.134-152.225.amzn2023.x86_64,6,1,134,amzn,2023,2023,skylake-avx512,4.0,2.0,O3,2396604104.4040194,1202133.936316562,546436.2163778207,6.33056
t3.2xlarge.x86-64-v3-Os.0.0,true,6,85,Intel,6.1.134-152.225.amzn2023.x86_64,6,1,134,amzn,2023,2023,x86-64-v3,4.0,2.0,Os,5214328977.553555,1193071.4138315502,510039.9762341139,5.63071
t3.2xlarge.x86-64-v3-Os.1.0,true,6,85,Intel,6.1.134-152.225.amzn2023.x86_64,6,1,134,amzn,2023,2023,x86-64-v3,4.0,2.0,Os,5214328977.553555,1193071.4138315502,510039.9762341139,6.00715
t3.2xlarge.x86-64-v3-Os.2.0,true,6,85,Intel,6.1.134-152.225.amzn2023.x86_64,6,1,134,amzn,2023,2023,x86-64-v3,4.0,2.0,Os,5214328977.553555,1193071.4138315502,510039.9762341139,5.6722
t3.2xlarge.icelake-server-Og.0.0,true,6,85,Intel,6.1.134-152.225.amzn2023.x86_64,6,1,134,amzn,2023,2023,icelake-server,4.0,2.0,Og,4017866772.772896,1258686.092886784,538552.6874361535,5.50182
t3.2xlarge.icelake-server-Og.1.0,true,6,85,Intel,6.1.134-152.225.amzn2023.x86_64,6,1,134,amzn,2023,2023,icelake-server,4.0,2.0,Og,4017866772.772896,1258686.092886784,538552.6874361535,5.92728
t3.2xlarge.icelake-server-Og.2.0,true,6,85,Intel,6.1.134-152.225.amzn2023.x86_64,6,1,134,amzn,2023,2023,icelake-server,4.0,2.0,Og,4017866772.772896,1258686.092886784,538552.6874361535,5.71235
t3.2xlarge.znver3-O1.0.0,true,6,85,Intel,6.1.134-152.225.amzn2023.x86_64,6,1,134,amzn,2023,2023,znver3,4.0,2.0,O1,4226861199.7279077,1202430.3211848012,524439.8852946602,5.3239
t3.2xlarge.znver3-O1.1.0,true,6,85,Intel,6.1.134-152.225.amzn2023.x86_64,6,1,134,amzn,2023,2023,znver3,4.0,2.0,O1,4226861199.7279077,1202430.3211848012,524439.8852946602,5.76896
t3.2xlarge.znver3-O1.2.0,true,6,85,Intel,6.1.134-152.225.amzn2023.x86_64,6,1,134,amzn,2023,2023,znver3,4.0,2.0,O1,4226861199.7279077,1202430.3211848012,524439.8852946602,5.80997
t3.2xlarge.haswell-O2.0.0,true,6,85,Intel,6.1.134-152.225.amzn2023.x86_64,6,1,134,amzn,2023,2023,haswell,4.0,2.0,O2,3344740806.6061,1250497.7637540542,554509.3996750278,5.7026
t3.2xlarge.haswell-O2.1.0,true,6,85,Intel,6.1.134-152.225.amzn2023.x86_64,6,1,134,amzn,2023,2023,haswell,4.0,2.0,O2,3344740806.6061,1250497.7637540542,554509.3996750278,5.98482
t3.2xlarge.haswell-O2.2.0,true,6,85,Intel,6.1.134-152.225.amzn2023.x86_64,6,1,134,amzn,2023,2023,haswell,4.0,2.0,O2,3344740806.6061,1250497.7637540542,554509.3996750278,6.15694
t3.2xlarge.x86-64-v4-Ofast.0.0,true,6,85,Intel,6.1.134-152.225.amzn2023.x86_64,6,1,134,amzn,2023,2023,x86-64-v4,4.0,2.0,Ofast,4925972315.767894,185808.36213492494,63505.80153841621,5.40206
t3.2xlarge.x86-64-v4-Ofast.1.0,true,6,85,Intel,6.1.134-152.225.amzn2023.x86_64,6,1,134,amzn,2023,2023,x86-64-v4,4.0,2.0,Ofast,4925972315.767894,185808.36213492494,63505.80153841621,4.90261
t3.2xlarge.x86-64-v4-Ofast.2.0,true,6,85,Intel,6.1.134-152.225.amzn2023.x86_64,6,1,134,amzn,2023,2023,x86-64-v4,4.0,2.0,Ofast,4925972315.767894,185808.36213492494,63505.80153841621,5.68711
t3.2xlarge.haswell-Os.0.0,true,6,85,Intel,6.1.134-152.225.amzn2023.x86_64,6,1,134,amzn,2023,2023,haswell,4.0,2.0,Os,5193120602.518935,1212107.1176742942,517471.068500793,4.62282
t3.2xlarge.haswell-Os.1.0,true,6,85,Intel,6.1.134-152.225.amzn2023.x86_64,6,1,134,amzn,2023,2023,haswell,4.0,2.0,Os,5193120602.518935,1212107.1176742942,517471.068500793,5.01768
t3.2xlarge.haswell-Os.2.0,true,6,85,Intel,6.1.134-152.225.amzn2023.x86_64,6,1,134,amzn,2023,2023,haswell,4.0,2.0,Os,5193120602.518935,1212107.1176742942,517471.068500793,5.55058
t3.2xlarge.x86-64-v3-O3.0.0,true,6,85,Intel,6.1.134-152.225.amzn2023.x86_64,6,1,134,amzn,2023,2023,x86-64-v3,4.0,2.0,O3,5107539973.056051,1424017.463786178,578889.7758047081,4.51913
t3.2xlarge.x86-64-v3-O3.1.0,true,6,85,Intel,6.1.134-152.225.amzn2023.x86_64,6,1,134,amzn,2023,2023,x86-64-v3,4.0,2.0,O3,5107539973.056051,1424017.463786178,578889.7758047081,5.76799
t3.2xlarge.x86-64-v3-O3.2.0,true,6,85,Intel,6.1.134-152.225.amzn2023.x86_64,6,1,134,amzn,2023,2023,x86-64-v3,4.0,2.0,O3,5107539973.056051,1424017.463786178,578889.7758047081,5.47248
t3.2xlarge.znver1-Os.0.0,true,6,85,Intel,6.1.134-152.225.amzn2023.x86_64,6,1,134,amzn,2023,2023,znver1,4.0,2.0,Os,4836088090.844115,1259025.0194014048,524727.2136333018,5.34702
t3.2xlarge.znver1-Os.1.0,true,6,85,Intel,6.1.134-152.225.amzn2023.x86_64,6,1,134,amzn,2023,2023,znver1,4.0,2.0,Os,4836088090.844115,1259025.0194014048,524727.2136333018,5.49517
t3.2xlarge.znver1-Os.2.0,true,6,85,Intel,6.1.134-152.225.amzn2023.x86_64,6,1,134,amzn,2023,2023,znver1,4.0,2.0,Os,4836088090.844115,1259025.0194014048,524727.2136333018,5.37731
t3.2xlarge.sandybridge-O1.0.0,true,6,85,Intel,6.1.134-152.225.amzn2023.x86_64,6,1,134,amzn,2023,2023,sandybridge,4.0,2.0,O1,5033922574.487727,1081369.971674702,483414.67251443537,4.45962
t3.2xlarge.sandybridge-O1.1.0,true,6,85,Intel,6.1.134-152.225.amzn2023.x86_64,6,1,134,amzn,2023,2023,sandybridge,4.0,2.0,O1,5033922574.487727,1081369.971674702,483414.67251443537,4.46575
t3.2xlarge.sandybridge-O1.2.0,true,6,85,Intel,6.1.134-152.225.amzn2023.x86_64,6,1,134,amzn,2023,2023,sandybridge,4.0,2.0,O1,5033922574.487727,1081369.971674702,483414.67251443537,5.63948
t3.2xlarge.x86-64-v2-O0.0.0,true,6,85,Intel,6.1.134-152.225.amzn2023.x86_64,6,1,134,amzn,2023,2023,x86-64-v2,4.0,2.0,O0,7404863940.309526,1340025.12993608,473156.8185197011,2.4079
t3.2xlarge.x86-64-v2-O0.1.0,true,6,85,Intel,6.1.134-152.225.amzn2023.x86_64,6,1,134,amzn,2023,2023,x86-64-v2,4.0,2.0,O0,7404863940.309526,1340025.12993608,473156.8185197011,2.49864
t3.2xlarge.x86-64-v2-O0.2.0,true,6,85,Intel,6.1.134-152.225.amzn2023.x86_64,6,1,134,amzn,2023,2023,x86-64-v2,4.0,2.0,O0,7404863940.309526,1340025.12993608,473156.8185197011,2.57489
t3.2xlarge.skylake-Og.0.0,true,6,85,Intel,6.1.134-152.225.amzn2023.x86_64,6,1,134,amzn,2023,2023,skylake,4.0,2.0,Og,5206929337.643266,1114221.7691536564,514845.96209957544,5.21697
t3.2xlarge.skylake-Og.1.0,true,6,85,Intel,6.1.134-152.225.amzn2023.x86_64,6,1,134,amzn,2023,2023,skylake,4.0,2.0,Og,5206929337.643266,1114221.7691536564,514845.96209957544,5.89638
t3.2xlarge.skylake-Og.2.0,true,6,85,Intel,6.1.134-152.225.amzn2023.x86_64,6,1,134,amzn,2023,2023,skylake,4.0,2.0,Og,5206929337.643266,1114221.7691536564,514845.96209957544,5.88171
t3.2xlarge.ivybridge-O3.0.0,true,6,85,Intel,6.1.134-152.225.amzn2023.x86_64,6,1,134,amzn,2023,2023,ivybridge,4.0,2.0,O3,4451981946.204474,1085161.3472200176,546802.6895095533,4.78033
t3.2xlarge.ivybridge-O3.1.0,true,6,85,Intel,6.1.134-152.225.amzn2023.x86_64,6,1,134,amzn,2023,2023,ivybridge,4.0,2.0,O3,4451981946.204474,1085161.3472200176,546802.6895095533,3.87001
t3.2xlarge.ivybridge-O3.2.0,true,6,85,Intel,6.1.134-152.225.amzn2023.x86_64,6,1,134,amzn,2023,2023,ivybridge,4.0,2.0,O3,4451981946.204474,1085161.3472200176,546802.6895095533,5.57024
t3.2xlarge.broadwell-Ofast.0.0,true,6,85,Intel,6.1.134-152.225.amzn2023.x86_64,6,1,134,amzn,2023,2023,broadwell,4.0,2.0,Ofast,8925618897.372828,1208901.1075847824,464612.3048687768,3.34213
t3.2xlarge.broadwell-Ofast.1.0,true,6,85,Intel,6.1.134-152.225.amzn2023.x86_64,6,1,134,amzn,2023,2023,broadwell,4.0,2.0,Ofast,8925618897.372828,1208901.1075847824,464612.3048687768,3.52139
t3.2xlarge.broadwell-Ofast.2.0,true,6,85,Intel,6.1.134-152.225.amzn2023.x86_64,6,1,134,amzn,2023,2023,broadwell,4.0,2.0,Ofast,8925618897.372828,1208901.1075847824,464612.3048687768,3.43565
t3.2xlarge.native-O2.0.0,true,6,85,Intel,6.1.134-152.225.amzn2023.x86_64,6,1,134,amzn,2023,2023,native,4.0,2.0,O2,5725516645.43835,1340526.311597741,553383.1173506558,4.60093
t3.2xlarge.native-O2.1.0,true,6,85,Intel,6.1.134-152.225.amzn2023.x86_64,6,1,134,amzn,2023,2023,native,4.0,2.0,O2,5725516645.43835,1340526.311597741,553383.1173506558,4.73189
t3.2xlarge.native-O2.2.0,true,6,85,Intel,6.1.134-152.225.amzn2023.x86_64,6,1,134,amzn,2023,2023,native,4.0,2.0,O2,5725516645.43835,1340526.311597741,553383.1173506558,5.46587
t3.2xlarge.znver4-O2.0.0,true,6,85,Intel,6.1.134-152.225.amzn2023.x86_64,6,1,134,amzn,2023,2023,znver4,4.0,2.0,O2,5092545349.714845,1128536.1193008348,564666.8032780127,5.07046
t3.2xlarge.znver4-O2.1.0,true,6,85,Intel,6.1.134-152.225.amzn2023.x86_64,6,1,134,amzn,2023,2023,znver4,4.0,2.0,O2,5092545349.714845,1128536.1193008348,564666.8032780127,5.63657
t3.2xlarge.znver4-O2.2.0,true,6,85,Intel,6.1.134-152.225.amzn2023.x86_64,6,1,134,amzn,2023,2023,znver4,4.0,2.0,O2,5092545349.714845,1128536.1193008348,564666.8032780127,5.94996
t3.2xlarge.znver3-Os.0.0,true,6,85,Intel,6.1.134-152.225.amzn2023.x86_64,6,1,134,amzn,2023,2023,znver3,4.0,2.0,Os,5128606451.134752,1120601.1410865982,541326.4555190353,5.36738
t3.2xlarge.znver3-Os.1.0,true,6,85,Intel,6.1.134-152.225.amzn2023.x86_64,6,1,134,amzn,2023,2023,znver3,4.0,2.0,Os,5128606451.134752,1120601.1410865982,541326.4555190353,5.45148
t3.2xlarge.znver3-Os.2.0,true,6,85,Intel,6.1.134-152.225.amzn2023.x86_64,6,1,134,amzn,2023,2023,znver3,4.0,2.0,Os,5128606451.134752,1120601.1410865982,541326.4555190353,5.59211
t3.2xlarge.znver1-O1.0.0,true,6,85,Intel,6.1.134-152.225.amzn2023.x86_64,6,1,134,amzn,2023,2023,znver1,4.0,2.0,O1,5435041756.392614,1207456.9995285105,535298.9576986437,5.05963
t3.2xlarge.znver1-O1.1.0,true,6,85,Intel,6.1.134-152.225.amzn2023.x86_64,6,1,134,amzn,2023,2023,znver1,4.0,2.0,O1,5435041756.392614,1207456.9995285105,535298.9576986437,5.40064
t3.2xlarge.znver1-O1.2.0,true,6,85,Intel,6.1.134-152.225.amzn2023.x86_64,6,1,134,amzn,2023,2023,znver1,4.0,2.0,O1,5435041756.392614,1207456.9995285105,535298.9576986437,5.31885
t3.2xlarge.sandybridge-Os.0.0,true,6,85,Intel,6.1.134-152.225.amzn2023.x86_64,6,1,134,amzn,2023,2023,sandybridge,4.0,2.0,Os,6157477066.273942,1214178.611431538,584259.1796613532,4.7382
t3.2xlarge.sandybridge-Os.1.0,true,6,85,Intel,6.1.134-152.225.amzn2023.x86_64,6,1,134,amzn,2023,2023,sandybridge,4.0,2.0,Os,6157477066.273942,1214178.611431538,584259.1796613532,5.10517
t3.2xlarge.sandybridge-Os.2.0,true,6,85,Intel,6.1.134-152.225.amzn2023.x86_64,6,1,134,amzn,2023,2023,sandybridge,4.0,2.0,Os,6157477066.273942,1214178.611431538,584259.1796613532,5.18634
t3.2xlarge.btver2-Os.0.0,true,6,85,Intel,6.1.134-152.225.amzn2023.x86_64,6,1,134,amzn,2023,2023,btver2,4.0,2.0,Os,5125041835.492309,1262744.695498177,484403.5889127304,3.85174
t3.2xlarge.btver2-Os.1.0,true,6,85,Intel,6.1.134-152.225.amzn2023.x86_64,6,1,134,amzn,2023,2023,btver2,4.0,2.0,Os,5125041835.492309,1262744.695498177,484403.5889127304,5.61476
t3.2xlarge.btver2-Os.2.0,true,6,85,Intel,6.1.134-152.225.amzn2023.x86_64,6,1,134,amzn,2023,2023,btver2,4.0,2.0,Os,5125041835.492309,1262744.695498177,484403.5889127304,5.79797
t3.2xlarge.znver2-Os.0.0,true,6,85,Intel,6.1.134-152.225.amzn2023.x86_64,6,1,134,amzn,2023,2023,znver2,4.0,2.0,Os,5489947685.845093,1319402.6662604935,602178.4797451538,4.94746
t3.2xlarge.znver2-Os.1.0,true,6,85,Intel,6.1.134-152.225.amzn2023.x86_64,6,1,134,amzn,2023,2023,znver2,4.0,2.0,Os,5489947685.845093,1319402.6662604935,602178.4797451538,5.47774
t3.2xlarge.znver2-Os.2.0,true,6,85,Intel,6.1.134-152.225.amzn2023.x86_64,6,1,134,amzn,2023,2023,znver2,4.0,2.0,Os,5489947685.845093,1319402.6662604935,602178.4797451538,5.48821
t3.2xlarge.znver3-Ofast.0.0,true,6,85,Intel,6.1.134-152.225.amzn2023.x86_64,6,1,134,amzn,2023,2023,znver3,4.0,2.0,Ofast,9007354593.781172,1182692.3228176308,515344.9138824085,3.30756
t3.2xlarge.znver3-Ofast.1.0,true,6,85,Intel,6.1.134-152.225.amzn2023.x86_64,6,1,134,amzn,2023,2023,znver3,4.0,2.0,Ofast,9007354593.781172,1182692.3228176308,515344.9138824085,3.55326
t3.2xlarge.znver3-Ofast.2.0,true,6,85,Intel,6.1.134-152.225.amzn2023.x86_64,6,1,134,amzn,2023,2023,znver3,4.0,2.0,Ofast,9007354593.781172,1182692.3228176308,515344.9138824085,3.57237
t3.2xlarge.broadwell-Os.0.0,true,6,85,Intel,6.1.134-152.225.amzn2023.x86_64,6,1,134,amzn,2023,2023,broadwell,4.0,2.0,Os,4482213043.183429,1107377.799756537,472156.97372774436,5.01938
t3.2xlarge.broadwell-Os.1.0,true,6,85,Intel,6.1.134-152.225.amzn2023.x86_64,6,1,134,amzn,2023,2023,broadwell,4.0,2.0,Os,4482213043.183429,1107377.799756537,472156.97372774436,5.92197
t3.2xlarge.broadwell-Os.2.0,true,6,85,Intel,6.1.134-152.225.amzn2023.x86_64,6,1,134,amzn,2023,2023,broadwell,4.0,2.0,Os,4482213043.183429,1107377.799756537,472156.97372774436,5.71204
t3.2xlarge.haswell-O3.0.0,true,6,85,Intel,6.1.134-152.225.amzn2023.x86_64,6,1,134,amzn,2023,2023,haswell,4.0,2.0,O3,2853018553.486924,1113953.6802913935,542069.1244174147,5.51563
t3.2xlarge.haswell-O3.1.0,true,6,85,Intel,6.1.134-152.225.amzn2023.x86_64,6,1,134,amzn,2023,2023,haswell,4.0,2.0,O3,2853018553.486924,1113953.6802913935,542069.1244174147,6.07294
t3.2xlarge.haswell-O3.2.0,true,6,85,Intel,6.1.134-152.225.amzn2023.x86_64,6,1,134,amzn,2023,2023,haswell,4.0,2.0,O3,2853018553.486924,1113953.6802913935,542069.1244174147,5.99538
t3.2xlarge.znver3-O0.0.0,true,6,85,Intel,6.1.134-152.225.amzn2023.x86_64,6,1,134,amzn,2023,2023,znver3,4.0,2.0,O0,8930432732.653185,1197776.5377689498,409878.28625263245,1.91298
t3.2xlarge.znver3-O0.1.0,true,6,85,Intel,6.1.134-152.225.amzn2023.x86_64,6,1,134,amzn,2023,2023,znver3,4.0,2.0,O0,8930432732.653185,1197776.5377689498,409878.28625263245,2.58318
t3.2xlarge.znver3-O0.2.0,true,6,85,Intel,6.1.134-152.225.amzn2023.x86_64,6,1,134,amzn,2023,2023,znver3,4.0,2.0,O0,8930432732.653185,1197776.5377689498,409878.28625263245,2.50165
t3.2xlarge.sapphirerapids-O0.0.0,true,6,85,Intel,6.1.134-152.225.amzn2023.x86_64,6,1,134,amzn,2023,2023,sapphirerapids,4.0,2.0,O0,10600635708.07151,1206281.9642965088,418496.30233485234,2.31258
t3.2xlarge.sapphirerapids-O0.1.0,true,6,85,Intel,6.1.134-152.225.amzn2023.x86_64,6,1,134,amzn,2023,2023,sapphirerapids,4.0,2.0,O0,10600635708.07151,1206281.9642965088,418496.30233485234,2.45749
t3.2xlarge.sapphirerapids-O0.2.0,true,6,85,Intel,6.1.134-152.225.amzn2023.x86_64,6,1,134,amzn,2023,2023,sapphirerapids,4.0,2.0,O0,10600635708.07151,1206281.9642965088,418496.30233485234,2.47793
t3.2xlarge.haswell-Og.0.0,true,6,85,Intel,6.1.134-152.225.amzn2023.x86_64,6,1,134,amzn,2023,2023,haswell,4.0,2.0,Og,4914117012.241964,1269484.6699996712,624555.0523461987,5.23075
t3.2xlarge.haswell-Og.1.0,true,6,85,Intel,6.1.134-152.225.amzn2023.x86_64,6,1,134,amzn,2023,2023,haswell,4.0,2.0,Og,4914117012.241964,1269484.6699996712,624555.0523461987,5.83812
t3.2xlarge.haswell-Og.2.0,true,6,85,Intel,6.1.134-152.225.amzn2023.x86_64,6,1,134,amzn,2023,2023,haswell,4.0,2.0,Og,4914117012.241964,1269484.6699996712,624555.0523461987,5.89648
t3.2xlarge.znver1-Og.0.0,true,6,85,Intel,6.1.134-152.225.amzn2023.x86_64,6,1,134,amzn,2023,2023,znver1,4.0,2.0,Og,5727912841.784654,1039575.4613135486,481073.37966534204,5.10239
t3.2xlarge.znver1-Og.1.0,true,6,85,Intel,6.1.134-152.225.amzn2023.x86_64,6,1,134,amzn,2023,2023,znver1,4.0,2.0,Og,5727912841.784654,1039575.4613135486,481073.37966534204,5.40622
t3.2xlarge.znver1-Og.2.0,true,6,85,Intel,6.1.134-152.225.amzn2023.x86_64,6,1,134,amzn,2023,2023,znver1,4.0,2.0,Og,5727912841.784654,1039575.4613135486,481073.37966534204,5.50493
t3.2xlarge.ivybridge-Ofast.0.0,true,6,85,Intel,6.1.134-152.225.amzn2023.x86_64,6,1,134,amzn,2023,2023,ivybridge,4.0,2.0,Ofast,4913480316.028379,1130147.736974328,466559.8160799881,5.62266
t3.2xlarge.ivybridge-Ofast.1.0,true,6,85,Intel,6.1.134-152.225.amzn2023.x86_64,6,1,134,amzn,2023,2023,ivybridge,4.0,2.0,Ofast,4913480316.028379,1130147.736974328,466559.8160799881,5.42639
t3.2xlarge.ivybridge-Ofast.2.0,true,6,85,Intel,6.1.134-152.225.amzn2023.x86_64,6,1,134,amzn,2023,2023,ivybridge,4.0,2.0,Ofast,4913480316.028379,1130147.736974328,466559.8160799881,5.66874
t3.2xlarge.znver1-Ofast.0.0,true,6,85,Intel,6.1.134-152.225.amzn2023.x86_64,6,1,134,amzn,2023,2023,znver1,4.0,2.0,Ofast,2797833252.469538,1061145.4197756944,501834.87945744104,5.33001
t3.2xlarge.znver1-Ofast.1.0,true,6,85,Intel,6.1.134-152.225.amzn2023.x86_64,6,1,134,amzn,2023,2023,znver1,4.0,2.0,Ofast,2797833252.469538,1061145.4197756944,501834.87945744104,5.8508
t3.2xlarge.znver1-Ofast.2.0,true,6,85,Intel,6.1.134-152.225.amzn2023.x86_64,6,1,134,amzn,2023,2023,znver1,4.0,2.0,Ofast,2797833252.469538,1061145.4197756944,501834.87945744104,6.06558
t3.2xlarge.btver2-Ofast.0.0,true,6,85,Intel,6.1.134-152.225.amzn2023.x86_64,6,1,134,amzn,2023,2023,btver2,4.0,2.0,Ofast,5076052577.9890375,1161842.2188504385,529609.7578782849,5.49465
t3.2xlarge.btver2-Ofast.1.0,true,6,85,Intel,6.1.134-152.225.amzn2023.x86_64,6,1,134,amzn,2023,2023,btver2,4.0,2.0,Ofast,5076052577.9890375,1161842.2188504385,529609.7578782849,5.77448
t3.2xlarge.btver2-Ofast.2.0,true,6,85,Intel,6.1.134-152.225.amzn2023.x86_64,6,1,134,amzn,2023,2023,btver2,4.0,2.0,Ofast,5076052577.9890375,1161842.2188504385,529609.7578782849,5.82761
t3.2xlarge.native-Ofast.0.0,true,6,85,Intel,6.1.134-152.225.amzn2023.x86_64,6,1,134,amzn,2023,2023,native,4.0,2.0,Ofast,7816994210.146369,295115.4507746594,95060.83166598124,3.08977
t3.2xlarge.native-Ofast.1.0,true,6,85,Intel,6.1.134-152.225.amzn2023.x86_64,6,1,134,amzn,2023,2023,native,4.0,2.0,Ofast,7816994210.146369,295115.4507746594,95060.83166598124,3.98878
t3.2xlarge.native-Ofast.2.0,true,6,85,Intel,6.1.134-152.225.amzn2023.x86_64,6,1,134,amzn,2023,2023,native,4.0,2.0,Ofast,7816994210.146369,295115.4507746594,95060.83166598124,3.92361
t3.2xlarge.znver4-Ofast.0.0,true,6,85,Intel,6.1.134-152.225.amzn2023.x86_64,6,1,134,amzn,2023,2023,znver4,4.0,2.0,Ofast,5860009011.463667,1346708.8775942852,577486.5293759509,5.30774
t3.2xlarge.znver4-Ofast.1.0,true,6,85,Intel,6.1.134-152.225.amzn2023.x86_64,6,1,134,amzn,2023,2023,znver4,4.0,2.0,Ofast,5860009011.463667,1346708.8775942852,577486.5293759509,4.26711
t3.2xlarge.znver4-Ofast.2.0,true,6,85,Intel,6.1.134-152.225.amzn2023.x86_64,6,1,134,amzn,2023,2023,znver4,4.0,2.0,Ofast,5860009011.463667,1346708.8775942852,577486.5293759509,5.69583
t3.2xlarge.skylake-Ofast.0.0,true,6,85,Intel,6.1.134-152.225.amzn2023.x86_64,6,1,134,amzn,2023,2023,skylake,4.0,2.0,Ofast,4283480361.46604,892359.4651160464,349247.79158073687,3.64082
t3.2xlarge.skylake-Ofast.1.0,true,6,85,Intel,6.1.134-152.225.amzn2023.x86_64,6,1,134,amzn,2023,2023,skylake,4.0,2.0,Ofast,4283480361.46604,892359.4651160464,349247.79158073687,3.98165
t3.2xlarge.skylake-Ofast.2.0,true,6,85,Intel,6.1.134-152.225.amzn2023.x86_64,6,1,134,amzn,2023,2023,skylake,4.0,2.0,Ofast,4283480361.46604,892359.4651160464,349247.79158073687,3.77597
t3.2xlarge.x86-64-v3-O2.0.0,true,6,85,Intel,6.1.134-152.225.amzn2023.x86_64,6,1,134,amzn,2023,2023,x86-64-v3,4.0,2.0,O2,4929626354.029344,157870.4081084893,53974.14943783068,5.39111
t3.2xlarge.x86-64-v3-O2.1.0,true,6,85,Intel,6.1.134-152.225.amzn2023.x86_64,6,1,134,amzn,2023,2023,x86-64-v3,4.0,2.0,O2,4929626354.029344,157870.4081084893,53974.14943783068,5.05547
t3.2xlarge.x86-64-v3-O2.2.0,true,6,85,Intel,6.1.134-152.225.amzn2023.x86_64,6,1,134,amzn,2023,2023,x86-64-v3,4.0,2.0,O2,4929626354.029344,157870.4081084893,53974.14943783068,5.67705
t3.2xlarge.x86-64-v3-Ofast.0.0,true,6,85,Intel,6.1.134-152.225.amzn2023.x86_64,6,1,134,amzn,2023,2023,x86-64-v3,4.0,2.0,Ofast,4762989497.685049,1172197.3593374596,538603.7301338947,5.49116
t3.2xlarge.x86-64-v3-Ofast.1.0,true,6,85,Intel,6.1.134-152.225.amzn2023.x86_64,6,1,134,amzn,2023,2023,x86-64-v3,4.0,2.0,Ofast,4762989497.685049,1172197.3593374596,538603.7301338947,6.05327
t3.2xlarge.x86-64-v3-Ofast.2.0,true,6,85,Intel,6.1.134-152.225.amzn2023.x86_64,6,1,134,amzn,2023,2023,x86-64-v3,4.0,2.0,Ofast,4762989497.685049,1172197.3593374596,538603.7301338947,6.02784
t3.2xlarge.znver4-O0.0.0,true,6,85,Intel,6.1.134-152.225.amzn2023.x86_64,6,1,134,amzn,2023,2023,znver4,4.0,2.0,O0,9697917012.96152,1243776.6641903075,477207.2905014667,1.83386
t3.2xlarge.znver4-O0.1.0,true,6,85,Intel,6.1.134-152.225.amzn2023.x86_64,6,1,134,amzn,2023,2023,znver4,4.0,2.0,O0,9697917012.96152,1243776.6641903075,477207.2905014667,2.62373
t3.2xlarge.znver4-O0.2.0,true,6,85,Intel,6.1.134-152.225.amzn2023.x86_64,6,1,134,amzn,2023,2023,znver4,4.0,2.0,O0,9697917012.96152,1243776.6641903075,477207.2905014667,2.6276
t3.2xlarge.znver4-Os.0.0,true,6,85,Intel,6.1.134-152.225.amzn2023.x86_64,6,1,134,amzn,2023,2023,znver4,4.0,2.0,Os,5460351942.79032,1321560.883385279,500994.171085889,4.16796
t3.2xlarge.znver4-Os.1.0,true,6,85,Intel,6.1.134-152.225.amzn2023.x86_64,6,1,134,amzn,2023,2023,znver4,4.0,2.0,Os,5460351942.79032,1321560.883385279,500994.171085889,5.50893
t3.2xlarge.znver4-Os.2.0,true,6,85,Intel,6.1.134-152.225.amzn2023.x86_64,6,1,134,amzn,2023,2023,znver4,4.0,2.0,Os,5460351942.79032,1321560.883385279,500994.171085889,5.20694
t3.2xlarge.skylake-O2.0.0,true,6,85,Intel,6.1.134-152.225.amzn2023.x86_64,6,1,134,amzn,2023,2023,skylake,4.0,2.0,O2,4949382586.766678,1099083.8803786999,488849.08230041905,5.37529
t3.2xlarge.skylake-O2.1.0,true,6,85,Intel,6.1.134-152.225.amzn2023.x86_64,6,1,134,amzn,2023,2023,skylake,4.0,2.0,O2,4949382586.766678,1099083.8803786999,488849.08230041905,5.78987
t3.2xlarge.skylake-O2.2.0,true,6,85,Intel,6.1.134-152.225.amzn2023.x86_64,6,1,134,amzn,2023,2023,skylake,4.0,2.0,O2,4949382586.766678,1099083.8803786999,488849.08230041905,5.80492
t3.2xlarge.native-O0.0.0,true,6,85,Intel,6.1.134-152.225.amzn2023.x86_64,6,1,134,amzn,2023,2023,native,4.0,2.0,O0,10068895916.057648,1265209.6779204707,451081.2182420561,2.33202
t3.2xlarge.native-O0.1.0,true,6,85,Intel,6.1.134-152.225.amzn2023.x86_64,6,1,134,amzn,2023,2023,native,4.0,2.0,O0,10068895916.057648,1265209.6779204707,451081.2182420561,2.49869
t3.2xlarge.native-O0.2.0,true,6,85,Intel,6.1.134-152.225.amzn2023.x86_64,6,1,134,amzn,2023,2023,native,4.0,2.0,O0,10068895916.057648,1265209.6779204707,451081.2182420561,2.51302
t3.2xlarge.x86-64-v4-Og.0.0,true,6,85,Intel,6.1.134-152.225.amzn2023.x86_64,6,1,134,amzn,2023,2023,x86-64-v4,4.0,2.0,Og,5080045738.72508,1162948.4362408372,492396.2375017622,5.42012
t3.2xlarge.x86-64-v4-Og.1.0,true,6,85,Intel,6.1.134-152.225.amzn2023.x86_64,6,1,134,amzn,2023,2023,x86-64-v4,4.0,2.0,Og,5080045738.72508,1162948.4362408372,492396.2375017622,5.95198
t3.2xlarge.x86-64-v4-Og.2.0,true,6,85,Intel,6.1.134-152.225.amzn2023.x86_64,6,1,134,amzn,2023,2023,x86-64-v4,4.0,2.0,Og,5080045738.72508,1162948.4362408372,492396.2375017622,5.62665
t3.2xlarge.sandybridge-O3.0.0,true,6,85,Intel,6.1.134-152.225.amzn2023.x86_64,6,1,134,amzn,2023,2023,sandybridge,4.0,2.0,O3,4765043366.904571,1091126.3789825612,483021.1613904656,5.30364
t3.2xlarge.sandybridge-O3.1.0,true,6,85,Intel,6.1.134-152.225.amzn2023.x86_64,6,1,134,amzn,2023,2023,sandybridge,4.0,2.0,O3,4765043366.904571,1091126.3789825612,483021.1613904656,5.9602
t3.2xlarge.sandybridge-O3.2.0,true,6,85,Intel,6.1.134-152.225.amzn2023.x86_64,6,1,134,amzn,2023,2023,sandybridge,4.0,2.0,O3,4765043366.904571,1091126.3789825612,483021.1613904656,5.58632
t3.2xlarge.skylake-Os.0.0,true,6,85,Intel,6.1.134-152.225.amzn2023.x86_64,6,1,134,amzn,2023,2023,skylake,4.0,2.0,Os,5161475658.418518,1109238.024253092,543817.5230808342,5.33233
t3.2xlarge.skylake-Os.1.0,true,6,85,Intel,6.1.134-152.225.amzn2023.x86_64,6,1,134,amzn,2023,2023,skylake,4.0,2.0,Os,5161475658.418518,1109238.024253092,543817.5230808342,5.6269
t3.2xlarge.skylake-Os.2.0,true,6,85,Intel,6.1.134-152.225.amzn2023.x86_64,6,1,134,amzn,2023,2023,skylake,4.0,2.0,Os,5161475658.418518,1109238.024253092,543817.5230808342,5.70642
t3.2xlarge.znver4-O3.0.0,true,6,85,Intel,6.1.134-152.225.amzn2023.x86_64,6,1,134,amzn,2023,2023,znver4,4.0,2.0,O3,4762047590.890981,1086347.6804457263,562670.5148041418,5.60878
t3.2xlarge.znver4-O3.1.0,true,6,85,Intel,6.1.134-152.225.amzn2023.x86_64,6,1,134,amzn,2023,2023,znver4,4.0,2.0,O3,4762047590.890981,1086347.6804457263,562670.5148041418,5.52099
t3.2xlarge.znver4-O3.2.0,true,6,85,Intel,6.1.134-152.225.amzn2023.x86_64,6,1,134,amzn,2023,2023,znver4,4.0,2.0,O3,4762047590.890981,1086347.6804457263,562670.5148041418,5.68872
t3.2xlarge.btver2-O3.0.0,true,6,85,Intel,6.1.134-152.225.amzn2023.x86_64,6,1,134,amzn,2023,2023,btver2,4.0,2.0,O3,4539122469.799318,1117723.4184851912,504125.25511639763,5.08171
t3.2xlarge.btver2-O3.1.0,true,6,85,Intel,6.1.134-152.225.amzn2023.x86_64,6,1,134,amzn,2023,2023,btver2,4.0,2.0,O3,4539122469.799318,1117723.4184851912,504125.25511639763,5.62199
t3.2xlarge.btver2-O3.2.0,true,6,85,Intel,6.1.134-152.225.amzn2023.x86_64,6,1,134,amzn,2023,2023,btver2,4.0,2.0,O3,4539122469.799318,1117723.4184851912,504125.25511639763,5.69943
t3.2xlarge.znver2-Ofast.0.0,true,6,85,Intel,6.1.134-152.225.amzn2023.x86_64,6,1,134,amzn,2023,2023,znver2,4.0,2.0,Ofast,4874245626.216588,1099899.9959516423,516048.0513685524,3.19478
t3.2xlarge.znver2-Ofast.1.0,true,6,85,Intel,6.1.134-152.225.amzn2023.x86_64,6,1,134,amzn,2023,2023,znver2,4.0,2.0,Ofast,4874245626.216588,1099899.9959516423,516048.0513685524,5.50587
t3.2xlarge.znver2-Ofast.2.0,true,6,85,Intel,6.1.134-152.225.amzn2023.x86_64,6,1,134,amzn,2023,2023,znver2,4.0,2.0,Ofast,4874245626.216588,1099899.9959516423,516048.0513685524,5.76715
t3.2xlarge.skylake-avx512-O2.0.0,true,6,85,Intel,6.1.134-152.225.amzn2023.x86_64,6,1,134,amzn,2023,2023,skylake-avx512,4.0,2.0,O2,2318226394.404154,1178520.0973578487,560662.997435531,5.65483
t3.2xlarge.skylake-avx512-O2.1.0,true,6,85,Intel,6.1.134-152.225.amzn2023.x86_64,6,1,134,amzn,2023,2023,skylake-avx512,4.0,2.0,O2,2318226394.404154,1178520.0973578487,560662.997435531,6.38437
t3.2xlarge.skylake-avx512-O2.2.0,true,6,85,Intel,6.1.134-152.225.amzn2023.x86_64,6,1,134,amzn,2023,2023,skylake-avx512,4.0,2.0,O2,2318226394.404154,1178520.0973578487,560662.997435531,5.90221
t3.2xlarge.x86-64-v4-O0.0.0,true,6,85,Intel,6.1.134-152.225.amzn2023.x86_64,6,1,134,amzn,2023,2023,x86-64-v4,4.0,2.0,O0,10403586161.63768,1331983.003056996,474941.9760810939,2.06494
t3.2xlarge.x86-64-v4-O0.1.0,true,6,85,Intel,6.1.134-152.225.amzn2023.x86_64,6,1,134,amzn,2023,2023,x86-64-v4,4.0,2.0,O0,10403586161.63768,1331983.003056996,474941.9760810939,2.43385
t3.2xlarge.x86-64-v4-O0.2.0,true,6,85,Intel,6.1.134-152.225.amzn2023.x86_64,6,1,134,amzn,2023,2023,x86-64-v4,4.0,2.0,O0,10403586161.63768,1331983.003056996,474941.9760810939,2.46322
t3.2xlarge.sapphirerapids-Os.0.0,true,6,85,Intel,6.1.134-152.225.amzn2023.x86_64,6,1,134,amzn,2023,2023,sapphirerapids,4.0,2.0,Os,3957638736.262376,1165190.3716756785,583518.8116257116,5.24176
t3.2xlarge.sapphirerapids-Os.1.0,true,6,85,Intel,6.1.134-152.225.amzn2023.x86_64,6,1,134,amzn,2023,2023,sapphirerapids,4.0,2.0,Os,3957638736.262376,1165190.3716756785,583518.8116257116,5.73386
t3.2xlarge.sapphirerapids-Os.2.0,true,6,85,Intel,6.1.134-152.225.amzn2023.x86_64,6,1,134,amzn,2023,2023,sapphirerapids,4.0,2.0,Os,3957638736.262376,1165190.3716756785,583518.8116257116,5.65341
t3.2xlarge.x86-64-v3-O0.0.0,true,6,85,Intel,6.1.134-152.225.amzn2023.x86_64,6,1,134,amzn,2023,2023,x86-64-v3,4.0,2.0,O0,7564361845.367774,1214246.356984992,429429.020087168,2.33177
t3.2xlarge.x86-64-v3-O0.1.0,true,6,85,Intel,6.1.134-152.225.amzn2023.x86_64,6,1,134,amzn,2023,2023,x86-64-v3,4.0,2.0,O0,7564361845.367774,1214246.356984992,429429.020087168,2.48591
t3.2xlarge.x86-64-v3-O0.2.0,true,6,85,Intel,6.1.134-152.225.amzn2023.x86_64,6,1,134,amzn,2023,2023,x86-64-v3,4.0,2.0,O0,7564361845.367774,1214246.356984992,429429.020087168,2.47531
t3.2xlarge.x86-64-v2-Ofast.0.0,true,6,85,Intel,6.1.134-152.225.amzn2023.x86_64,6,1,134,amzn,2023,2023,x86-64-v2,4.0,2.0,Ofast,5777759284.9295635,1153590.879465939,462640.59479264414,4.73139
t3.2xlarge.x86-64-v2-Ofast.1.0,true,6,85,Intel,6.1.134-152.225.amzn2023.x86_64,6,1,134,amzn,2023,2023,x86-64-v2,4.0,2.0,Ofast,5777759284.9295635,1153590.879465939,462640.59479264414,4.87543
t3.2xlarge.x86-64-v2-Ofast.2.0,true,6,85,Intel,6.1.134-152.225.amzn2023.x86_64,6,1,134,amzn,2023,2023,x86-64-v2,4.0,2.0,Ofast,5777759284.9295635,1153590.879465939,462640.59479264414,5.95092
t3.2xlarge.icelake-server-Ofast.0.0,true,6,85,Intel,6.1.134-152.225.amzn2023.x86_64,6,1,134,amzn,2023,2023,icelake-server,4.0,2.0,Ofast,8484749757.763753,1433387.948265445,466704.505058131,3.42979
t3.2xlarge.icelake-server-Ofast.1.0,true,6,85,Intel,6.1.134-152.225.amzn2023.x86_64,6,1,134,amzn,2023,2023,icelake-server,4.0,2.0,Ofast,8484749757.763753,1433387.948265445,466704.505058131,3.59581
t3.2xlarge.icelake-server-Ofast.2.0,true,6,85,Intel,6.1.134-152.225.amzn2023.x86_64,6,1,134,amzn,2023,2023,icelake-server,4.0,2.0,Ofast,8484749757.763753,1433387.948265445,466704.505058131,3.47336
t3.2xlarge.znver2-O1.0.0,true,6,85,Intel,6.1.134-152.225.amzn2023.x86_64,6,1,134,amzn,2023,2023,znver2,4.0,2.0,O1,4673675763.958623,1072595.1512896419,624709.7246973194,4.04141
t3.2xlarge.znver2-O1.1.0,true,6,85,Intel,6.1.134-152.225.amzn2023.x86_64,6,1,134,amzn,2023,2023,znver2,4.0,2.0,O1,4673675763.958623,1072595.1512896419,624709.7246973194,5.74929
t3.2xlarge.znver2-O1.2.0,true,6,85,Intel,6.1.134-152.225.amzn2023.x86_64,6,1,134,amzn,2023,2023,znver2,4.0,2.0,O1,4673675763.958623,1072595.1512896419,624709.7246973194,5.80085
t3.2xlarge.broadwell-Og.0.0,true,6,85,Intel,6.1.134-152.225.amzn2023.x86_64,6,1,134,amzn,2023,2023,broadwell,4.0,2.0,Og,5351700538.873483,1090371.4649417615,466411.9478858164,5.09108
t3.2xlarge.broadwell-Og.1.0,true,6,85,Intel,6.1.134-152.225.amzn2023.x86_64,6,1,134,amzn,2023,2023,broadwell,4.0,2.0,Og,5351700538.873483,1090371.4649417615,466411.9478858164,4.62791
t3.2xlarge.broadwell-Og.2.0,true,6,85,Intel,6.1.134-152.225.amzn2023.x86_64,6,1,134,amzn,2023,2023,broadwell,4.0,2.0,Og,5351700538.873483,1090371.4649417615,466411.9478858164,5.76254
t3.2xlarge.icelake-server-O0.0.0,true,6,85,Intel,6.1.134-152.225.amzn2023.x86_64,6,1,134,amzn,2023,2023,icelake-server,4.0,2.0,O0,11500235395.994799,1121957.7425685823,422043.56891471293,2.1574
t3.2xlarge.icelake-server-O0.1.0,true,6,85,Intel,6.1.134-152.225.amzn2023.x86_64,6,1,134,amzn,2023,2023,icelake-server,4.0,2.0,O0,11500235395.994799,1121957.7425685823,422043.56891471293,2.20888
t3.2xlarge.icelake-server-O0.2.0,true,6,85,Intel,6.1.134-152.225.amzn2023.x86_64,6,1,134,amzn,2023,2023,icelake-server,4.0,2.0,O0,11500235395.994799,1121957.7425685823,422043.56891471293,2.43173
t3.2xlarge.x86-64-v3-O1.0.0,true,6,85,Intel,6.1.134-152.225.amzn2023.x86_64,6,1,134,amzn,2023,2023,x86-64-v3,4.0,2.0,O1,2978973096.2480345,1130289.8560200112,539254.6646819164,5.51066
t3.2xlarge.x86-64-v3-O1.1.0,true,6,85,Intel,6.1.134-152.225.amzn2023.x86_64,6,1,134,amzn,2023,2023,x86-64-v3,4.0,2.0,O1,2978973096.2480345,1130289.8560200112,539254.6646819164,5.71807
t3.2xlarge.x86-64-v3-O1.2.0,true,6,85,Intel,6.1.134-152.225.amzn2023.x86_64,6,1,134,amzn,2023,2023,x86-64-v3,4.0,2.0,O1,2978973096.2480345,1130289.8560200112,539254.6646819164,5.68994
t3.2xlarge.x86-64-v4-O1.0.0,true,6,85,Intel,6.1.134-152.225.amzn2023.x86_64,6,1,134,amzn,2023,2023,x86-64-v4,4.0,2.0,O1,5411261363.325769,1084911.7265763902,626652.1307940221,4.7739
t3.2xlarge.x86-64-v4-O1.1.0,true,6,85,Intel,6.1.134-152.225.amzn2023.x86_64,6,1,134,amzn,2023,2023,x86-64-v4,4.0,2.0,O1,5411261363.325769,1084911.7265763902,626652.1307940221,4.99805
t3.2xlarge.x86-64-v4-O1.2.0,true,6,85,Intel,6.1.134-152.225.amzn2023.x86_64,6,1,134,amzn,2023,2023,x86-64-v4,4.0,2.0,O1,5411261363.325769,1084911.7265763902,626652.1307940221,5.64749
t3.2xlarge.skylake-O0.0.0,true,6,85,Intel,6.1.134-152.225.amzn2023.x86_64,6,1,134,amzn,2023,2023,skylake,4.0,2.0,O0,9030761001.673151,1263605.04389738,433066.7721705897,2.4171
t3.2xlarge.skylake-O0.1.0,true,6,85,Intel,6.1.134-152.225.amzn2023.x86_64,6,1,134,amzn,2023,2023,skylake,4.0,2.0,O0,9030761001.673151,1263605.04389738,433066.7721705897,2.59046
t3.2xlarge.skylake-O0.2.0,true,6,85,Intel,6.1.134-152.225.amzn2023.x86_64,6,1,134,amzn,2023,2023,skylake,4.0,2.0,O0,9030761001.673151,1263605.04389738,433066.7721705897,2.52367
t3.2xlarge.bdver4-O1.0.0,true,6,85,Intel,6.1.134-152.225.amzn2023.x86_64,6,1,134,amzn,2023,2023,bdver4,4.0,2.0,O1,5684242922.128176,1151204.4020696294,558344.0154562045,5.63003
t3.2xlarge.bdver4-O1.1.0,true,6,85,Intel,6.1.134-152.225.amzn2023.x86_64,6,1,134,amzn,2023,2023,bdver4,4.0,2.0,O1,5684242922.128176,1151204.4020696294,558344.0154562045,5.95374
t3.2xlarge.bdver4-O1.2.0,true,6,85,Intel,6.1.134-152.225.amzn2023.x86_64,6,1,134,amzn,2023,2023,bdver4,4.0,2.0,O1,5684242922.128176,1151204.4020696294,558344.0154562045,5.70985
t3.2xlarge.x86-64-v2-O3.0.0,true,6,85,Intel,6.1.134-152.225.amzn2023.x86_64,6,1,134,amzn,2023,2023,x86-64-v2,4.0,2.0,O3,5898843599.961868,1089722.0629151498,480888.9761341154,4.70615
t3.2xlarge.x86-64-v2-O3.1.0,true,6,85,Intel,6.1.134-152.225.amzn2023.x86_64,6,1,134,amzn,2023,2023,x86-64-v2,4.0,2.0,O3,5898843599.961868,1089722.0629151498,480888.9761341154,4.86217
t3.2xlarge.x86-64-v2-O3.2.0,true,6,85,Intel,6.1.134-152.225.amzn2023.x86_64,6,1,134,amzn,2023,2023,x86-64-v2,4.0,2.0,O3,5898843599.961868,1089722.0629151498,480888.9761341154,5.46226
t3.2xlarge.skylake-avx512-O0.0.0,true,6,85,Intel,6.1.134-152.225.amzn2023.x86_64,6,1,134,amzn,2023,2023,skylake-avx512,4.0,2.0,O0,7762434695.426274,1253658.7018142103,428453.67446498026,1.97519
t3.2xlarge.skylake-avx512-O0.1.0,true,6,85,Intel,6.1.134-152.225.amzn2023.x86_64,6,1,134,amzn,2023,2023,skylake-avx512,4.0,2.0,O0,7762434695.426274,1253658.7018142103,428453.67446498026,2.50248
t3.2xlarge.skylake-avx512-O0.2.0,true,6,85,Intel,6.1.134-152.225.amzn2023.x86_64,6,1,134,amzn,2023,2023,skylake-avx512,4.0,2.0,O0,7762434695.426274,1253658.7018142103,428453.67446498026,2.47836
t3.2xlarge.broadwell-O2.0.0,true,6,85,Intel,6.1.134-152.225.amzn2023.x86_64,6,1,134,amzn,2023,2023,broadwell,4.0,2.0,O2,5371354585.670845,1112606.8920575287,524477.3030376559,4.7787
t3.2xlarge.broadwell-O2.1.0,true,6,85,Intel,6.1.134-152.225.amzn2023.x86_64,6,1,134,amzn,2023,2023,broadwell,4.0,2.0,O2,5371354585.670845,1112606.8920575287,524477.3030376559,5.64542
t3.2xlarge.broadwell-O2.2.0,true,6,85,Intel,6.1.134-152.225.amzn2023.x86_64,6,1,134,amzn,2023,2023,broadwell,4.0,2.0,O2,5371354585.670845,1112606.8920575287,524477.3030376559,5.74966
t3.2xlarge.znver3-Og.0.0,true,6,85,Intel,6.1.134-152.225.amzn2023.x86_64,6,1,134,amzn,2023,2023,znver3,4.0,2.0,Og,5049860983.568584,1205590.4541806339,541353.9688463792,5.25654
t3.2xlarge.znver3-Og.1.0,true,6,85,Intel,6.1.134-152.225.amzn2023.x86_64,6,1,134,amzn,2023,2023,znver3,4.0,2.0,Og,5049860983.568584,1205590.4541806339,541353.9688463792,5.68505
t3.2xlarge.znver3-Og.2.0,true,6,85,Intel,6.1.134-152.225.amzn2023.x86_64,6,1,134,amzn,2023,2023,znver3,4.0,2.0,Og,5049860983.568584,1205590.4541806339,541353.9688463792,5.29104
t3.2xlarge.sandybridge-O0.0.0,true,6,85,Intel,6.1.134-152.225.amzn2023.x86_64,6,1,134,amzn,2023,2023,sandybridge,4.0,2.0,O0,9964193306.870897,1071161.2939618204,442214.1584985647,2.38652
t3.2xlarge.sandybridge-O0.1.0,true,6,85,Intel,6.1.134-152.225.amzn2023.x86_64,6,1,134,amzn,2023,2023,sandybridge,4.0,2.0,O0,9964193306.870897,1071161.2939618204,442214.1584985647,2.47796
t3.2xlarge.sandybridge-O0.2.0,true,6,85,Intel,6.1.134-152.225.amzn2023.x86_64,6,1,134,amzn,2023,2023,sandybridge,4.0,2.0,O0,9964193306.870897,1071161.2939618204,442214.1584985647,2.51072
t3.2xlarge.skylake-O3.0.0,true,6,85,Intel,6.1.134-152.225.amzn2023.x86_64,6,1,134,amzn,2023,2023,skylake,4.0,2.0,O3,4903193115.68237,1156346.4318952726,589242.3606498108,5.45053
t3.2xlarge.skylake-O3.1.0,true,6,85,Intel,6.1.134-152.225.amzn2023.x86_64,6,1,134,amzn,2023,2023,skylake,4.0,2.0,O3,4903193115.68237,1156346.4318952726,589242.3606498108,5.74508
t3.2xlarge.skylake-O3.2.0,true,6,85,Intel,6.1.134-152.225.amzn2023.x86_64,6,1,134,amzn,2023,2023,skylake,4.0,2.0,O3,4903193115.68237,1156346.4318952726,589242.3606498108,6.17013
t3.2xlarge.x86-64-v4-O2.0.0,true,6,85,Intel,6.1.134-152.225.amzn2023.x86_64,6,1,134,amzn,2023,2023,x86-64-v4,4.0,2.0,O2,2987474647.637409,1213529.4090600987,569517.214854874,5.80317
t3.2xlarge.x86-64-v4-O2.1.0,true,6,85,Intel,6.1.134-152.225.amzn2023.x86_64,6,1,134,amzn,2023,2023,x86-64-v4,4.0,2.0,O2,2987474647.637409,1213529.4090600987,569517.214854874,6.29878
t3.2xlarge.x86-64-v4-O2.2.0,true,6,85,Intel,6.1.134-152.225.amzn2023.x86_64,6,1,134,amzn,2023,2023,x86-64-v4,4.0,2.0,O2,2987474647.637409,1213529.4090600987,569517.214854874,6.19124
t3.2xlarge.sapphirerapids-O2.0.0,true,6,85,Intel,6.1.134-152.225.amzn2023.x86_64,6,1,134,amzn,2023,2023,sapphirerapids,4.0,2.0,O2,5090700882.835845,1354583.1240854305,611382.5968902457,5.04753
t3.2xlarge.sapphirerapids-O2.1.0,true,6,85,Intel,6.1.134-152.225.amzn2023.x86_64,6,1,134,amzn,2023,2023,sapphirerapids,4.0,2.0,O2,5090700882.835845,1354583.1240854305,611382.5968902457,5.8001
t3.2xlarge.sapphirerapids-O2.2.0,true,6,85,Intel,6.1.134-152.225.amzn2023.x86_64,6,1,134,amzn,2023,2023,sapphirerapids,4.0,2.0,O2,5090700882.835845,1354583.1240854305,611382.5968902457,5.862
t3.2xlarge.ivybridge-O2.0.0,true,6,85,Intel,6.1.134-152.225.amzn2023.x86_64,6,1,134,amzn,2023,2023,ivybridge,4.0,2.0,O2,4686409873.347258,1091009.4480154843,577248.9396458186,5.42978
t3.2xlarge.ivybridge-O2.1.0,true,6,85,Intel,6.1.134-152.225.amzn2023.x86_64,6,1,134,amzn,2023,2023,ivybridge,4.0,2.0,O2,4686409873.347258,1091009.4480154843,577248.9396458186,5.636
t3.2xlarge.ivybridge-O2.2.0,true,6,85,Intel,6.1.134-152.225.amzn2023.x86_64,6,1,134,amzn,2023,2023,ivybridge,4.0,2.0,O2,4686409873.347258,1091009.4480154843,577248.9396458186,5.69138
t3.2xlarge.znver4-O1.0.0,true,6,85,Intel,6.1.134-152.225.amzn2023.x86_64,6,1,134,amzn,2023,2023,znver4,4.0,2.0,O1,4774870816.658358,1237804.7359947483,517548.7089139972,5.50535
t3.2xlarge.znver4-O1.1.0,true,6,85,Intel,6.1.134-152.225.amzn2023.x86_64,6,1,134,amzn,2023,2023,znver4,4.0,2.0,O1,4774870816.658358,1237804.7359947483,517548.7089139972,5.46474
t3.2xlarge.znver4-O1.2.0,true,6,85,Intel,6.1.134-152.225.amzn2023.x86_64,6,1,134,amzn,2023,2023,znver4,4.0,2.0,O1,4774870816.658358,1237804.7359947483,517548.7089139972,5.52586
t3.2xlarge.sapphirerapids-Og.0.0,true,6,85,Intel,6.1.134-152.225.amzn2023.x86_64,6,1,134,amzn,2023,2023,sapphirerapids,4.0,2.0,Og,5511905451.453823,1160033.58569118,495998.21373029397,5.31789
t3.2xlarge.sapphirerapids-Og.1.0,true,6,85,Intel,6.1.134-152.225.amzn2023.x86_64,6,1,134,amzn,2023,2023,sapphirerapids,4.0,2.0,Og,5511905451.453823,1160033.58569118,495998.21373029397,5.57093
t3.2xlarge.sapphirerapids-Og.2.0,true,6,85,Intel,6.1.134-152.225.amzn2023.x86_64,6,1,134,amzn,2023,2023,sapphirerapids,4.0,2.0,Og,5511905451.453823,1160033.58569118,495998.21373029397,5.58098
t3.2xlarge.ivybridge-O0.0.0,true,6,85,Intel,6.1.134-152.225.amzn2023.x86_64,6,1,134,amzn,2023,2023,ivybridge,4.0,2.0,O0,10113590649.029104,1194901.7872921827,418245.35346182523,2.43093
t3.2xlarge.ivybridge-O0.1.0,true,6,85,Intel,6.1.134-152.225.amzn2023.x86_64,6,1,134,amzn,2023,2023,ivybridge,4.0,2.0,O0,10113590649.029104,1194901.7872921827,418245.35346182523,2.47627
t3.2xlarge.ivybridge-O0.2.0,true,6,85,Intel,6.1.134-152.225.amzn2023.x86_64,6,1,134,amzn,2023,2023,ivybridge,4.0,2.0,O0,10113590649.029104,1194901.7872921827,418245.35346182523,2.507
t3.2xlarge.znver3-O2.0.0,true,6,85,Intel,6.1.134-152.225.amzn2023.x86_64,6,1,134,amzn,2023,2023,znver3,4.0,2.0,O2,3341971665.381081,1239661.640499579,484385.0779694326,5.23833
t3.2xlarge.znver3-O2.1.0,true,6,85,Intel,6.1.134-152.225.amzn2023.x86_64,6,1,134,amzn,2023,2023,znver3,4.0,2.0,O2,3341971665.381081,1239661.640499579,484385.0779694326,4.18695
t3.2xlarge.znver3-O2.2.0,true,6,85,Intel,6.1.134-152.225.amzn2023.x86_64,6,1,134,amzn,2023,2023,znver3,4.0,2.0,O2,3341971665.381081,1239661.640499579,484385.0779694326,5.64831
t3.2xlarge.znver1-O3.0.0,true,6,85,Intel,6.1.134-152.225.amzn2023.x86_64,6,1,134,amzn,2023,2023,znver1,4.0,2.0,O3,5214347421.047369,1089902.6180379314,479044.04214197537,4.88921
t3.2xlarge.znver1-O3.1.0,true,6,85,Intel,6.1.134-152.225.amzn2023.x86_64,6,1,134,amzn,2023,2023,znver1,4.0,2.0,O3,5214347421.047369,1089902.6180379314,479044.04214197537,4.66352
t3.2xlarge.znver1-O3.2.0,true,6,85,Intel,6.1.134-152.225.amzn2023.x86_64,6,1,134,amzn,2023,2023,znver1,4.0,2.0,O3,5214347421.047369,1089902.6180379314,479044.04214197537,5.9948
t3.2xlarge.znver2-O0.0.0,true,6,85,Intel,6.1.134-152.225.amzn2023.x86_64,6,1,134,amzn,2023,2023,znver2,4.0,2.0,O0,10194641606.590141,1377345.6046288009,548671.4887597705,1.95863
t3.2xlarge.znver2-O0.1.0,true,6,85,Intel,6.1.134-152.225.amzn2023.x86_64,6,1,134,amzn,2023,2023,znver2,4.0,2.0,O0,10194641606.590141,1377345.6046288009,548671.4887597705,2.50301
t3.2xlarge.znver2-O0.2.0,true,6,85,Intel,6.1.134-152.225.amzn2023.x86_64,6,1,134,amzn,2023,2023,znver2,4.0,2.0,O0,10194641606.590141,1377345.6046288009,548671.4887597705,2.50574
t3.2xlarge.x86-64-v2-Os.0.0,true,6,85,Intel,6.1.134-152.225.amzn2023.x86_64,6,1,134,amzn,2023,2023,x86-64-v2,4.0,2.0,Os,5975395325.380208,984384.3517523049,387532.1141846637,4.02749
t3.2xlarge.x86-64-v2-Os.1.0,true,6,85,Intel,6.1.134-152.225.amzn2023.x86_64,6,1,134,amzn,2023,2023,x86-64-v2,4.0,2.0,Os,5975395325.380208,984384.3517523049,387532.1141846637,4.97912
t3.2xlarge.x86-64-v2-Os.2.0,true,6,85,Intel,6.1.134-152.225.amzn2023.x86_64,6,1,134,amzn,2023,2023,x86-64-v2,4.0,2.0,Os,5975395325.380208,984384.3517523049,387532.1141846637,5.29428
t3.2xlarge.bdver4-Og.0.0,true,6,85,Intel,6.1.134-152.225.amzn2023.x86_64,6,1,134,amzn,2023,2023,bdver4,4.0,2.0,Og,4895309693.634958,1090007.2606270236,507345.91984886694,5.27808
t3.2xlarge.bdver4-Og.1.0,true,6,85,Intel,6.1.134-152.225.amzn2023.x86_64,6,1,134,amzn,2023,2023,bdver4,4.0,2.0,Og,4895309693.634958,1090007.2606270236,507345.91984886694,5.6247
t3.2xlarge.bdver4-Og.2.0,true,6,85,Intel,6.1.134-152.225.amzn2023.x86_64,6,1,134,amzn,2023,2023,bdver4,4.0,2.0,Og,4895309693.634958,1090007.2606270236,507345.91984886694,5.64278
t3.2xlarge.native-Os.0.0,true,6,85,Intel,6.1.134-152.225.amzn2023.x86_64,6,1,134,amzn,2023,2023,native,4.0,2.0,Os,5434515627.590429,1046936.7049270394,509368.8961692653,4.98966
t3.2xlarge.native-Os.1.0,true,6,85,Intel,6.1.134-152.225.amzn2023.x86_64,6,1,134,amzn,2023,2023,native,4.0,2.0,Os,5434515627.590429,1046936.7049270394,509368.8961692653,5.47351
t3.2xlarge.native-Os.2.0,true,6,85,Intel,6.1.134-152.225.amzn2023.x86_64,6,1,134,amzn,2023,2023,native,4.0,2.0,Os,5434515627.590429,1046936.7049270394,509368.8961692653,5.5016
t3.2xlarge.btver2-O0.0.0,true,6,85,Intel,6.1.134-152.225.amzn2023.x86_64,6,1,134,amzn,2023,2023,btver2,4.0,2.0,O0,10590352966.882355,1117947.30273384,420279.1885171232,2.19422
t3.2xlarge.btver2-O0.1.0,true,6,85,Intel,6.1.134-152.225.amzn2023.x86_64,6,1,134,amzn,2023,2023,btver2,4.0,2.0,O0,10590352966.882355,1117947.30273384,420279.1885171232,2.57551
t3.2xlarge.btver2-O0.2.0,true,6,85,Intel,6.1.134-152.225.amzn2023.x86_64,6,1,134,amzn,2023,2023,btver2,4.0,2.0,O0,10590352966.882355,1117947.30273384,420279.1885171232,2.50356
t3.2xlarge.skylake-avx512-Os.0.0,true,6,85,Intel,6.1.134-152.225.amzn2023.x86_64,6,1,134,amzn,2023,2023,skylake-avx512,4.0,2.0,Os,4958036004.068145,1393638.2217800147,490005.29116071126,4.61352
t3.2xlarge.skylake-avx512-Os.1.0,true,6,85,Intel,6.1.134-152.225.amzn2023.x86_64,6,1,134,amzn,2023,2023,skylake-avx512,4.0,2.0,Os,4958036004.068145,1393638.2217800147,490005.29116071126,5.79863
t3.2xlarge.skylake-avx512-Os.2.0,true,6,85,Intel,6.1.134-152.225.amzn2023.x86_64,6,1,134,amzn,2023,2023,skylake-avx512,4.0,2.0,Os,4958036004.068145,1393638.2217800147,490005.29116071126,5.60212
t3.2xlarge.icelake-server-Os.0.0,true,6,85,Intel,6.1.134-152.225.amzn2023.x86_64,6,1,134,amzn,2023,2023,icelake-server,4.0,2.0,Os,5167981112.850615,1217878.1812362496,518129.31655235245,5.40063
t3.2xlarge.icelake-server-Os.1.0,true,6,85,Intel,6.1.134-152.225.amzn2023.x86_64,6,1,134,amzn,2023,2023,icelake-server,4.0,2.0,Os,5167981112.850615,1217878.1812362496,518129.31655235245,6.00771
t3.2xlarge.icelake-server-Os.2.0,true,6,85,Intel,6.1.134-152.225.amzn2023.x86_64,6,1,134,amzn,2023,2023,icelake-server,4.0,2.0,Os,5167981112.850615,1217878.1812362496,518129.31655235245,6.06504
t3.2xlarge.znver1-O2.0.0,true,6,85,Intel,6.1.134-152.225.amzn2023.x86_64,6,1,134,amzn,2023,2023,znver1,4.0,2.0,O2,5315940568.9185915,1244246.6098879154,605137.3306675523,5.37855
t3.2xlarge.znver1-O2.1.0,true,6,85,Intel,6.1.134-152.225.amzn2023.x86_64,6,1,134,amzn,2023,2023,znver1,4.0,2.0,O2,5315940568.9185915,1244246.6098879154,605137.3306675523,5.91088
t3.2xlarge.znver1-O2.2.0,true,6,85,Intel,6.1.134-152.225.amzn2023.x86_64,6,1,134,amzn,2023,2023,znver1,4.0,2.0,O2,5315940568.9185915,1244246.6098879154,605137.3306675523,5.61756
t3.2xlarge.sandybridge-O2.0.0,true,6,85,Intel,6.1.134-152.225.amzn2023.x86_64,6,1,134,amzn,2023,2023,sandybridge,4.0,2.0,O2,5746537104.390919,1025712.0344808408,487912.0511929381,4.1472
t3.2xlarge.sandybridge-O2.1.0,true,6,85,Intel,6.1.134-152.225.amzn2023.x86_64,6,1,134,amzn,2023,2023,sandybridge,4.0,2.0,O2,5746537104.390919,1025712.0344808408,487912.0511929381,5.68475
t3.2xlarge.sandybridge-O2.2.0,true,6,85,Intel,6.1.134-152.225.amzn2023.x86_64,6,1,134,amzn,2023,2023,sandybridge,4.0,2.0,O2,5746537104.390919,1025712.0344808408,487912.0511929381,5.64334
t3.2xlarge.haswell-O1.0.0,true,6,85,Intel,6.1.134-152.225.amzn2023.x86_64,6,1,134,amzn,2023,2023,haswell,4.0,2.0,O1,2446064986.044868,1031594.0162646213,449089.00059366366,3.87323
t3.2xlarge.haswell-O1.1.0,true,6,85,Intel,6.1.134-152.225.amzn2023.x86_64,6,1,134,amzn,2023,2023,haswell,4.0,2.0,O1,2446064986.044868,1031594.0162646213,449089.00059366366,5.88993
t3.2xlarge.haswell-O1.2.0,true,6,85,Intel,6.1.134-152.225.amzn2023.x86_64,6,1,134,amzn,2023,2023,haswell,4.0,2.0,O1,2446064986.044868,1031594.0162646213,449089.00059366366,6.32866
t3.2xlarge.native-Og.0.0,true,6,85,Intel,6.1.134-152.225.amzn2023.x86_64,6,1,134,amzn,2023,2023,native,4.0,2.0,Og,2568245838.8227253,1191488.692987859,508948.86794299464,5.13011
t3.2xlarge.native-Og.1.0,true,6,85,Intel,6.1.134-152.225.amzn2023.x86_64,6,1,134,amzn,2023,2023,native,4.0,2.0,Og,2568245838.8227253,1191488.692987859,508948.86794299464,5.68203
t3.2xlarge.native-Og.2.0,true,6,85,Intel,6.1.134-152.225.amzn2023.x86_64,6,1,134,amzn,2023,2023,native,4.0,2.0,Og,2568245838.8227253,1191488.692987859,508948.86794299464,5.91187
t3.2xlarge.icelake-server-O3.0.0,true,6,85,Intel,6.1.134-152.225.amzn2023.x86_64,6,1,134,amzn,2023,2023,icelake-server,4.0,2.0,O3,5619746176.943923,1104947.43768793,424369.813129953,5.33101
t3.2xlarge.icelake-server-O3.1.0,true,6,85,Intel,6.1.134-152.225.amzn2023.x86_64,6,1,134,amzn,2023,2023,icelake-server,4.0,2.0,O3,5619746176.943923,1104947.43768793,424369.813129953,4.99703
t3.2xlarge.icelake-server-O3.2.0,true,6,85,Intel,6.1.134-152.225.amzn2023.x86_64,6,1,134,amzn,2023,2023,icelake-server,4.0,2.0,O3,5619746176.943923,1104947.43768793,424369.813129953,5.64081
t3.2xlarge.x86-64-v3-Og.0.0,true,6,85,Intel,6.1.134-152.225.amzn2023.x86_64,6,1,134,amzn,2023,2023,x86-64-v3,4.0,2.0,Og,2329876225.817784,1031874.6383908584,478760.1895866084,5.68492
t3.2xlarge.x86-64-v3-Og.1.0,true,6,85,Intel,6.1.134-152.225.amzn2023.x86_64,6,1,134,amzn,2023,2023,x86-64-v3,4.0,2.0,Og,2329876225.817784,1031874.6383908584,478760.1895866084,6.36368
t3.2xlarge.x86-64-v3-Og.2.0,true,6,85,Intel,6.1.134-152.225.amzn2023.x86_64,6,1,134,amzn,2023,2023,x86-64-v3,4.0,2.0,Og,2329876225.817784,1031874.6383908584,478760.1895866084,5.77318
t3.2xlarge.icelake-server-O1.0.0,true,6,85,Intel,6.1.134-152.225.amzn2023.x86_64,6,1,134,amzn,2023,2023,icelake-server,4.0,2.0,O1,5815714698.99257,1209418.9233935233,524870.4499580634,4.70546
t3.2xlarge.icelake-server-O1.1.0,true,6,85,Intel,6.1.134-152.225.amzn2023.x86_64,6,1,134,amzn,2023,2023,icelake-server,4.0,2.0,O1,5815714698.99257,1209418.9233935233,524870.4499580634,5.16673
t3.2xlarge.icelake-server-O1.2.0,true,6,85,Intel,6.1.134-152.225.amzn2023.x86_64,6,1,134,amzn,2023,2023,icelake-server,4.0,2.0,O1,5815714698.99257,1209418.9233935233,524870.4499580634,5.34396
t3.2xlarge.x86-64-v4-Os.0.0,true,6,85,Intel,6.1.134-152.225.amzn2023.x86_64,6,1,134,amzn,2023,2023,x86-64-v4,4.0,2.0,Os,5244048891.543837,1184371.27775779,498625.5808107892,4.21516
t3.2xlarge.x86-64-v4-Os.1.0,true,6,85,Intel,6.1.134-152.225.amzn2023.x86_64,6,1,134,amzn,2023,2023,x86-64-v4,4.0,2.0,Os,5244048891.543837,1184371.27775779,498625.5808107892,5.6856
t3.2xlarge.x86-64-v4-Os.2.0,true,6,85,Intel,6.1.134-152.225.amzn2023.x86_64,6,1,134,amzn,2023,2023,x86-64-v4,4.0,2.0,Os,5244048891.543837,1184371.27775779,498625.5808107892,5.84192
t3.2xlarge.x86-64-v2-O2.0.0,true,6,85,Intel,6.1.134-152.225.amzn2023.x86_64,6,1,134,amzn,2023,2023,x86-64-v2,4.0,2.0,O2,5356106960.78618,708718.8531855127,316460.5558850594,5.05402
t3.2xlarge.x86-64-v2-O2.1.0,true,6,85,Intel,6.1.134-152.225.amzn2023.x86_64,6,1,134,amzn,2023,2023,x86-64-v2,4.0,2.0,O2,5356106960.78618,708718.8531855127,316460.5558850594,5.53446
t3.2xlarge.x86-64-v2-O2.2.0,true,6,85,Intel,6.1.134-152.225.amzn2023.x86_64,6,1,134,amzn,2023,2023,x86-64-v2,4.0,2.0,O2,5356106960.78618,708718.8531855127,316460.5558850594,5.47955
t3.2xlarge.sapphirerapids-O1.0.0,true,6,85,Intel,6.1.134-152.225.amzn2023.x86_64,6,1,134,amzn,2023,2023,sapphirerapids,4.0,2.0,O1,2424638023.8714323,659951.5423205235,276570.64196632325,5.45099
t3.2xlarge.sapphirerapids-O1.1.0,true,6,85,Intel,6.1.134-152.225.amzn2023.x86_64,6,1,134,amzn,2023,2023,sapphirerapids,4.0,2.0,O1,2424638023.8714323,659951.5423205235,276570.64196632325,5.45464
t3.2xlarge.sapphirerapids-O1.2.0,true,6,85,Intel,6.1.134-152.225.amzn2023.x86_64,6,1,134,amzn,2023,2023,sapphirerapids,4.0,2.0,O1,2424638023.8714323,659951.5423205235,276570.64196632325,5.49071
t3.2xlarge.sandybridge-Og.0.0,true,6,85,Intel,6.1.134-152.225.amzn2023.x86_64,6,1,134,amzn,2023,2023,sandybridge,4.0,2.0,Og,5749582294.167192,1287092.9426889876,653328.5428468939,4.09978
t3.2xlarge.sandybridge-Og.1.0,true,6,85,Intel,6.1.134-152.225.amzn2023.x86_64,6,1,134,amzn,2023,2023,sandybridge,4.0,2.0,Og,5749582294.167192,1287092.9426889876,653328.5428468939,5.57
t3.2xlarge.sandybridge-Og.2.0,true,6,85,Intel,6.1.134-152.225.amzn2023.x86_64,6,1,134,amzn,2023,2023,sandybridge,4.0,2.0,Og,5749582294.167192,1287092.9426889876,653328.5428468939,5.54044
t3.2xlarge.ivybridge-Og.0.0,true,6,85,Intel,6.1.134-152.225.amzn2023.x86_64,6,1,134,amzn,2023,2023,ivybridge,4.0,2.0,Og,5752593597.406405,1226504.7605296113,514216.2991111146,4.46849
t3.2xlarge.ivybridge-Og.1.0,true,6,85,Intel,6.1.134-152.225.amzn2023.x86_64,6,1,134,amzn,2023,2023,ivybridge,4.0,2.0,Og,5752593597.406405,1226504.7605296113,514216.2991111146,5.54249
t3.2xlarge.ivybridge-Og.2.0,true,6,85,Intel,6.1.134-152.225.amzn2023.x86_64,6,1,134,amzn,2023,2023,ivybridge,4.0,2.0,Og,5752593597.406405,1226504.7605296113,514216.2991111146,5.54016
t3.2xlarge.btver2-O2.0.0,true,6,85,Intel,6.1.134-152.225.amzn2023.x86_64,6,1,134,amzn,2023,2023,btver2,4.0,2.0,O2,4678139022.531522,1193378.38015254,489507.3093598561,5.21015
t3.2xlarge.btver2-O2.1.0,true,6,85,Intel,6.1.134-152.225.amzn2023.x86_64,6,1,134,amzn,2023,2023,btver2,4.0,2.0,O2,4678139022.531522,1193378.38015254,489507.3093598561,5.91125
t3.2xlarge.btver2-O2.2.0,true,6,85,Intel,6.1.134-152.225.amzn2023.x86_64,6,1,134,amzn,2023,2023,btver2,4.0,2.0,O2,4678139022.531522,1193378.38015254,489507.3093598561,5.63639
t3.2xlarge.broadwell-O1.0.0,true,6,85,Intel,6.1.134-152.225.amzn2023.x86_64,6,1,134,amzn,2023,2023,broadwell,4.0,2.0,O1,5969845635.73473,1217882.9121099215,544363.2090574496,5.12412
t3.2xlarge.broadwell-O1.1.0,true,6,85,Intel,6.1.134-152.225.amzn2023.x86_64,6,1,134,amzn,2023,2023,broadwell,4.0,2.0,O1,5969845635.73473,1217882.9121099215,544363.2090574496,5.61302
t3.2xlarge.broadwell-O1.2.0,true,6,85,Intel,6.1.134-152.225.amzn2023.x86_64,6,1,134,amzn,2023,2023,broadwell,4.0,2.0,O1,5969845635.73473,1217882.9121099215,544363.2090574496,5.50787
t3.2xlarge.ivybridge-O1.0.0,true,6,85,Intel,6.1.134-152.225.amzn2023.x86_64,6,1,134,amzn,2023,2023,ivybridge,4.0,2.0,O1,5267238140.581533,1096439.8498804506,521693.83324374,3.99295
t3.2xlarge.ivybridge-O1.1.0,true,6,85,Intel,6.1.134-152.225.amzn2023.x86_64,6,1,134,amzn,2023,2023,ivybridge,4.0,2.0,O1,5267238140.581533,1096439.8498804506,521693.83324374,5.42543
t3.2xlarge.ivybridge-O1.2.0,true,6,85,Intel,6.1.134-152.225.amzn2023.x86_64,6,1,134,amzn,2023,2023,ivybridge,4.0,2.0,O1,5267238140.581533,1096439.8498804506,521693.83324374,5.62179
t3.2xlarge.bdver4-O0.0.0,true,6,85,Intel,6.1.134-152.225.amzn2023.x86_64,6,1,134,amzn,2023,2023,bdver4,4.0,2.0,O0,9934333794.874224,1170578.0957644214,489092.91169567005,2.27955
t3.2xlarge.bdver4-O0.1.0,true,6,85,Intel,6.1.134-152.225.amzn2023.x86_64,6,1,134,amzn,2023,2023,bdver4,4.0,2.0,O0,9934333794.874224,1170578.0957644214,489092.91169567005,2.44705
t3.2xlarge.bdver4-O0.2.0,true,6,85,Intel,6.1.134-152.225.amzn2023.x86_64,6,1,134,amzn,2023,2023,bdver4,4.0,2.0,O0,9934333794.874224,1170578.0957644214,489092.91169567005,2.40387
t3.2xlarge.x86-64-v2-Og.0.0,true,6,85,Intel,6.1.134-152.225.amzn2023.x86_64,6,1,134,amzn,2023,2023,x86-64-v2,4.0,2.0,Og,5478839010.494128,1273067.3500921174,539428.7454290469,5.34133
t3.2xlarge.x86-64-v2-Og.1.0,true,6,85,Intel,6.1.134-152.225.amzn2023.x86_64,6,1,134,amzn,2023,2023,x86-64-v2,4.0,2.0,Og,5478839010.494128,1273067.3500921174,539428.7454290469,5.89684
t3.2xlarge.x86-64-v2-Og.2.0,true,6,85,Intel,6.1.134-152.225.amzn2023.x86_64,6,1,134,amzn,2023,2023,x86-64-v2,4.0,2.0,Og,5478839010.494128,1273067.3500921174,539428.7454290469,5.88157
t3.2xlarge.sandybridge-Ofast.0.0,true,6,85,Intel,6.1.134-152.225.amzn2023.x86_64,6,1,134,amzn,2023,2023,sandybridge,4.0,2.0,Ofast,5020639916.675042,1328368.8095518528,705071.9672762764,4.21746
t3.2xlarge.sandybridge-Ofast.1.0,true,6,85,Intel,6.1.134-152.225.amzn2023.x86_64,6,1,134,amzn,2023,2023,sandybridge,4.0,2.0,Ofast,5020639916.675042,1328368.8095518528,705071.9672762764,6.02293
t3.2xlarge.sandybridge-Ofast.2.0,true,6,85,Intel,6.1.134-152.225.amzn2023.x86_64,6,1,134,amzn,2023,2023,sandybridge,4.0,2.0,Ofast,5020639916.675042,1328368.8095518528,705071.9672762764,5.70098
t3.2xlarge.znver2-Og.0.0,true,6,85,Intel,6.1.134-152.225.amzn2023.x86_64,6,1,134,amzn,2023,2023,znver2,4.0,2.0,Og,4777811740.784085,1093938.7638784207,485676.86828303704,4.22173
t3.2xlarge.znver2-Og.1.0,true,6,85,Intel,6.1.134-152.225.amzn2023.x86_64,6,1,134,amzn,2023,2023,znver2,4.0,2.0,Og,4777811740.784085,1093938.7638784207,485676.86828303704,5.75973
t3.2xlarge.znver2-Og.2.0,true,6,85,Intel,6.1.134-152.225.amzn2023.x86_64,6,1,134,amzn,2023,2023,znver2,4.0,2.0,Og,4777811740.784085,1093938.7638784207,485676.86828303704,5.73126
t3.2xlarge.x86-64-v2-O1.0.0,true,6,85,Intel,6.1.134-152.225.amzn2023.x86_64,6,1,134,amzn,2023,2023,x86-64-v2,4.0,2.0,O1,2455802725.38821,1141130.1035273492,496174.87353005866,4.05995
t3.2xlarge.x86-64-v2-O1.1.0,true,6,85,Intel,6.1.134-152.225.amzn2023.x86_64,6,1,134,amzn,2023,2023,x86-64-v2,4.0,2.0,O1,2455802725.38821,1141130.1035273492,496174.87353005866,6.11653
t3.2xlarge.x86-64-v2-O1.2.0,true,6,85,Intel,6.1.134-152.225.amzn2023.x86_64,6,1,134,amzn,2023,2023,x86-64-v2,4.0,2.0,O1,2455802725.38821,1141130.1035273492,496174.87353005866,5.36514
t3.2xlarge.btver2-Og.0.0,true,6,85,Intel,6.1.134-152.225.amzn2023.x86_64,6,1,134,amzn,2023,2023,btver2,4.0,2.0,Og,5081452433.545565,1067077.0089710231,521386.4762448532,4.43009
t3.2xlarge.btver2-Og.1.0,true,6,85,Intel,6.1.134-152.225.amzn2023.x86_64,6,1,134,amzn,2023,2023,btver2,4.0,2.0,Og,5081452433.545565,1067077.0089710231,521386.4762448532,5.3347
t3.2xlarge.btver2-Og.2.0,true,6,85,Intel,6.1.134-152.225.amzn2023.x86_64,6,1,134,amzn,2023,2023,btver2,4.0,2.0,Og,5081452433.545565,1067077.0089710231,521386.4762448532,5.55514
t3.2xlarge.icelake-server-O2.0.0,true,6,85,Intel,6.1.134-152.225.amzn2023.x86_64,6,1,134,amzn,2023,2023,icelake-server,4.0,2.0,O2,5072036922.291819,1107263.1975408127,419880.6364798944,5.02138
t3.2xlarge.icelake-server-O2.1.0,true,6,85,Intel,6.1.134-152.225.amzn2023.x86_64,6,1,134,amzn,2023,2023,icelake-server,4.0,2.0,O2,5072036922.291819,1107263.1975408127,419880.6364798944,4.99426
t3.2xlarge.icelake-server-O2.2.0,true,6,85,Intel,6.1.134-152.225.amzn2023.x86_64,6,1,134,amzn,2023,2023,icelake-server,4.0,2.0,O2,5072036922.291819,1107263.1975408127,419880.6364798944,5.5422
t3.2xlarge.native-O3.0.0,true,6,85,Intel,6.1.134-152.225.amzn2023.x86_64,6,1,134,amzn,2023,2023,native,4.0,2.0,O3,5266951958.528345,1329741.0391220502,577878.4206908552,5.02498
t3.2xlarge.native-O3.1.0,true,6,85,Intel,6.1.134-152.225.amzn2023.x86_64,6,1,134,amzn,2023,2023,native,4.0,2.0,O3,5266951958.528345,1329741.0391220502,577878.4206908552,5.40119
t3.2xlarge.native-O3.2.0,true,6,85,Intel,6.1.134-152.225.amzn2023.x86_64,6,1,134,amzn,2023,2023,native,4.0,2.0,O3,5266951958.528345,1329741.0391220502,577878.4206908552,5.46772
t3.2xlarge.broadwell-O0.0.0,true,6,85,Intel,6.1.134-152.225.amzn2023.x86_64,6,1,134,amzn,2023,2023,broadwell,4.0,2.0,O0,10256529493.759039,1198902.5188951283,432849.86811219965,2.2448
t3.2xlarge.broadwell-O0.1.0,true,6,85,Intel,6.1.134-152.225.amzn2023.x86_64,6,1,134,amzn,2023,2023,broadwell,4.0,2.0,O0,10256529493.759039,1198902.5188951283,432849.86811219965,2.45791
t3.2xlarge.broadwell-O0.2.0,true,6,85,Intel,6.1.134-152.225.amzn2023.x86_64,6,1,134,amzn,2023,2023,broadwell,4.0,2.0,O0,10256529493.759039,1198902.5188951283,432849.86811219965,2.47397
t3.2xlarge.skylake-avx512-O1.0.0,true,6,85,Intel,6.1.134-152.225.amzn2023.x86_64,6,1,134,amzn,2023,2023,skylake-avx512,4.0,2.0,O1,4847122356.636384,1121463.8419314832,456589.61795416643,4.59489
t3.2xlarge.skylake-avx512-O1.1.0,true,6,85,Intel,6.1.134-152.225.amzn2023.x86_64,6,1,134,amzn,2023,2023,skylake-avx512,4.0,2.0,O1,4847122356.636384,1121463.8419314832,456589.61795416643,5.85449
t3.2xlarge.skylake-avx512-O1.2.0,true,6,85,Intel,6.1.134-152.225.amzn2023.x86_64,6,1,134,amzn,2023,2023,skylake-avx512,4.0,2.0,O1,4847122356.636384,1121463.8419314832,456589.61795416643,5.95404
t3.2xlarge.skylake-avx512-Og.0.0,true,6,85,Intel,6.1.134-152.225.amzn2023.x86_64,6,1,134,amzn,2023,2023,skylake-avx512,4.0,2.0,Og,2860519925.2404795,1278952.5383140224,692751.1734310712,4.50462
t3.2xlarge.skylake-avx512-Og.1.0,true,6,85,Intel,6.1.134-152.225.amzn2023.x86_64,6,1,134,amzn,2023,2023,skylake-avx512,4.0,2.0,Og,2860519925.2404795,1278952.5383140224,692751.1734310712,4.90216
t3.2xlarge.skylake-avx512-Og.2.0,true,6,85,Intel,6.1.134-152.225.amzn2023.x86_64,6,1,134,amzn,2023,2023,skylake-avx512,4.0,2.0,Og,2860519925.2404795,1278952.5383140224,692751.1734310712,5.58379
t3.2xlarge.znver2-O2.0.0,true,6,85,Intel,6.1.134-152.225.amzn2023.x86_64,6,1,134,amzn,2023,2023,znver2,4.0,2.0,O2,5054622168.820284,1225351.0145472775,500908.9627826224,5.3133
t3.2xlarge.znver2-O2.1.0,true,6,85,Intel,6.1.134-152.225.amzn2023.x86_64,6,1,134,amzn,2023,2023,znver2,4.0,2.0,O2,5054622168.820284,1225351.0145472775,500908.9627826224,5.71898
t3.2xlarge.znver2-O2.2.0,true,6,85,Intel,6.1.134-152.225.amzn2023.x86_64,6,1,134,amzn,2023,2023,znver2,4.0,2.0,O2,5054622168.820284,1225351.0145472775,500908.9627826224,6.00396
t3.2xlarge.btver2-O1.0.0,true,6,85,Intel,6.1.134-152.225.amzn2023.x86_64,6,1,134,amzn,2023,2023,btver2,4.0,2.0,O1,6032651570.332898,1276944.2091525157,563855.7614490199,4.7258
t3.2xlarge.btver2-O1.1.0,true,6,85,Intel,6.1.134-152.225.amzn2023.x86_64,6,1,134,amzn,2023,2023,btver2,4.0,2.0,O1,6032651570.332898,1276944.2091525157,563855.7614490199,4.72927
t3.2xlarge.btver2-O1.2.0,true,6,85,Intel,6.1.134-152.225.amzn2023.x86_64,6,1,134,amzn,2023,2023,btver2,4.0,2.0,O1,6032651570.332898,1276944.2091525157,563855.7614490199,5.58617
t3.2xlarge.sapphirerapids-O3.0.0,true,6,85,Intel,6.1.134-152.225.amzn2023.x86_64,6,1,134,amzn,2023,2023,sapphirerapids,4.0,2.0,O3,5160346126.973945,1189529.2459060939,528734.25717508,5.27937
t3.2xlarge.sapphirerapids-O3.1.0,true,6,85,Intel,6.1.134-152.225.amzn2023.x86_64,6,1,134,amzn,2023,2023,sapphirerapids,4.0,2.0,O3,5160346126.973945,1189529.2459060939,528734.25717508,5.64259
t3.2xlarge.sapphirerapids-O3.2.0,true,6,85,Intel,6.1.134-152.225.amzn2023.x86_64,6,1,134,amzn,2023,2023,sapphirerapids,4.0,2.0,O3,5160346126.973945,1189529.2459060939,528734.25717508,5.71305
t3.2xlarge.native-O1.0.0,true,6,85,Intel,6.1.134-152.225.amzn2023.x86_64,6,1,134,amzn,2023,2023,native,4.0,2.0,O1,5166943127.148813,321925.44860919175,167313.01751267796,4.98352
t3.2xlarge.native-O1.1.0,true,6,85,Intel,6.1.134-152.225.amzn2023.x86_64,6,1,134,amzn,2023,2023,native,4.0,2.0,O1,5166943127.148813,321925.44860919175,167313.01751267796,5.76679
t3.2xlarge.native-O1.2.0,true,6,85,Intel,6.1.134-152.225.amzn2023.x86_64,6,1,134,amzn,2023,2023,native,4.0,2.0,O1,5166943127.148813,321925.44860919175,167313.01751267796,5.71306
t3.2xlarge.broadwell-O3.0.0,true,6,85,Intel,6.1.134-152.225.amzn2023.x86_64,6,1,134,amzn,2023,2023,broadwell,4.0,2.0,O3,3376389314.285022,1180477.7237732061,492212.3245740642,5.36146
t3.2xlarge.broadwell-O3.1.0,true,6,85,Intel,6.1.134-152.225.amzn2023.x86_64,6,1,134,amzn,2023,2023,broadwell,4.0,2.0,O3,3376389314.285022,1180477.7237732061,492212.3245740642,5.4161
t3.2xlarge.broadwell-O3.2.0,true,6,85,Intel,6.1.134-152.225.amzn2023.x86_64,6,1,134,amzn,2023,2023,broadwell,4.0,2.0,O3,3376389314.285022,1180477.7237732061,492212.3245740642,5.95186
c6a.16xlarge.znver4-Og.0.0,true,25,1,AMD,6.1.134-152.225.amzn2023.x86_64,6,1,134,amzn,2023,2023,znver4,32.0,2.0,Og,152528854.51081592,1055945.0,34832.0,21.0229
c6a.16xlarge.znver4-Og.1.0,true,25,1,AMD,6.1.134-152.225.amzn2023.x86_64,6,1,134,amzn,2023,2023,znver4,32.0,2.0,Og,152528854.51081592,1055945.0,34832.0,23.6648
c6a.16xlarge.znver4-Og.2.0,true,25,1,AMD,6.1.134-152.225.amzn2023.x86_64,6,1,134,amzn,2023,2023,znver4,32.0,2.0,Og,152528854.51081592,1055945.0,34832.0,25.2949
c6a.16xlarge.haswell-O0.0.0,true,25,1,AMD,6.1.134-152.225.amzn2023.x86_64,6,1,134,amzn,2023,2023,haswell,32.0,2.0,O0,1434247726.514388,163250.20833333334,52662.5,20.8491
c6a.16xlarge.haswell-O0.1.0,true,25,1,AMD,6.1.134-152.225.amzn2023.x86_64,6,1,134,amzn,2023,2023,haswell,32.0,2.0,O0,1434247726.514388,163250.20833333334,52662.5,21.6812
c6a.16xlarge.haswell-O0.2.0,true,25,1,AMD,6.1.134-152.225.amzn2023.x86_64,6,1,134,amzn,2023,2023,haswell,32.0,2.0,O0,1434247726.514388,163250.20833333334,52662.5,20.7325
c6a.16xlarge.znver1-O0.0.0,true,25,1,AMD,6.1.134-152.225.amzn2023.x86_64,6,1,134,amzn,2023,2023,znver1,32.0,2.0,O0,1638150014.6531763,47749.5,17251.5,20.8947
c6a.16xlarge.znver1-O0.1.0,true,25,1,AMD,6.1.134-152.225.amzn2023.x86_64,6,1,134,amzn,2023,2023,znver1,32.0,2.0,O0,1638150014.6531763,47749.5,17251.5,20.6921
c6a.16xlarge.znver1-O0.2.0,true,25,1,AMD,6.1.134-152.225.amzn2023.x86_64,6,1,134,amzn,2023,2023,znver1,32.0,2.0,O0,1638150014.6531763,47749.5,17251.5,20.6701
c6a.16xlarge.skylake-O1.0.0,true,25,1,AMD,6.1.134-152.225.amzn2023.x86_64,6,1,134,amzn,2023,2023,skylake,32.0,2.0,O1,481679333.0072451,178471.0,77668.5,23.0133
c6a.16xlarge.skylake-O1.1.0,true,25,1,AMD,6.1.134-152.225.amzn2023.x86_64,6,1,134,amzn,2023,2023,skylake,32.0,2.0,O1,481679333.0072451,178471.0,77668.5,23.3125
c6a.16xlarge.skylake-O1.2.0,true,25,1,AMD,6.1.134-152.225.amzn2023.x86_64,6,1,134,amzn,2023,2023,skylake,32.0,2.0,O1,481679333.0072451,178471.0,77668.5,23.1949
c6a.16xlarge.ivybridge-Os.0.0,true,25,1,AMD,6.1.134-152.225.amzn2023.x86_64,6,1,134,amzn,2023,2023,ivybridge,32.0,2.0,Os,137967212.6041324,694337.3528496504,390356.85,23.7988
c6a.16xlarge.ivybridge-Os.1.0,true,25,1,AMD,6.1.134-152.225.amzn2023.x86_64,6,1,134,amzn,2023,2023,ivybridge,32.0,2.0,Os,137967212.6041324,694337.3528496504,390356.85,23.3529
c6a.16xlarge.ivybridge-Os.2.0,true,25,1,AMD,6.1.134-152.225.amzn2023.x86_64,6,1,134,amzn,2023,2023,ivybridge,32.0,2.0,Os,137967212.6041324,694337.3528496504,390356.85,23.3991
c6a.16xlarge.haswell-Ofast.0.0,true,25,1,AMD,6.1.134-152.225.amzn2023.x86_64,6,1,134,amzn,2023,2023,haswell,32.0,2.0,Ofast,364383957.47294056,147134.5,118386.0,20.802
c6a.16xlarge.haswell-Ofast.1.0,true,25,1,AMD,6.1.134-152.225.amzn2023.x86_64,6,1,134,amzn,2023,2023,haswell,32.0,2.0,Ofast,364383957.47294056,147134.5,118386.0,19.8453
c6a.16xlarge.haswell-Ofast.2.0,true,25,1,AMD,6.1.134-152.225.amzn2023.x86_64,6,1,134,amzn,2023,2023,haswell,32.0,2.0,Ofast,364383957.47294056,147134.5,118386.0,23.8904
c6a.16xlarge.znver2-O3.0.0,true,25,1,AMD,6.1.134-152.225.amzn2023.x86_64,6,1,134,amzn,2023,2023,znver2,32.0,2.0,O3,271976118.740182,31031.625,11257.125,24.1656
c6a.16xlarge.znver2-O3.1.0,true,25,1,AMD,6.1.134-152.225.amzn2023.x86_64,6,1,134,amzn,2023,2023,znver2,32.0,2.0,O3,271976118.740182,31031.625,11257.125,24.7552
c6a.16xlarge.znver2-O3.2.0,true,25,1,AMD,6.1.134-152.225.amzn2023.x86_64,6,1,134,amzn,2023,2023,znver2,32.0,2.0,O3,271976118.740182,31031.625,11257.125,24.865
c6a.16xlarge.x86-64-v3-Os.0.0,true,25,1,AMD,6.1.134-152.225.amzn2023.x86_64,6,1,134,amzn,2023,2023,x86-64-v3,32.0,2.0,Os,171581679.07267895,232489.375,179216.875,23.2998
c6a.16xlarge.x86-64-v3-Os.1.0,true,25,1,AMD,6.1.134-152.225.amzn2023.x86_64,6,1,134,amzn,2023,2023,x86-64-v3,32.0,2.0,Os,171581679.07267895,232489.375,179216.875,23.4113
c6a.16xlarge.x86-64-v3-Os.2.0,true,25,1,AMD,6.1.134-152.225.amzn2023.x86_64,6,1,134,amzn,2023,2023,x86-64-v3,32.0,2.0,Os,171581679.07267895,232489.375,179216.875,23.6692
c6a.16xlarge.znver3-O1.0.0,true,25,1,AMD,6.1.134-152.225.amzn2023.x86_64,6,1,134,amzn,2023,2023,znver3,32.0,2.0,O1,304544765.73127615,448111.1111111112,200380.17857142855,22.6977
c6a.16xlarge.znver3-O1.1.0,true,25,1,AMD,6.1.134-152.225.amzn2023.x86_64,6,1,134,amzn,2023,2023,znver3,32.0,2.0,O1,304544765.73127615,448111.1111111112,200380.17857142855,23.2276
c6a.16xlarge.znver3-O1.2.0,true,25,1,AMD,6.1.134-152.225.amzn2023.x86_64,6,1,134,amzn,2023,2023,znver3,32.0,2.0,O1,304544765.73127615,448111.1111111112,200380.17857142855,23.351
c6a.16xlarge.haswell-O2.0.0,true,25,1,AMD,6.1.134-152.225.amzn2023.x86_64,6,1,134,amzn,2023,2023,haswell,32.0,2.0,O2,47450211.02901276,307843.125,138346.875,18.6912
c6a.16xlarge.haswell-O2.1.0,true,25,1,AMD,6.1.134-152.225.amzn2023.x86_64,6,1,134,amzn,2023,2023,haswell,32.0,2.0,O2,47450211.02901276,307843.125,138346.875,23.727
c6a.16xlarge.haswell-O2.2.0,true,25,1,AMD,6.1.134-152.225.amzn2023.x86_64,6,1,134,amzn,2023,2023,haswell,32.0,2.0,O2,47450211.02901276,307843.125,138346.875,23.6269
c6a.16xlarge.haswell-Os.0.0,true,25,1,AMD,6.1.134-152.225.amzn2023.x86_64,6,1,134,amzn,2023,2023,haswell,32.0,2.0,Os,219731793.0236668,1411247.5102040814,398082.55836734694,22.9498
c6a.16xlarge.haswell-Os.1.0,true,25,1,AMD,6.1.134-152.225.amzn2023.x86_64,6,1,134,amzn,2023,2023,haswell,32.0,2.0,Os,219731793.0236668,1411247.5102040814,398082.55836734694,23.6026
c6a.16xlarge.haswell-Os.2.0,true,25,1,AMD,6.1.134-152.225.amzn2023.x86_64,6,1,134,amzn,2023,2023,haswell,32.0,2.0,Os,219731793.0236668,1411247.5102040814,398082.55836734694,23.9204
c6a.16xlarge.x86-64-v3-O3.0.0,true,25,1,AMD,6.1.134-152.225.amzn2023.x86_64,6,1,134,amzn,2023,2023,x86-64-v3,32.0,2.0,O3,342850627.69972557,47813.0,1900.0,18.389
c6a.16xlarge.x86-64-v3-O3.1.0,true,25,1,AMD,6.1.134-152.225.amzn2023.x86_64,6,1,134,amzn,2023,2023,x86-64-v3,32.0,2.0,O3,342850627.69972557,47813.0,1900.0,23.6361
c6a.16xlarge.x86-64-v3-O3.2.0,true,25,1,AMD,6.1.134-152.225.amzn2023.x86_64,6,1,134,amzn,2023,2023,x86-64-v3,32.0,2.0,O3,342850627.69972557,47813.0,1900.0,23.6856
c6a.16xlarge.znver1-Os.0.0,true,25,1,AMD,6.1.134-152.225.amzn2023.x86_64,6,1,134,amzn,2023,2023,znver1,32.0,2.0,Os,315893958.9149827,667206.1564484127,269036.625,22.8914
c6a.16xlarge.znver1-Os.1.0,true,25,1,AMD,6.1.134-152.225.amzn2023.x86_64,6,1,134,amzn,2023,2023,znver1,32.0,2.0,Os,315893958.9149827,667206.1564484127,269036.625,23.4754
c6a.16xlarge.znver1-Os.2.0,true,25,1,AMD,6.1.134-152.225.amzn2023.x86_64,6,1,134,amzn,2023,2023,znver1,32.0,2.0,Os,315893958.9149827,667206.1564484127,269036.625,22.9895
c6a.16xlarge.sandybridge-O1.0.0,true,25,1,AMD,6.1.134-152.225.amzn2023.x86_64,6,1,134,amzn,2023,2023,sandybridge,32.0,2.0,O1,198511106.4385737,72235.0,11681.0,17.5725
c6a.16xlarge.sandybridge-O1.1.0,true,25,1,AMD,6.1.134-152.225.amzn2023.x86_64,6,1,134,amzn,2023,2023,sandybridge,32.0,2.0,O1,198511106.4385737,72235.0,11681.0,23.201
c6a.16xlarge.sandybridge-O1.2.0,true,25,1,AMD,6.1.134-152.225.amzn2023.x86_64,6,1,134,amzn,2023,2023,sandybridge,32.0,2.0,O1,198511106.4385737,72235.0,11681.0,23.0632
c6a.16xlarge.x86-64-v2-O0.0.0,true,25,1,AMD,6.1.134-152.225.amzn2023.x86_64,6,1,134,amzn,2023,2023,x86-64-v2,32.0,2.0,O0,1884268833.1751604,439127.43830425665,224693.88036615835,18.2574
c6a.16xlarge.x86-64-v2-O0.1.0,true,25,1,AMD,6.1.134-152.225.amzn2023.x86_64,6,1,134,amzn,2023,2023,x86-64-v2,32.0,2.0,O0,1884268833.1751604,439127.43830425665,224693.88036615835,20.7081
c6a.16xlarge.x86-64-v2-O0.2.0,true,25,1,AMD,6.1.134-152.225.amzn2023.x86_64,6,1,134,amzn,2023,2023,x86-64-v2,32.0,2.0,O0,1884268833.1751604,439127.43830425665,224693.88036615835,20.7015
c6a.16xlarge.skylake-Og.0.0,true,25,1,AMD,6.1.134-152.225.amzn2023.x86_64,6,1,134,amzn,2023,2023,skylake,32.0,2.0,Og,278962628.2398081,190848.01134259257,67478.8125,21.0407
c6a.16xlarge.skylake-Og.1.0,true,25,1,AMD,6.1.134-152.225.amzn2023.x86_64,6,1,134,amzn,2023,2023,skylake,32.0,2.0,Og,278962628.2398081,190848.01134259257,67478.8125,23.4464
c6a.16xlarge.skylake-Og.2.0,true,25,1,AMD,6.1.134-152.225.amzn2023.x86_64,6,1,134,amzn,2023,2023,skylake,32.0,2.0,Og,278962628.2398081,190848.01134259257,67478.8125,23.8034
c6a.16xlarge.ivybridge-O3.0.0,true,25,1,AMD,6.1.134-152.225.amzn2023.x86_64,6,1,134,amzn,2023,2023,ivybridge,32.0,2.0,O3,308635882.5484407,1441076.1682122701,652054.9457898908,18.3322
c6a.16xlarge.ivybridge-O3.1.0,true,25,1,AMD,6.1.134-152.225.amzn2023.x86_64,6,1,134,amzn,2023,2023,ivybridge,32.0,2.0,O3,308635882.5484407,1441076.1682122701,652054.9457898908,23.6137
c6a.16xlarge.ivybridge-O3.2.0,true,25,1,AMD,6.1.134-152.225.amzn2023.x86_64,6,1,134,amzn,2023,2023,ivybridge,32.0,2.0,O3,308635882.5484407,1441076.1682122701,652054.9457898908,23.4799
c6a.16xlarge.broadwell-Ofast.0.0,true,25,1,AMD,6.1.134-152.225.amzn2023.x86_64,6,1,134,amzn,2023,2023,broadwell,32.0,2.0,Ofast,484959534.21855766,35102.0,429576.0,18.5521
c6a.16xlarge.broadwell-Ofast.1.0,true,25,1,AMD,6.1.134-152.225.amzn2023.x86_64,6,1,134,amzn,2023,2023,broadwell,32.0,2.0,Ofast,484959534.21855766,35102.0,429576.0,24.6024
c6a.16xlarge.broadwell-Ofast.2.0,true,25,1,AMD,6.1.134-152.225.amzn2023.x86_64,6,1,134,amzn,2023,2023,broadwell,32.0,2.0,Ofast,484959534.21855766,35102.0,429576.0,24.6272
c6a.16xlarge.znver4-O2.0.0,true,25,1,AMD,6.1.134-152.225.amzn2023.x86_64,6,1,134,amzn,2023,2023,znver4,32.0,2.0,O2,485861638.13135576,338597.3222222223,128581.13194444447,23.9488
c6a.16xlarge.znver4-O2.1.0,true,25,1,AMD,6.1.134-152.225.amzn2023.x86_64,6,1,134,amzn,2023,2023,znver4,32.0,2.0,O2,485861638.13135576,338597.3222222223,128581.13194444447,24.6445
c6a.16xlarge.znver4-O2.2.0,true,25,1,AMD,6.1.134-152.225.amzn2023.x86_64,6,1,134,amzn,2023,2023,znver4,32.0,2.0,O2,485861638.13135576,338597.3222222223,128581.13194444447,23.4952
c6a.16xlarge.znver3-Os.0.0,true,25,1,AMD,6.1.134-152.225.amzn2023.x86_64,6,1,134,amzn,2023,2023,znver3,32.0,2.0,Os,133322770.05526292,584569.9849950396,225585.18882106413,23.001
c6a.16xlarge.znver3-Os.1.0,true,25,1,AMD,6.1.134-152.225.amzn2023.x86_64,6,1,134,amzn,2023,2023,znver3,32.0,2.0,Os,133322770.05526292,584569.9849950396,225585.18882106413,23.1808
c6a.16xlarge.znver3-Os.2.0,true,25,1,AMD,6.1.134-152.225.amzn2023.x86_64,6,1,134,amzn,2023,2023,znver3,32.0,2.0,Os,133322770.05526292,584569.9849950396,225585.18882106413,23.6183
c6a.16xlarge.znver1-O1.0.0,true,25,1,AMD,6.1.134-152.225.amzn2023.x86_64,6,1,134,amzn,2023,2023,znver1,32.0,2.0,O1,211334092.291174,474698.0,140217.0,23.0855
c6a.16xlarge.znver1-O1.1.0,true,25,1,AMD,6.1.134-152.225.amzn2023.x86_64,6,1,134,amzn,2023,2023,znver1,32.0,2.0,O1,211334092.291174,474698.0,140217.0,23.3508
c6a.16xlarge.znver1-O1.2.0,true,25,1,AMD,6.1.134-152.225.amzn2023.x86_64,6,1,134,amzn,2023,2023,znver1,32.0,2.0,O1,211334092.291174,474698.0,140217.0,23.4884
c6a.16xlarge.sandybridge-Os.0.0,true,25,1,AMD,6.1.134-152.225.amzn2023.x86_64,6,1,134,amzn,2023,2023,sandybridge,32.0,2.0,Os,162453240.00608456,658617.8009637188,323428.2369378307,22.7378
c6a.16xlarge.sandybridge-Os.1.0,true,25,1,AMD,6.1.134-152.225.amzn2023.x86_64,6,1,134,amzn,2023,2023,sandybridge,32.0,2.0,Os,162453240.00608456,658617.8009637188,323428.2369378307,23.2659
c6a.16xlarge.sandybridge-Os.2.0,true,25,1,AMD,6.1.134-152.225.amzn2023.x86_64,6,1,134,amzn,2023,2023,sandybridge,32.0,2.0,Os,162453240.00608456,658617.8009637188,323428.2369378307,23.5399
c6a.16xlarge.btver2-Os.0.0,true,25,1,AMD,6.1.134-152.225.amzn2023.x86_64,6,1,134,amzn,2023,2023,btver2,32.0,2.0,Os,189374270.84533247,874751.0,9191.0,21.2077
c6a.16xlarge.btver2-Os.1.0,true,25,1,AMD,6.1.134-152.225.amzn2023.x86_64,6,1,134,amzn,2023,2023,btver2,32.0,2.0,Os,189374270.84533247,874751.0,9191.0,23.7082
c6a.16xlarge.btver2-Os.2.0,true,25,1,AMD,6.1.134-152.225.amzn2023.x86_64,6,1,134,amzn,2023,2023,btver2,32.0,2.0,Os,189374270.84533247,874751.0,9191.0,23.7255
c6a.16xlarge.znver2-Os.0.0,true,25,1,AMD,6.1.134-152.225.amzn2023.x86_64,6,1,134,amzn,2023,2023,znver2,32.0,2.0,Os,318957116.1789251,48816.8,9588.6,18.6549
c6a.16xlarge.znver2-Os.1.0,true,25,1,AMD,6.1.134-152.225.amzn2023.x86_64,6,1,134,amzn,2023,2023,znver2,32.0,2.0,Os,318957116.1789251,48816.8,9588.6,23.5825
c6a.16xlarge.znver2-Os.2.0,true,25,1,AMD,6.1.134-152.225.amzn2023.x86_64,6,1,134,amzn,2023,2023,znver2,32.0,2.0,Os,318957116.1789251,48816.8,9588.6,23.4879
c6a.16xlarge.znver3-Ofast.0.0,true,25,1,AMD,6.1.134-152.225.amzn2023.x86_64,6,1,134,amzn,2023,2023,znver3,32.0,2.0,Ofast,512591275.6125053,315232.5,125555.625,23.993
c6a.16xlarge.znver3-Ofast.1.0,true,25,1,AMD,6.1.134-152.225.amzn2023.x86_64,6,1,134,amzn,2023,2023,znver3,32.0,2.0,Ofast,512591275.6125053,315232.5,125555.625,24.6615
c6a.16xlarge.znver3-Ofast.2.0,true,25,1,AMD,6.1.134-152.225.amzn2023.x86_64,6,1,134,amzn,2023,2023,znver3,32.0,2.0,Ofast,512591275.6125053,315232.5,125555.625,24.4324
c6a.16xlarge.broadwell-Os.0.0,true,25,1,AMD,6.1.134-152.225.amzn2023.x86_64,6,1,134,amzn,2023,2023,broadwell,32.0,2.0,Os,110158923.25175084,136175.75,665232.5,18.4665
c6a.16xlarge.broadwell-Os.1.0,true,25,1,AMD,6.1.134-152.225.amzn2023.x86_64,6,1,134,amzn,2023,2023,broadwell,32.0,2.0,Os,110158923.25175084,136175.75,665232.5,24.1368
c6a.16xlarge.broadwell-Os.2.0,true,25,1,AMD,6.1.134-152.225.amzn2023.x86_64,6,1,134,amzn,2023,2023,broadwell,32.0,2.0,Os,110158923.25175084,136175.75,665232.5,23.7705
c6a.16xlarge.znver3-O3.0.0,true,25,1,AMD,6.1.134-152.225.amzn2023.x86_64,6,1,134,amzn,2023,2023,znver3,32.0,2.0,O3,516571597.90036005,373178.5714285714,136534.2857142857,22.5983
c6a.16xlarge.znver3-O3.1.0,true,25,1,AMD,6.1.134-152.225.amzn2023.x86_64,6,1,134,amzn,2023,2023,znver3,32.0,2.0,O3,516571597.90036005,373178.5714285714,136534.2857142857,23.476
c6a.16xlarge.znver3-O3.2.0,true,25,1,AMD,6.1.134-152.225.amzn2023.x86_64,6,1,134,amzn,2023,2023,znver3,32.0,2.0,O3,516571597.90036005,373178.5714285714,136534.2857142857,23.501
c6a.16xlarge.haswell-O3.0.0,true,25,1,AMD,6.1.134-152.225.amzn2023.x86_64,6,1,134,amzn,2023,2023,haswell,32.0,2.0,O3,259848494.76694316,1356174.544642857,515786.22321428574,24.1834
c6a.16xlarge.haswell-O3.1.0,true,25,1,AMD,6.1.134-152.225.amzn2023.x86_64,6,1,134,amzn,2023,2023,haswell,32.0,2.0,O3,259848494.76694316,1356174.544642857,515786.22321428574,24.8424
c6a.16xlarge.haswell-O3.2.0,true,25,1,AMD,6.1.134-152.225.amzn2023.x86_64,6,1,134,amzn,2023,2023,haswell,32.0,2.0,O3,259848494.76694316,1356174.544642857,515786.22321428574,24.0749
c6a.16xlarge.znver3-O0.0.0,true,25,1,AMD,6.1.134-152.225.amzn2023.x86_64,6,1,134,amzn,2023,2023,znver3,32.0,2.0,O0,1890874850.6263897,591960.0409183673,267467.9408001223,19.6646
c6a.16xlarge.znver3-O0.1.0,true,25,1,AMD,6.1.134-152.225.amzn2023.x86_64,6,1,134,amzn,2023,2023,znver3,32.0,2.0,O0,1890874850.6263897,591960.0409183673,267467.9408001223,20.6634
c6a.16xlarge.znver3-O0.2.0,true,25,1,AMD,6.1.134-152.225.amzn2023.x86_64,6,1,134,amzn,2023,2023,znver3,32.0,2.0,O0,1890874850.6263897,591960.0409183673,267467.9408001223,20.6193
c6a.16xlarge.sapphirerapids-O0.0.0,true,25,1,AMD,6.1.134-152.225.amzn2023.x86_64,6,1,134,amzn,2023,2023,sapphirerapids,32.0,2.0,O0,1877671030.6994956,641222.5020007864,287370.94064165244,14.5347
c6a.16xlarge.sapphirerapids-O0.1.0,true,25,1,AMD,6.1.134-152.225.amzn2023.x86_64,6,1,134,amzn,2023,2023,sapphirerapids,32.0,2.0,O0,1877671030.6994956,641222.5020007864,287370.94064165244,20.68
c6a.16xlarge.sapphirerapids-O0.2.0,true,25,1,AMD,6.1.134-152.225.amzn2023.x86_64,6,1,134,amzn,2023,2023,sapphirerapids,32.0,2.0,O0,1877671030.6994956,641222.5020007864,287370.94064165244,20.2023
c6a.16xlarge.haswell-Og.0.0,true,25,1,AMD,6.1.134-152.225.amzn2023.x86_64,6,1,134,amzn,2023,2023,haswell,32.0,2.0,Og,533442186.6171856,291543.0,132368.25,23.7794
c6a.16xlarge.haswell-Og.1.0,true,25,1,AMD,6.1.134-152.225.amzn2023.x86_64,6,1,134,amzn,2023,2023,haswell,32.0,2.0,Og,533442186.6171856,291543.0,132368.25,24.8003
c6a.16xlarge.haswell-Og.2.0,true,25,1,AMD,6.1.134-152.225.amzn2023.x86_64,6,1,134,amzn,2023,2023,haswell,32.0,2.0,Og,533442186.6171856,291543.0,132368.25,24.5231
c6a.16xlarge.znver1-Og.0.0,true,25,1,AMD,6.1.134-152.225.amzn2023.x86_64,6,1,134,amzn,2023,2023,znver1,32.0,2.0,Og,196413013.04405224,71760.08333333334,20734.666666666668,19.6128
c6a.16xlarge.znver1-Og.1.0,true,25,1,AMD,6.1.134-152.225.amzn2023.x86_64,6,1,134,amzn,2023,2023,znver1,32.0,2.0,Og,196413013.04405224,71760.08333333334,20734.666666666668,23.7104
c6a.16xlarge.znver1-Og.2.0,true,25,1,AMD,6.1.134-152.225.amzn2023.x86_64,6,1,134,amzn,2023,2023,znver1,32.0,2.0,Og,196413013.04405224,71760.08333333334,20734.666666666668,23.6944
c6a.16xlarge.ivybridge-Ofast.0.0,true,25,1,AMD,6.1.134-152.225.amzn2023.x86_64,6,1,134,amzn,2023,2023,ivybridge,32.0,2.0,Ofast,84809649.13083866,195075.75,92431.5,23.3549
c6a.16xlarge.ivybridge-Ofast.1.0,true,25,1,AMD,6.1.134-152.225.amzn2023.x86_64,6,1,134,amzn,2023,2023,ivybridge,32.0,2.0,Ofast,84809649.13083866,195075.75,92431.5,23.6992
c6a.16xlarge.ivybridge-Ofast.2.0,true,25,1,AMD,6.1.134-152.225.amzn2023.x86_64,6,1,134,amzn,2023,2023,ivybridge,32.0,2.0,Ofast,84809649.13083866,195075.75,92431.5,23.5013
c6a.16xlarge.znver1-Ofast.0.0,true,25,1,AMD,6.1.134-152.225.amzn2023.x86_64,6,1,134,amzn,2023,2023,znver1,32.0,2.0,Ofast,371977579.69573885,1103383.8862492994,303315.23152129,15.7935
c6a.16xlarge.znver1-Ofast.1.0,true,25,1,AMD,6.1.134-152.225.amzn2023.x86_64,6,1,134,amzn,2023,2023,znver1,32.0,2.0,Ofast,371977579.69573885,1103383.8862492994,303315.23152129,23.5091
c6a.16xlarge.znver1-Ofast.2.0,true,25,1,AMD,6.1.134-152.225.amzn2023.x86_64,6,1,134,amzn,2023,2023,znver1,32.0,2.0,Ofast,371977579.69573885,1103383.8862492994,303315.23152129,23.6403
c6a.16xlarge.btver2-Ofast.0.0,true,25,1,AMD,6.1.134-152.225.amzn2023.x86_64,6,1,134,amzn,2023,2023,btver2,32.0,2.0,Ofast,300881134.07253945,122050.875,52683.375,23.2961
c6a.16xlarge.btver2-Ofast.1.0,true,25,1,AMD,6.1.134-152.225.amzn2023.x86_64,6,1,134,amzn,2023,2023,btver2,32.0,2.0,Ofast,300881134.07253945,122050.875,52683.375,23.7586
c6a.16xlarge.btver2-Ofast.2.0,true,25,1,AMD,6.1.134-152.225.amzn2023.x86_64,6,1,134,amzn,2023,2023,btver2,32.0,2.0,Ofast,300881134.07253945,122050.875,52683.375,23.7773
c6a.16xlarge.znver4-Ofast.0.0,true,25,1,AMD,6.1.134-152.225.amzn2023.x86_64,6,1,134,amzn,2023,2023,znver4,32.0,2.0,Ofast,329363596.41944325,542493.3792857144,223318.5,16.9224
c6a.16xlarge.znver4-Ofast.1.0,true,25,1,AMD,6.1.134-152.225.amzn2023.x86_64,6,1,134,amzn,2023,2023,znver4,32.0,2.0,Ofast,329363596.41944325,542493.3792857144,223318.5,23.1386
c6a.16xlarge.znver4-Ofast.2.0,true,25,1,AMD,6.1.134-152.225.amzn2023.x86_64,6,1,134,amzn,2023,2023,znver4,32.0,2.0,Ofast,329363596.41944325,542493.3792857144,223318.5,23.4685
c6a.16xlarge.skylake-Ofast.0.0,true,25,1,AMD,6.1.134-152.225.amzn2023.x86_64,6,1,134,amzn,2023,2023,skylake,32.0,2.0,Ofast,302930705.90614146,1002353.9348425209,514406.28757838527,22.8636
c6a.16xlarge.skylake-Ofast.1.0,true,25,1,AMD,6.1.134-152.225.amzn2023.x86_64,6,1,134,amzn,2023,2023,skylake,32.0,2.0,Ofast,302930705.90614146,1002353.9348425209,514406.28757838527,23.9633
c6a.16xlarge.skylake-Ofast.2.0,true,25,1,AMD,6.1.134-152.225.amzn2023.x86_64,6,1,134,amzn,2023,2023,skylake,32.0,2.0,Ofast,302930705.90614146,1002353.9348425209,514406.28757838527,23.6009
c6a.16xlarge.x86-64-v3-O2.0.0,true,25,1,AMD,6.1.134-152.225.amzn2023.x86_64,6,1,134,amzn,2023,2023,x86-64-v3,32.0,2.0,O2,276070971.31629264,113410.05000000002,85874.9,21.1717
c6a.16xlarge.x86-64-v3-O2.1.0,true,25,1,AMD,6.1.134-152.225.amzn2023.x86_64,6,1,134,amzn,2023,2023,x86-64-v3,32.0,2.0,O2,276070971.31629264,113410.05000000002,85874.9,19.7725
c6a.16xlarge.x86-64-v3-O2.2.0,true,25,1,AMD,6.1.134-152.225.amzn2023.x86_64,6,1,134,amzn,2023,2023,x86-64-v3,32.0,2.0,O2,276070971.31629264,113410.05000000002,85874.9,23.8546
c6a.16xlarge.x86-64-v3-Ofast.0.0,true,25,1,AMD,6.1.134-152.225.amzn2023.x86_64,6,1,134,amzn,2023,2023,x86-64-v3,32.0,2.0,Ofast,268313391.181144,521290.8650774379,427366.0349500137,19.7911
c6a.16xlarge.x86-64-v3-Ofast.1.0,true,25,1,AMD,6.1.134-152.225.amzn2023.x86_64,6,1,134,amzn,2023,2023,x86-64-v3,32.0,2.0,Ofast,268313391.181144,521290.8650774379,427366.0349500137,23.5444
c6a.16xlarge.x86-64-v3-Ofast.2.0,true,25,1,AMD,6.1.134-152.225.amzn2023.x86_64,6,1,134,amzn,2023,2023,x86-64-v3,32.0,2.0,Ofast,268313391.181144,521290.8650774379,427366.0349500137,23.8611
c6a.16xlarge.znver4-O0.0.0,true,25,1,AMD,6.1.134-152.225.amzn2023.x86_64,6,1,134,amzn,2023,2023,znver4,32.0,2.0,O0,956193374.3194542,199989.33333333334,48299.555555555555,19.3042
c6a.16xlarge.znver4-O0.1.0,true,25,1,AMD,6.1.134-152.225.amzn2023.x86_64,6,1,134,amzn,2023,2023,znver4,32.0,2.0,O0,956193374.3194542,199989.33333333334,48299.555555555555,20.594
c6a.16xlarge.znver4-O0.2.0,true,25,1,AMD,6.1.134-152.225.amzn2023.x86_64,6,1,134,amzn,2023,2023,znver4,32.0,2.0,O0,956193374.3194542,199989.33333333334,48299.555555555555,20.6226
c6a.16xlarge.znver4-Os.0.0,true,25,1,AMD,6.1.134-152.225.amzn2023.x86_64,6,1,134,amzn,2023,2023,znver4,32.0,2.0,Os,151007383.2437582,136648.75,56721.0,22.4958
c6a.16xlarge.znver4-Os.1.0,true,25,1,AMD,6.1.134-152.225.amzn2023.x86_64,6,1,134,amzn,2023,2023,znver4,32.0,2.0,Os,151007383.2437582,136648.75,56721.0,23.738
c6a.16xlarge.znver4-Os.2.0,true,25,1,AMD,6.1.134-152.225.amzn2023.x86_64,6,1,134,amzn,2023,2023,znver4,32.0,2.0,Os,151007383.2437582,136648.75,56721.0,23.7426
c6a.16xlarge.skylake-O2.0.0,true,25,1,AMD,6.1.134-152.225.amzn2023.x86_64,6,1,134,amzn,2023,2023,skylake,32.0,2.0,O2,232881797.37955552,51783.0,30390.0,25.1247
c6a.16xlarge.skylake-O2.1.0,true,25,1,AMD,6.1.134-152.225.amzn2023.x86_64,6,1,134,amzn,2023,2023,skylake,32.0,2.0,O2,232881797.37955552,51783.0,30390.0,18.763
c6a.16xlarge.skylake-O2.2.0,true,25,1,AMD,6.1.134-152.225.amzn2023.x86_64,6,1,134,amzn,2023,2023,skylake,32.0,2.0,O2,232881797.37955552,51783.0,30390.0,23.4387
c6a.16xlarge.native-O0.0.0,true,25,1,AMD,6.1.134-152.225.amzn2023.x86_64,6,1,134,amzn,2023,2023,native,32.0,2.0,O0,1961052367.8489845,138526.13888888888,64947.5,16.3372
c6a.16xlarge.native-O0.1.0,true,25,1,AMD,6.1.134-152.225.amzn2023.x86_64,6,1,134,amzn,2023,2023,native,32.0,2.0,O0,1961052367.8489845,138526.13888888888,64947.5,20.583
c6a.16xlarge.native-O0.2.0,true,25,1,AMD,6.1.134-152.225.amzn2023.x86_64,6,1,134,amzn,2023,2023,native,32.0,2.0,O0,1961052367.8489845,138526.13888888888,64947.5,20.1403
c6a.16xlarge.sandybridge-O3.0.0,true,25,1,AMD,6.1.134-152.225.amzn2023.x86_64,6,1,134,amzn,2023,2023,sandybridge,32.0,2.0,O3,321211324.57949597,152179.60141093473,83846.75022045856,23.7653
c6a.16xlarge.sandybridge-O3.1.0,true,25,1,AMD,6.1.134-152.225.amzn2023.x86_64,6,1,134,amzn,2023,2023,sandybridge,32.0,2.0,O3,321211324.57949597,152179.60141093473,83846.75022045856,23.1785
c6a.16xlarge.sandybridge-O3.2.0,true,25,1,AMD,6.1.134-152.225.amzn2023.x86_64,6,1,134,amzn,2023,2023,sandybridge,32.0,2.0,O3,321211324.57949597,152179.60141093473,83846.75022045856,23.339
c6a.16xlarge.skylake-Os.0.0,true,25,1,AMD,6.1.134-152.225.amzn2023.x86_64,6,1,134,amzn,2023,2023,skylake,32.0,2.0,Os,227548839.36652592,969852.4820953772,464027.8518169643,23.1399
c6a.16xlarge.skylake-Os.1.0,true,25,1,AMD,6.1.134-152.225.amzn2023.x86_64,6,1,134,amzn,2023,2023,skylake,32.0,2.0,Os,227548839.36652592,969852.4820953772,464027.8518169643,23.4302
c6a.16xlarge.skylake-Os.2.0,true,25,1,AMD,6.1.134-152.225.amzn2023.x86_64,6,1,134,amzn,2023,2023,skylake,32.0,2.0,Os,227548839.36652592,969852.4820953772,464027.8518169643,23.7318
c6a.16xlarge.znver4-O3.0.0,true,25,1,AMD,6.1.134-152.225.amzn2023.x86_64,6,1,134,amzn,2023,2023,znver4,32.0,2.0,O3,357314545.73529226,330381.6321428571,206895.6375,22.9428
c6a.16xlarge.znver4-O3.1.0,true,25,1,AMD,6.1.134-152.225.amzn2023.x86_64,6,1,134,amzn,2023,2023,znver4,32.0,2.0,O3,357314545.73529226,330381.6321428571,206895.6375,21.6846
c6a.16xlarge.znver4-O3.2.0,true,25,1,AMD,6.1.134-152.225.amzn2023.x86_64,6,1,134,amzn,2023,2023,znver4,32.0,2.0,O3,357314545.73529226,330381.6321428571,206895.6375,23.5708
c6a.16xlarge.btver2-O3.0.0,true,25,1,AMD,6.1.134-152.225.amzn2023.x86_64,6,1,134,amzn,2023,2023,btver2,32.0,2.0,O3,251484280.3303793,290746.5,123427.20000000001,23.0917
c6a.16xlarge.btver2-O3.1.0,true,25,1,AMD,6.1.134-152.225.amzn2023.x86_64,6,1,134,amzn,2023,2023,btver2,32.0,2.0,O3,251484280.3303793,290746.5,123427.20000000001,23.746
c6a.16xlarge.btver2-O3.2.0,true,25,1,AMD,6.1.134-152.225.amzn2023.x86_64,6,1,134,amzn,2023,2023,btver2,32.0,2.0,O3,251484280.3303793,290746.5,123427.20000000001,23.6862
c6a.16xlarge.znver2-Ofast.0.0,true,25,1,AMD,6.1.134-152.225.amzn2023.x86_64,6,1,134,amzn,2023,2023,znver2,32.0,2.0,Ofast,337531174.6906083,269612.25,115707.75,22.9273
c6a.16xlarge.znver2-Ofast.1.0,true,25,1,AMD,6.1.134-152.225.amzn2023.x86_64,6,1,134,amzn,2023,2023,znver2,32.0,2.0,Ofast,337531174.6906083,269612.25,115707.75,23.3483
c6a.16xlarge.znver2-Ofast.2.0,true,25,1,AMD,6.1.134-152.225.amzn2023.x86_64,6,1,134,amzn,2023,2023,znver2,32.0,2.0,Ofast,337531174.6906083,269612.25,115707.75,23.3878
c6a.16xlarge.x86-64-v4-O0.0.0,true,25,1,AMD,6.1.134-152.225.amzn2023.x86_64,6,1,134,amzn,2023,2023,x86-64-v4,32.0,2.0,O0,1763748986.9400492,138534.16249999998,74689.71428571429,16.7066
c6a.16xlarge.x86-64-v4-O0.1.0,true,25,1,AMD,6.1.134-152.225.amzn2023.x86_64,6,1,134,amzn,2023,2023,x86-64-v4,32.0,2.0,O0,1763748986.9400492,138534.16249999998,74689.71428571429,21.5655
c6a.16xlarge.x86-64-v4-O0.2.0,true,25,1,AMD,6.1.134-152.225.amzn2023.x86_64,6,1,134,amzn,2023,2023,x86-64-v4,32.0,2.0,O0,1763748986.9400492,138534.16249999998,74689.71428571429,21.5083
c6a.16xlarge.x86-64-v3-O0.0.0,true,25,1,AMD,6.1.134-152.225.amzn2023.x86_64,6,1,134,amzn,2023,2023,x86-64-v3,32.0,2.0,O0,1854684873.649774,115319.375,55328.125,19.7961
c6a.16xlarge.x86-64-v3-O0.1.0,true,25,1,AMD,6.1.134-152.225.amzn2023.x86_64,6,1,134,amzn,2023,2023,x86-64-v3,32.0,2.0,O0,1854684873.649774,115319.375,55328.125,20.6722
c6a.16xlarge.x86-64-v3-O0.2.0,true,25,1,AMD,6.1.134-152.225.amzn2023.x86_64,6,1,134,amzn,2023,2023,x86-64-v3,32.0,2.0,O0,1854684873.649774,115319.375,55328.125,20.5864
c6a.16xlarge.x86-64-v2-Ofast.0.0,true,25,1,AMD,6.1.134-152.225.amzn2023.x86_64,6,1,134,amzn,2023,2023,x86-64-v2,32.0,2.0,Ofast,426305845.7677249,320020.0,139008.0,24.6541
c6a.16xlarge.x86-64-v2-Ofast.1.0,true,25,1,AMD,6.1.134-152.225.amzn2023.x86_64,6,1,134,amzn,2023,2023,x86-64-v2,32.0,2.0,Ofast,426305845.7677249,320020.0,139008.0,24.8282
c6a.16xlarge.x86-64-v2-Ofast.2.0,true,25,1,AMD,6.1.134-152.225.amzn2023.x86_64,6,1,134,amzn,2023,2023,x86-64-v2,32.0,2.0,Ofast,426305845.7677249,320020.0,139008.0,24.6464
c6a.16xlarge.znver2-O1.0.0,true,25,1,AMD,6.1.134-152.225.amzn2023.x86_64,6,1,134,amzn,2023,2023,znver2,32.0,2.0,O1,297946652.3721774,111626.6886574074,43375.6125,19.3367
c6a.16xlarge.znver2-O1.1.0,true,25,1,AMD,6.1.134-152.225.amzn2023.x86_64,6,1,134,amzn,2023,2023,znver2,32.0,2.0,O1,297946652.3721774,111626.6886574074,43375.6125,26.078
c6a.16xlarge.znver2-O1.2.0,true,25,1,AMD,6.1.134-152.225.amzn2023.x86_64,6,1,134,amzn,2023,2023,znver2,32.0,2.0,O1,297946652.3721774,111626.6886574074,43375.6125,24.6894
c6a.16xlarge.broadwell-Og.0.0,true,25,1,AMD,6.1.134-152.225.amzn2023.x86_64,6,1,134,amzn,2023,2023,broadwell,32.0,2.0,Og,489208609.1365528,29408.333333333332,14481.333333333334,23.2879
c6a.16xlarge.broadwell-Og.1.0,true,25,1,AMD,6.1.134-152.225.amzn2023.x86_64,6,1,134,amzn,2023,2023,broadwell,32.0,2.0,Og,489208609.1365528,29408.333333333332,14481.333333333334,23.4165
c6a.16xlarge.broadwell-Og.2.0,true,25,1,AMD,6.1.134-152.225.amzn2023.x86_64,6,1,134,amzn,2023,2023,broadwell,32.0,2.0,Og,489208609.1365528,29408.333333333332,14481.333333333334,22.5269
c6a.16xlarge.icelake-server-O0.0.0,true,25,1,AMD,6.1.134-152.225.amzn2023.x86_64,6,1,134,amzn,2023,2023,icelake-server,32.0,2.0,O0,1303924262.6893399,165431.25,83734.875,20.6169
c6a.16xlarge.icelake-server-O0.1.0,true,25,1,AMD,6.1.134-152.225.amzn2023.x86_64,6,1,134,amzn,2023,2023,icelake-server,32.0,2.0,O0,1303924262.6893399,165431.25,83734.875,20.9338
c6a.16xlarge.icelake-server-O0.2.0,true,25,1,AMD,6.1.134-152.225.amzn2023.x86_64,6,1,134,amzn,2023,2023,icelake-server,32.0,2.0,O0,1303924262.6893399,165431.25,83734.875,20.7345
c6a.16xlarge.x86-64-v3-O1.0.0,true,25,1,AMD,6.1.134-152.225.amzn2023.x86_64,6,1,134,amzn,2023,2023,x86-64-v3,32.0,2.0,O1,439084889.49635947,63257.75,41606.125,22.4709
c6a.16xlarge.x86-64-v3-O1.1.0,true,25,1,AMD,6.1.134-152.225.amzn2023.x86_64,6,1,134,amzn,2023,2023,x86-64-v3,32.0,2.0,O1,439084889.49635947,63257.75,41606.125,23.486
c6a.16xlarge.x86-64-v3-O1.2.0,true,25,1,AMD,6.1.134-152.225.amzn2023.x86_64,6,1,134,amzn,2023,2023,x86-64-v3,32.0,2.0,O1,439084889.49635947,63257.75,41606.125,23.743
c6a.16xlarge.skylake-O0.0.0,true,25,1,AMD,6.1.134-152.225.amzn2023.x86_64,6,1,134,amzn,2023,2023,skylake,32.0,2.0,O0,1879318766.775209,611207.5875335203,313911.2802661357,18.3177
c6a.16xlarge.skylake-O0.1.0,true,25,1,AMD,6.1.134-152.225.amzn2023.x86_64,6,1,134,amzn,2023,2023,skylake,32.0,2.0,O0,1879318766.775209,611207.5875335203,313911.2802661357,20.4186
c6a.16xlarge.skylake-O0.2.0,true,25,1,AMD,6.1.134-152.225.amzn2023.x86_64,6,1,134,amzn,2023,2023,skylake,32.0,2.0,O0,1879318766.775209,611207.5875335203,313911.2802661357,20.6633
c6a.16xlarge.bdver4-O1.0.0,true,25,1,AMD,6.1.134-152.225.amzn2023.x86_64,6,1,134,amzn,2023,2023,bdver4,32.0,2.0,O1,365141212.7234349,140151.14285714287,42884.0,22.8738
c6a.16xlarge.bdver4-O1.1.0,true,25,1,AMD,6.1.134-152.225.amzn2023.x86_64,6,1,134,amzn,2023,2023,bdver4,32.0,2.0,O1,365141212.7234349,140151.14285714287,42884.0,23.3057
c6a.16xlarge.bdver4-O1.2.0,true,25,1,AMD,6.1.134-152.225.amzn2023.x86_64,6,1,134,amzn,2023,2023,bdver4,32.0,2.0,O1,365141212.7234349,140151.14285714287,42884.0,23.3345
c6a.16xlarge.x86-64-v2-O3.0.0,true,25,1,AMD,6.1.134-152.225.amzn2023.x86_64,6,1,134,amzn,2023,2023,x86-64-v2,32.0,2.0,O3,251107997.98485115,1013441.1845661748,525629.6849987052,22.8872
c6a.16xlarge.x86-64-v2-O3.1.0,true,25,1,AMD,6.1.134-152.225.amzn2023.x86_64,6,1,134,amzn,2023,2023,x86-64-v2,32.0,2.0,O3,251107997.98485115,1013441.1845661748,525629.6849987052,23.3537
c6a.16xlarge.x86-64-v2-O3.2.0,true,25,1,AMD,6.1.134-152.225.amzn2023.x86_64,6,1,134,amzn,2023,2023,x86-64-v2,32.0,2.0,O3,251107997.98485115,1013441.1845661748,525629.6849987052,23.797
c6a.16xlarge.skylake-avx512-O0.0.0,true,25,1,AMD,6.1.134-152.225.amzn2023.x86_64,6,1,134,amzn,2023,2023,skylake-avx512,32.0,2.0,O0,1525194520.6610615,527806.5833333334,175162.40282214506,19.923
c6a.16xlarge.skylake-avx512-O0.1.0,true,25,1,AMD,6.1.134-152.225.amzn2023.x86_64,6,1,134,amzn,2023,2023,skylake-avx512,32.0,2.0,O0,1525194520.6610615,527806.5833333334,175162.40282214506,20.1368
c6a.16xlarge.skylake-avx512-O0.2.0,true,25,1,AMD,6.1.134-152.225.amzn2023.x86_64,6,1,134,amzn,2023,2023,skylake-avx512,32.0,2.0,O0,1525194520.6610615,527806.5833333334,175162.40282214506,20.7869
c6a.16xlarge.broadwell-O2.0.0,true,25,1,AMD,6.1.134-152.225.amzn2023.x86_64,6,1,134,amzn,2023,2023,broadwell,32.0,2.0,O2,146510253.75453106,118941.375,54967.875,23.1504
c6a.16xlarge.broadwell-O2.1.0,true,25,1,AMD,6.1.134-152.225.amzn2023.x86_64,6,1,134,amzn,2023,2023,broadwell,32.0,2.0,O2,146510253.75453106,118941.375,54967.875,23.8969
c6a.16xlarge.broadwell-O2.2.0,true,25,1,AMD,6.1.134-152.225.amzn2023.x86_64,6,1,134,amzn,2023,2023,broadwell,32.0,2.0,O2,146510253.75453106,118941.375,54967.875,23.9576
c6a.16xlarge.znver3-Og.0.0,true,25,1,AMD,6.1.134-152.225.amzn2023.x86_64,6,1,134,amzn,2023,2023,znver3,32.0,2.0,Og,369667053.8221154,171947.25,80761.125,22.6633
c6a.16xlarge.znver3-Og.1.0,true,25,1,AMD,6.1.134-152.225.amzn2023.x86_64,6,1,134,amzn,2023,2023,znver3,32.0,2.0,Og,369667053.8221154,171947.25,80761.125,23.5605
c6a.16xlarge.znver3-Og.2.0,true,25,1,AMD,6.1.134-152.225.amzn2023.x86_64,6,1,134,amzn,2023,2023,znver3,32.0,2.0,Og,369667053.8221154,171947.25,80761.125,23.5251
c6a.16xlarge.sandybridge-O0.0.0,true,25,1,AMD,6.1.134-152.225.amzn2023.x86_64,6,1,134,amzn,2023,2023,sandybridge,32.0,2.0,O0,994009572.9488122,99404.5,30566.5,19.6298
c6a.16xlarge.sandybridge-O0.1.0,true,25,1,AMD,6.1.134-152.225.amzn2023.x86_64,6,1,134,amzn,2023,2023,sandybridge,32.0,2.0,O0,994009572.9488122,99404.5,30566.5,20.298
c6a.16xlarge.sandybridge-O0.2.0,true,25,1,AMD,6.1.134-152.225.amzn2023.x86_64,6,1,134,amzn,2023,2023,sandybridge,32.0,2.0,O0,994009572.9488122,99404.5,30566.5,20.7795
c6a.16xlarge.skylake-O3.0.0,true,25,1,AMD,6.1.134-152.225.amzn2023.x86_64,6,1,134,amzn,2023,2023,skylake,32.0,2.0,O3,208005752.05774295,149073.45454545456,95306.0,16.1699
c6a.16xlarge.skylake-O3.1.0,true,25,1,AMD,6.1.134-152.225.amzn2023.x86_64,6,1,134,amzn,2023,2023,skylake,32.0,2.0,O3,208005752.05774295,149073.45454545456,95306.0,23.5756
c6a.16xlarge.skylake-O3.2.0,true,25,1,AMD,6.1.134-152.225.amzn2023.x86_64,6,1,134,amzn,2023,2023,skylake,32.0,2.0,O3,208005752.05774295,149073.45454545456,95306.0,23.8398
c6a.16xlarge.ivybridge-O2.0.0,true,25,1,AMD,6.1.134-152.225.amzn2023.x86_64,6,1,134,amzn,2023,2023,ivybridge,32.0,2.0,O2,360651843.26586264,1244929.319941789,479465.22014463926,22.6917
c6a.16xlarge.ivybridge-O2.1.0,true,25,1,AMD,6.1.134-152.225.amzn2023.x86_64,6,1,134,amzn,2023,2023,ivybridge,32.0,2.0,O2,360651843.26586264,1244929.319941789,479465.22014463926,23.1354
c6a.16xlarge.ivybridge-O2.2.0,true,25,1,AMD,6.1.134-152.225.amzn2023.x86_64,6,1,134,amzn,2023,2023,ivybridge,32.0,2.0,O2,360651843.26586264,1244929.319941789,479465.22014463926,23.4121
c6a.16xlarge.znver4-O1.0.0,true,25,1,AMD,6.1.134-152.225.amzn2023.x86_64,6,1,134,amzn,2023,2023,znver4,32.0,2.0,O1,431081176.3054229,91899.375,41383.5,18.4516
c6a.16xlarge.znver4-O1.1.0,true,25,1,AMD,6.1.134-152.225.amzn2023.x86_64,6,1,134,amzn,2023,2023,znver4,32.0,2.0,O1,431081176.3054229,91899.375,41383.5,23.3204
c6a.16xlarge.znver4-O1.2.0,true,25,1,AMD,6.1.134-152.225.amzn2023.x86_64,6,1,134,amzn,2023,2023,znver4,32.0,2.0,O1,431081176.3054229,91899.375,41383.5,23.4413
c6a.16xlarge.ivybridge-O0.0.0,true,25,1,AMD,6.1.134-152.225.amzn2023.x86_64,6,1,134,amzn,2023,2023,ivybridge,32.0,2.0,O0,1597204826.802465,156072.4787447054,91415.32440476192,20.5949
c6a.16xlarge.ivybridge-O0.1.0,true,25,1,AMD,6.1.134-152.225.amzn2023.x86_64,6,1,134,amzn,2023,2023,ivybridge,32.0,2.0,O0,1597204826.802465,156072.4787447054,91415.32440476192,20.6099
c6a.16xlarge.ivybridge-O0.2.0,true,25,1,AMD,6.1.134-152.225.amzn2023.x86_64,6,1,134,amzn,2023,2023,ivybridge,32.0,2.0,O0,1597204826.802465,156072.4787447054,91415.32440476192,20.6979
c6a.16xlarge.znver3-O2.0.0,true,25,1,AMD,6.1.134-152.225.amzn2023.x86_64,6,1,134,amzn,2023,2023,znver3,32.0,2.0,O2,763951249.9014676,151609.0,104095.5,18.6741
c6a.16xlarge.znver3-O2.1.0,true,25,1,AMD,6.1.134-152.225.amzn2023.x86_64,6,1,134,amzn,2023,2023,znver3,32.0,2.0,O2,763951249.9014676,151609.0,104095.5,23.4952
c6a.16xlarge.znver3-O2.2.0,true,25,1,AMD,6.1.134-152.225.amzn2023.x86_64,6,1,134,amzn,2023,2023,znver3,32.0,2.0,O2,763951249.9014676,151609.0,104095.5,23.4185
c6a.16xlarge.znver1-O3.0.0,true,25,1,AMD,6.1.134-152.225.amzn2023.x86_64,6,1,134,amzn,2023,2023,znver1,32.0,2.0,O3,364777657.9722467,77266.125,51156.375,21.2843
c6a.16xlarge.znver1-O3.1.0,true,25,1,AMD,6.1.134-152.225.amzn2023.x86_64,6,1,134,amzn,2023,2023,znver1,32.0,2.0,O3,364777657.9722467,77266.125,51156.375,23.4358
c6a.16xlarge.znver1-O3.2.0,true,25,1,AMD,6.1.134-152.225.amzn2023.x86_64,6,1,134,amzn,2023,2023,znver1,32.0,2.0,O3,364777657.9722467,77266.125,51156.375,23.449
c6a.16xlarge.znver2-O0.0.0,true,25,1,AMD,6.1.134-152.225.amzn2023.x86_64,6,1,134,amzn,2023,2023,znver2,32.0,2.0,O0,1297813822.45703,406426.0,36522.0,19.4504
c6a.16xlarge.znver2-O0.1.0,true,25,1,AMD,6.1.134-152.225.amzn2023.x86_64,6,1,134,amzn,2023,2023,znver2,32.0,2.0,O0,1297813822.45703,406426.0,36522.0,21.0135
c6a.16xlarge.znver2-O0.2.0,true,25,1,AMD,6.1.134-152.225.amzn2023.x86_64,6,1,134,amzn,2023,2023,znver2,32.0,2.0,O0,1297813822.45703,406426.0,36522.0,20.7125
c6a.16xlarge.x86-64-v2-Os.0.0,true,25,1,AMD,6.1.134-152.225.amzn2023.x86_64,6,1,134,amzn,2023,2023,x86-64-v2,32.0,2.0,Os,162256063.37809005,103158.5,84277.75,20.8353
c6a.16xlarge.x86-64-v2-Os.1.0,true,25,1,AMD,6.1.134-152.225.amzn2023.x86_64,6,1,134,amzn,2023,2023,x86-64-v2,32.0,2.0,Os,162256063.37809005,103158.5,84277.75,18.3331
c6a.16xlarge.x86-64-v2-Os.2.0,true,25,1,AMD,6.1.134-152.225.amzn2023.x86_64,6,1,134,amzn,2023,2023,x86-64-v2,32.0,2.0,Os,162256063.37809005,103158.5,84277.75,23.6515
c6a.16xlarge.bdver4-Og.0.0,true,25,1,AMD,6.1.134-152.225.amzn2023.x86_64,6,1,134,amzn,2023,2023,bdver4,32.0,2.0,Og,359368249.4746936,292362.5416666667,188913.69444444444,22.7318
c6a.16xlarge.bdver4-Og.1.0,true,25,1,AMD,6.1.134-152.225.amzn2023.x86_64,6,1,134,amzn,2023,2023,bdver4,32.0,2.0,Og,359368249.4746936,292362.5416666667,188913.69444444444,23.4785
c6a.16xlarge.bdver4-Og.2.0,true,25,1,AMD,6.1.134-152.225.amzn2023.x86_64,6,1,134,amzn,2023,2023,bdver4,32.0,2.0,Og,359368249.4746936,292362.5416666667,188913.69444444444,23.6188
c6a.16xlarge.btver2-O0.0.0,true,25,1,AMD,6.1.134-152.225.amzn2023.x86_64,6,1,134,amzn,2023,2023,btver2,32.0,2.0,O0,1837513469.6516845,70099.125,26828.25,18.4093
c6a.16xlarge.btver2-O0.1.0,true,25,1,AMD,6.1.134-152.225.amzn2023.x86_64,6,1,134,amzn,2023,2023,btver2,32.0,2.0,O0,1837513469.6516845,70099.125,26828.25,22.2317
c6a.16xlarge.btver2-O0.2.0,true,25,1,AMD,6.1.134-152.225.amzn2023.x86_64,6,1,134,amzn,2023,2023,btver2,32.0,2.0,O0,1837513469.6516845,70099.125,26828.25,21.6932
c6a.16xlarge.znver1-O2.0.0,true,25,1,AMD,6.1.134-152.225.amzn2023.x86_64,6,1,134,amzn,2023,2023,znver1,32.0,2.0,O2,358195185.1032911,156476.5,92565.25,24.5194
c6a.16xlarge.znver1-O2.1.0,true,25,1,AMD,6.1.134-152.225.amzn2023.x86_64,6,1,134,amzn,2023,2023,znver1,32.0,2.0,O2,358195185.1032911,156476.5,92565.25,24.4195
c6a.16xlarge.znver1-O2.2.0,true,25,1,AMD,6.1.134-152.225.amzn2023.x86_64,6,1,134,amzn,2023,2023,znver1,32.0,2.0,O2,358195185.1032911,156476.5,92565.25,23.5708
c6a.16xlarge.sandybridge-O2.0.0,true,25,1,AMD,6.1.134-152.225.amzn2023.x86_64,6,1,134,amzn,2023,2023,sandybridge,32.0,2.0,O2,648050377.4910445,163047.5,40601.666666666664,22.8002
c6a.16xlarge.sandybridge-O2.1.0,true,25,1,AMD,6.1.134-152.225.amzn2023.x86_64,6,1,134,amzn,2023,2023,sandybridge,32.0,2.0,O2,648050377.4910445,163047.5,40601.666666666664,22.7202
c6a.16xlarge.sandybridge-O2.2.0,true,25,1,AMD,6.1.134-152.225.amzn2023.x86_64,6,1,134,amzn,2023,2023,sandybridge,32.0,2.0,O2,648050377.4910445,163047.5,40601.666666666664,23.3815
c6a.16xlarge.haswell-O1.0.0,true,25,1,AMD,6.1.134-152.225.amzn2023.x86_64,6,1,134,amzn,2023,2023,haswell,32.0,2.0,O1,391367292.5309061,116736.875,32387.0,22.9027
c6a.16xlarge.haswell-O1.1.0,true,25,1,AMD,6.1.134-152.225.amzn2023.x86_64,6,1,134,amzn,2023,2023,haswell,32.0,2.0,O1,391367292.5309061,116736.875,32387.0,23.7629
c6a.16xlarge.haswell-O1.2.0,true,25,1,AMD,6.1.134-152.225.amzn2023.x86_64,6,1,134,amzn,2023,2023,haswell,32.0,2.0,O1,391367292.5309061,116736.875,32387.0,23.4859
c6a.16xlarge.x86-64-v3-Og.0.0,true,25,1,AMD,6.1.134-152.225.amzn2023.x86_64,6,1,134,amzn,2023,2023,x86-64-v3,32.0,2.0,Og,400381561.66534513,50133.0,2870.0,18.6718
c6a.16xlarge.x86-64-v3-Og.1.0,true,25,1,AMD,6.1.134-152.225.amzn2023.x86_64,6,1,134,amzn,2023,2023,x86-64-v3,32.0,2.0,Og,400381561.66534513,50133.0,2870.0,23.6864
c6a.16xlarge.x86-64-v3-Og.2.0,true,25,1,AMD,6.1.134-152.225.amzn2023.x86_64,6,1,134,amzn,2023,2023,x86-64-v3,32.0,2.0,Og,400381561.66534513,50133.0,2870.0,23.4028
c6a.16xlarge.x86-64-v2-O2.0.0,true,25,1,AMD,6.1.134-152.225.amzn2023.x86_64,6,1,134,amzn,2023,2023,x86-64-v2,32.0,2.0,O2,183189551.3965886,62440.28571428572,20241.75,20.3869
c6a.16xlarge.x86-64-v2-O2.1.0,true,25,1,AMD,6.1.134-152.225.amzn2023.x86_64,6,1,134,amzn,2023,2023,x86-64-v2,32.0,2.0,O2,183189551.3965886,62440.28571428572,20241.75,23.7592
c6a.16xlarge.x86-64-v2-O2.2.0,true,25,1,AMD,6.1.134-152.225.amzn2023.x86_64,6,1,134,amzn,2023,2023,x86-64-v2,32.0,2.0,O2,183189551.3965886,62440.28571428572,20241.75,23.4562
c6a.16xlarge.sandybridge-Og.0.0,true,25,1,AMD,6.1.134-152.225.amzn2023.x86_64,6,1,134,amzn,2023,2023,sandybridge,32.0,2.0,Og,464711682.20518154,155266.875,48933.0,21.0185
c6a.16xlarge.sandybridge-Og.1.0,true,25,1,AMD,6.1.134-152.225.amzn2023.x86_64,6,1,134,amzn,2023,2023,sandybridge,32.0,2.0,Og,464711682.20518154,155266.875,48933.0,23.7031
c6a.16xlarge.sandybridge-Og.2.0,true,25,1,AMD,6.1.134-152.225.amzn2023.x86_64,6,1,134,amzn,2023,2023,sandybridge,32.0,2.0,Og,464711682.20518154,155266.875,48933.0,23.3654
c6a.16xlarge.ivybridge-Og.0.0,true,25,1,AMD,6.1.134-152.225.amzn2023.x86_64,6,1,134,amzn,2023,2023,ivybridge,32.0,2.0,Og,435857523.42794025,876782.9810597987,484802.5870374053,19.3844
c6a.16xlarge.ivybridge-Og.1.0,true,25,1,AMD,6.1.134-152.225.amzn2023.x86_64,6,1,134,amzn,2023,2023,ivybridge,32.0,2.0,Og,435857523.42794025,876782.9810597987,484802.5870374053,24.6445
c6a.16xlarge.ivybridge-Og.2.0,true,25,1,AMD,6.1.134-152.225.amzn2023.x86_64,6,1,134,amzn,2023,2023,ivybridge,32.0,2.0,Og,435857523.42794025,876782.9810597987,484802.5870374053,23.3709
c6a.16xlarge.btver2-O2.0.0,true,25,1,AMD,6.1.134-152.225.amzn2023.x86_64,6,1,134,amzn,2023,2023,btver2,32.0,2.0,O2,446335273.717607,118218.75,45153.75,23.9372
c6a.16xlarge.btver2-O2.1.0,true,25,1,AMD,6.1.134-152.225.amzn2023.x86_64,6,1,134,amzn,2023,2023,btver2,32.0,2.0,O2,446335273.717607,118218.75,45153.75,24.7466
c6a.16xlarge.btver2-O2.2.0,true,25,1,AMD,6.1.134-152.225.amzn2023.x86_64,6,1,134,amzn,2023,2023,btver2,32.0,2.0,O2,446335273.717607,118218.75,45153.75,22.987
c6a.16xlarge.broadwell-O1.0.0,true,25,1,AMD,6.1.134-152.225.amzn2023.x86_64,6,1,134,amzn,2023,2023,broadwell,32.0,2.0,O1,121177799.16420837,670330.8987103174,311807.6953125,18.7594
c6a.16xlarge.broadwell-O1.1.0,true,25,1,AMD,6.1.134-152.225.amzn2023.x86_64,6,1,134,amzn,2023,2023,broadwell,32.0,2.0,O1,121177799.16420837,670330.8987103174,311807.6953125,23.495
c6a.16xlarge.broadwell-O1.2.0,true,25,1,AMD,6.1.134-152.225.amzn2023.x86_64,6,1,134,amzn,2023,2023,broadwell,32.0,2.0,O1,121177799.16420837,670330.8987103174,311807.6953125,23.6035
c6a.16xlarge.ivybridge-O1.0.0,true,25,1,AMD,6.1.134-152.225.amzn2023.x86_64,6,1,134,amzn,2023,2023,ivybridge,32.0,2.0,O1,268666179.4778338,277612.5,149305.7142857143,17.9926
c6a.16xlarge.ivybridge-O1.1.0,true,25,1,AMD,6.1.134-152.225.amzn2023.x86_64,6,1,134,amzn,2023,2023,ivybridge,32.0,2.0,O1,268666179.4778338,277612.5,149305.7142857143,23.434
c6a.16xlarge.ivybridge-O1.2.0,true,25,1,AMD,6.1.134-152.225.amzn2023.x86_64,6,1,134,amzn,2023,2023,ivybridge,32.0,2.0,O1,268666179.4778338,277612.5,149305.7142857143,23.6014
c6a.16xlarge.bdver4-O0.0.0,true,25,1,AMD,6.1.134-152.225.amzn2023.x86_64,6,1,134,amzn,2023,2023,bdver4,32.0,2.0,O0,1521068465.8309176,52953.0,28685.666666666668,19.9827
c6a.16xlarge.bdver4-O0.1.0,true,25,1,AMD,6.1.134-152.225.amzn2023.x86_64,6,1,134,amzn,2023,2023,bdver4,32.0,2.0,O0,1521068465.8309176,52953.0,28685.666666666668,20.649
c6a.16xlarge.bdver4-O0.2.0,true,25,1,AMD,6.1.134-152.225.amzn2023.x86_64,6,1,134,amzn,2023,2023,bdver4,32.0,2.0,O0,1521068465.8309176,52953.0,28685.666666666668,20.7093
c6a.16xlarge.x86-64-v2-Og.0.0,true,25,1,AMD,6.1.134-152.225.amzn2023.x86_64,6,1,134,amzn,2023,2023,x86-64-v2,32.0,2.0,Og,87792269.90122616,18664.5,7748.25,21.0775
c6a.16xlarge.x86-64-v2-Og.1.0,true,25,1,AMD,6.1.134-152.225.amzn2023.x86_64,6,1,134,amzn,2023,2023,x86-64-v2,32.0,2.0,Og,87792269.90122616,18664.5,7748.25,23.9542
c6a.16xlarge.x86-64-v2-Og.2.0,true,25,1,AMD,6.1.134-152.225.amzn2023.x86_64,6,1,134,amzn,2023,2023,x86-64-v2,32.0,2.0,Og,87792269.90122616,18664.5,7748.25,23.0121
c6a.16xlarge.sandybridge-Ofast.0.0,true,25,1,AMD,6.1.134-152.225.amzn2023.x86_64,6,1,134,amzn,2023,2023,sandybridge,32.0,2.0,Ofast,500051051.4731398,106211.875,57622.5,20.8076
c6a.16xlarge.sandybridge-Ofast.1.0,true,25,1,AMD,6.1.134-152.225.amzn2023.x86_64,6,1,134,amzn,2023,2023,sandybridge,32.0,2.0,Ofast,500051051.4731398,106211.875,57622.5,23.4771
c6a.16xlarge.sandybridge-Ofast.2.0,true,25,1,AMD,6.1.134-152.225.amzn2023.x86_64,6,1,134,amzn,2023,2023,sandybridge,32.0,2.0,Ofast,500051051.4731398,106211.875,57622.5,23.5638
c6a.16xlarge.znver2-Og.0.0,true,25,1,AMD,6.1.134-152.225.amzn2023.x86_64,6,1,134,amzn,2023,2023,znver2,32.0,2.0,Og,233986716.75984144,782958.1882297675,313957.4407302405,18.2775
c6a.16xlarge.znver2-Og.1.0,true,25,1,AMD,6.1.134-152.225.amzn2023.x86_64,6,1,134,amzn,2023,2023,znver2,32.0,2.0,Og,233986716.75984144,782958.1882297675,313957.4407302405,23.7306
c6a.16xlarge.znver2-Og.2.0,true,25,1,AMD,6.1.134-152.225.amzn2023.x86_64,6,1,134,amzn,2023,2023,znver2,32.0,2.0,Og,233986716.75984144,782958.1882297675,313957.4407302405,23.9852
c6a.16xlarge.x86-64-v2-O1.0.0,true,25,1,AMD,6.1.134-152.225.amzn2023.x86_64,6,1,134,amzn,2023,2023,x86-64-v2,32.0,2.0,O1,138155293.8288286,121607.6,28329.6,23.3594
c6a.16xlarge.x86-64-v2-O1.1.0,true,25,1,AMD,6.1.134-152.225.amzn2023.x86_64,6,1,134,amzn,2023,2023,x86-64-v2,32.0,2.0,O1,138155293.8288286,121607.6,28329.6,23.7177
c6a.16xlarge.x86-64-v2-O1.2.0,true,25,1,AMD,6.1.134-152.225.amzn2023.x86_64,6,1,134,amzn,2023,2023,x86-64-v2,32.0,2.0,O1,138155293.8288286,121607.6,28329.6,24.0666
c6a.16xlarge.btver2-Og.0.0,true,25,1,AMD,6.1.134-152.225.amzn2023.x86_64,6,1,134,amzn,2023,2023,btver2,32.0,2.0,Og,449872991.3311999,33480.0,130566.0,16.5635
c6a.16xlarge.btver2-Og.1.0,true,25,1,AMD,6.1.134-152.225.amzn2023.x86_64,6,1,134,amzn,2023,2023,btver2,32.0,2.0,Og,449872991.3311999,33480.0,130566.0,23.6429
c6a.16xlarge.btver2-Og.2.0,true,25,1,AMD,6.1.134-152.225.amzn2023.x86_64,6,1,134,amzn,2023,2023,btver2,32.0,2.0,Og,449872991.3311999,33480.0,130566.0,23.4112
c6a.16xlarge.broadwell-O0.0.0,true,25,1,AMD,6.1.134-152.225.amzn2023.x86_64,6,1,134,amzn,2023,2023,broadwell,32.0,2.0,O0,1868296026.1086354,520134.1301440329,224481.76993312757,20.025
c6a.16xlarge.broadwell-O0.1.0,true,25,1,AMD,6.1.134-152.225.amzn2023.x86_64,6,1,134,amzn,2023,2023,broadwell,32.0,2.0,O0,1868296026.1086354,520134.1301440329,224481.76993312757,20.6801
c6a.16xlarge.broadwell-O0.2.0,true,25,1,AMD,6.1.134-152.225.amzn2023.x86_64,6,1,134,amzn,2023,2023,broadwell,32.0,2.0,O0,1868296026.1086354,520134.1301440329,224481.76993312757,20.6103
c6a.16xlarge.znver2-O2.0.0,true,25,1,AMD,6.1.134-152.225.amzn2023.x86_64,6,1,134,amzn,2023,2023,znver2,32.0,2.0,O2,316997012.98068213,644512.0,136248.0,23.1238
c6a.16xlarge.znver2-O2.1.0,true,25,1,AMD,6.1.134-152.225.amzn2023.x86_64,6,1,134,amzn,2023,2023,znver2,32.0,2.0,O2,316997012.98068213,644512.0,136248.0,23.5017
c6a.16xlarge.znver2-O2.2.0,true,25,1,AMD,6.1.134-152.225.amzn2023.x86_64,6,1,134,amzn,2023,2023,znver2,32.0,2.0,O2,316997012.98068213,644512.0,136248.0,23.6009
c6a.16xlarge.btver2-O1.0.0,true,25,1,AMD,6.1.134-152.225.amzn2023.x86_64,6,1,134,amzn,2023,2023,btver2,32.0,2.0,O1,995378777.7190828,57463.0,27042.0,18.4279
c6a.16xlarge.btver2-O1.1.0,true,25,1,AMD,6.1.134-152.225.amzn2023.x86_64,6,1,134,amzn,2023,2023,btver2,32.0,2.0,O1,995378777.7190828,57463.0,27042.0,24.7091
c6a.16xlarge.btver2-O1.2.0,true,25,1,AMD,6.1.134-152.225.amzn2023.x86_64,6,1,134,amzn,2023,2023,btver2,32.0,2.0,O1,995378777.7190828,57463.0,27042.0,24.7242
c6a.16xlarge.broadwell-O3.0.0,true,25,1,AMD,6.1.134-152.225.amzn2023.x86_64,6,1,134,amzn,2023,2023,broadwell,32.0,2.0,O3,218819032.221935,292689.75,114921.75,23.201
c6a.16xlarge.broadwell-O3.1.0,true,25,1,AMD,6.1.134-152.225.amzn2023.x86_64,6,1,134,amzn,2023,2023,broadwell,32.0,2.0,O3,218819032.221935,292689.75,114921.75,23.3057
c6a.16xlarge.broadwell-O3.2.0,true,25,1,AMD,6.1.134-152.225.amzn2023.x86_64,6,1,134,amzn,2023,2023,broadwell,32.0,2.0,O3,218819032.221935,292689.75,114921.75,24.0102
c6i.16xlarge.znver4-Og.0.0,true,6,106,Intel,6.1.134-152.225.amzn2023.x86_64,6,1,134,amzn,2023,2023,znver4,32.0,2.0,Og,1997247727.4937422,235704.0,1610.0,23.4685
c6i.16xlarge.znver4-Og.1.0,true,6,106,Intel,6.1.134-152.225.amzn2023.x86_64,6,1,134,amzn,2023,2023,znver4,32.0,2.0,Og,1997247727.4937422,235704.0,1610.0,27.0609
c6i.16xlarge.znver4-Og.2.0,true,6,106,Intel,6.1.134-152.225.amzn2023.x86_64,6,1,134,amzn,2023,2023,znver4,32.0,2.0,Og,1997247727.4937422,235704.0,1610.0,26.9814
c6i.16xlarge.haswell-O0.0.0,true,6,106,Intel,6.1.134-152.225.amzn2023.x86_64,6,1,134,amzn,2023,2023,haswell,32.0,2.0,O0,2931937609.495023,288076.0,5753.0,19.0435
c6i.16xlarge.haswell-O0.1.0,true,6,106,Intel,6.1.134-152.225.amzn2023.x86_64,6,1,134,amzn,2023,2023,haswell,32.0,2.0,O0,2931937609.495023,288076.0,5753.0,19.7943
c6i.16xlarge.haswell-O0.2.0,true,6,106,Intel,6.1.134-152.225.amzn2023.x86_64,6,1,134,amzn,2023,2023,haswell,32.0,2.0,O0,2931937609.495023,288076.0,5753.0,19.7125
c6i.16xlarge.znver1-O0.0.0,true,6,106,Intel,6.1.134-152.225.amzn2023.x86_64,6,1,134,amzn,2023,2023,znver1,32.0,2.0,O0,2760404998.870155,337623.6666666667,123493.69487636327,18.6179
c6i.16xlarge.znver1-O0.1.0,true,6,106,Intel,6.1.134-152.225.amzn2023.x86_64,6,1,134,amzn,2023,2023,znver1,32.0,2.0,O0,2760404998.870155,337623.6666666667,123493.69487636327,19.7159
c6i.16xlarge.znver1-O0.2.0,true,6,106,Intel,6.1.134-152.225.amzn2023.x86_64,6,1,134,amzn,2023,2023,znver1,32.0,2.0,O0,2760404998.870155,337623.6666666667,123493.69487636327,19.7276
c6i.16xlarge.skylake-O1.0.0,true,6,106,Intel,6.1.134-152.225.amzn2023.x86_64,6,1,134,amzn,2023,2023,skylake,32.0,2.0,O1,2026074931.360738,93418.66666666667,43246.666666666664,25.1947
c6i.16xlarge.skylake-O1.1.0,true,6,106,Intel,6.1.134-152.225.amzn2023.x86_64,6,1,134,amzn,2023,2023,skylake,32.0,2.0,O1,2026074931.360738,93418.66666666667,43246.666666666664,26.2164
c6i.16xlarge.skylake-O1.2.0,true,6,106,Intel,6.1.134-152.225.amzn2023.x86_64,6,1,134,amzn,2023,2023,skylake,32.0,2.0,O1,2026074931.360738,93418.66666666667,43246.666666666664,27.1939
c6i.16xlarge.ivybridge-Os.0.0,true,6,106,Intel,6.1.134-152.225.amzn2023.x86_64,6,1,134,amzn,2023,2023,ivybridge,32.0,2.0,Os,997377838.34388,27773.0,993.0,26.1184
c6i.16xlarge.ivybridge-Os.1.0,true,6,106,Intel,6.1.134-152.225.amzn2023.x86_64,6,1,134,amzn,2023,2023,ivybridge,32.0,2.0,Os,997377838.34388,27773.0,993.0,26.9725
c6i.16xlarge.ivybridge-Os.2.0,true,6,106,Intel,6.1.134-152.225.amzn2023.x86_64,6,1,134,amzn,2023,2023,ivybridge,32.0,2.0,Os,997377838.34388,27773.0,993.0,27.9105
c6i.16xlarge.sapphirerapids-Ofast.0.0,true,6,106,Intel,6.1.134-152.225.amzn2023.x86_64,6,1,134,amzn,2023,2023,sapphirerapids,32.0,2.0,Ofast,1898578113.5309372,29544.0,358635.0,25.6871
c6i.16xlarge.sapphirerapids-Ofast.1.0,true,6,106,Intel,6.1.134-152.225.amzn2023.x86_64,6,1,134,amzn,2023,2023,sapphirerapids,32.0,2.0,Ofast,1898578113.5309372,29544.0,358635.0,28.093
c6i.16xlarge.sapphirerapids-Ofast.2.0,true,6,106,Intel,6.1.134-152.225.amzn2023.x86_64,6,1,134,amzn,2023,2023,sapphirerapids,32.0,2.0,Ofast,1898578113.5309372,29544.0,358635.0,28.1939
c6i.16xlarge.haswell-Ofast.0.0,true,6,106,Intel,6.1.134-152.225.amzn2023.x86_64,6,1,134,amzn,2023,2023,haswell,32.0,2.0,Ofast,2040485072.3694434,351472.6428571428,62881.0,21.9925
c6i.16xlarge.haswell-Ofast.1.0,true,6,106,Intel,6.1.134-152.225.amzn2023.x86_64,6,1,134,amzn,2023,2023,haswell,32.0,2.0,Ofast,2040485072.3694434,351472.6428571428,62881.0,28.2284
c6i.16xlarge.haswell-Ofast.2.0,true,6,106,Intel,6.1.134-152.225.amzn2023.x86_64,6,1,134,amzn,2023,2023,haswell,32.0,2.0,Ofast,2040485072.3694434,351472.6428571428,62881.0,28.2641
c6i.16xlarge.x86-64-v4-O3.0.0,true,6,106,Intel,6.1.134-152.225.amzn2023.x86_64,6,1,134,amzn,2023,2023,x86-64-v4,32.0,2.0,O3,1942634511.7932444,407254.5833333334,125387.74436246144,26.0717
c6i.16xlarge.x86-64-v4-O3.1.0,true,6,106,Intel,6.1.134-152.225.amzn2023.x86_64,6,1,134,amzn,2023,2023,x86-64-v4,32.0,2.0,O3,1942634511.7932444,407254.5833333334,125387.74436246144,27.3387
c6i.16xlarge.x86-64-v4-O3.2.0,true,6,106,Intel,6.1.134-152.225.amzn2023.x86_64,6,1,134,amzn,2023,2023,x86-64-v4,32.0,2.0,O3,1942634511.7932444,407254.5833333334,125387.74436246144,26.3623
c6i.16xlarge.znver2-O3.0.0,true,6,106,Intel,6.1.134-152.225.amzn2023.x86_64,6,1,134,amzn,2023,2023,znver2,32.0,2.0,O3,1572286320.1485343,405244.1025714285,101343.17023809525,26.8667
c6i.16xlarge.znver2-O3.1.0,true,6,106,Intel,6.1.134-152.225.amzn2023.x86_64,6,1,134,amzn,2023,2023,znver2,32.0,2.0,O3,1572286320.1485343,405244.1025714285,101343.17023809525,27.6177
c6i.16xlarge.znver2-O3.2.0,true,6,106,Intel,6.1.134-152.225.amzn2023.x86_64,6,1,134,amzn,2023,2023,znver2,32.0,2.0,O3,1572286320.1485343,405244.1025714285,101343.17023809525,27.161
c6i.16xlarge.skylake-avx512-Ofast.0.0,true,6,106,Intel,6.1.134-152.225.amzn2023.x86_64,6,1,134,amzn,2023,2023,skylake-avx512,32.0,2.0,Ofast,1704005163.8960567,355441.6296296296,77224.5986394558,27.1684
c6i.16xlarge.skylake-avx512-Ofast.1.0,true,6,106,Intel,6.1.134-152.225.amzn2023.x86_64,6,1,134,amzn,2023,2023,skylake-avx512,32.0,2.0,Ofast,1704005163.8960567,355441.6296296296,77224.5986394558,25.5142
c6i.16xlarge.skylake-avx512-Ofast.2.0,true,6,106,Intel,6.1.134-152.225.amzn2023.x86_64,6,1,134,amzn,2023,2023,skylake-avx512,32.0,2.0,Ofast,1704005163.8960567,355441.6296296296,77224.5986394558,28.3172
c6i.16xlarge.skylake-avx512-O3.0.0,true,6,106,Intel,6.1.134-152.225.amzn2023.x86_64,6,1,134,amzn,2023,2023,skylake-avx512,32.0,2.0,O3,1529033299.3765302,378231.8914583333,86632.10466805554,26.4919
c6i.16xlarge.skylake-avx512-O3.1.0,true,6,106,Intel,6.1.134-152.225.amzn2023.x86_64,6,1,134,amzn,2023,2023,skylake-avx512,32.0,2.0,O3,1529033299.3765302,378231.8914583333,86632.10466805554,27.2048
c6i.16xlarge.skylake-avx512-O3.2.0,true,6,106,Intel,6.1.134-152.225.amzn2023.x86_64,6,1,134,amzn,2023,2023,skylake-avx512,32.0,2.0,O3,1529033299.3765302,378231.8914583333,86632.10466805554,27.5772
c6i.16xlarge.x86-64-v3-Os.0.0,true,6,106,Intel,6.1.134-152.225.amzn2023.x86_64,6,1,134,amzn,2023,2023,x86-64-v3,32.0,2.0,Os,1058749213.7768635,551058.6433970815,219533.4920611485,26.3632
c6i.16xlarge.x86-64-v3-Os.1.0,true,6,106,Intel,6.1.134-152.225.amzn2023.x86_64,6,1,134,amzn,2023,2023,x86-64-v3,32.0,2.0,Os,1058749213.7768635,551058.6433970815,219533.4920611485,27.0302
c6i.16xlarge.x86-64-v3-Os.2.0,true,6,106,Intel,6.1.134-152.225.amzn2023.x86_64,6,1,134,amzn,2023,2023,x86-64-v3,32.0,2.0,Os,1058749213.7768635,551058.6433970815,219533.4920611485,27.3858
c6i.16xlarge.icelake-server-Og.0.0,true,6,106,Intel,6.1.134-152.225.amzn2023.x86_64,6,1,134,amzn,2023,2023,icelake-server,32.0,2.0,Og,1886367883.84423,380445.69413080544,122346.22334978948,26.2368
c6i.16xlarge.icelake-server-Og.1.0,true,6,106,Intel,6.1.134-152.225.amzn2023.x86_64,6,1,134,amzn,2023,2023,icelake-server,32.0,2.0,Og,1886367883.84423,380445.69413080544,122346.22334978948,27.0646
c6i.16xlarge.icelake-server-Og.2.0,true,6,106,Intel,6.1.134-152.225.amzn2023.x86_64,6,1,134,amzn,2023,2023,icelake-server,32.0,2.0,Og,1886367883.84423,380445.69413080544,122346.22334978948,27.0292
c6i.16xlarge.znver3-O1.0.0,true,6,106,Intel,6.1.134-152.225.amzn2023.x86_64,6,1,134,amzn,2023,2023,znver3,32.0,2.0,O1,1954945315.0840552,164427.11111111112,48480.0,27.2103
c6i.16xlarge.znver3-O1.1.0,true,6,106,Intel,6.1.134-152.225.amzn2023.x86_64,6,1,134,amzn,2023,2023,znver3,32.0,2.0,O1,1954945315.0840552,164427.11111111112,48480.0,28.1478
c6i.16xlarge.znver3-O1.2.0,true,6,106,Intel,6.1.134-152.225.amzn2023.x86_64,6,1,134,amzn,2023,2023,znver3,32.0,2.0,O1,1954945315.0840552,164427.11111111112,48480.0,28.1485
c6i.16xlarge.haswell-O2.0.0,true,6,106,Intel,6.1.134-152.225.amzn2023.x86_64,6,1,134,amzn,2023,2023,haswell,32.0,2.0,O2,1120245002.0605998,47042.0,516618.0,25.2723
c6i.16xlarge.haswell-O2.1.0,true,6,106,Intel,6.1.134-152.225.amzn2023.x86_64,6,1,134,amzn,2023,2023,haswell,32.0,2.0,O2,1120245002.0605998,47042.0,516618.0,23.9537
c6i.16xlarge.haswell-O2.2.0,true,6,106,Intel,6.1.134-152.225.amzn2023.x86_64,6,1,134,amzn,2023,2023,haswell,32.0,2.0,O2,1120245002.0605998,47042.0,516618.0,27.2542
c6i.16xlarge.x86-64-v4-Ofast.0.0,true,6,106,Intel,6.1.134-152.225.amzn2023.x86_64,6,1,134,amzn,2023,2023,x86-64-v4,32.0,2.0,Ofast,1053062323.845046,106708.0,21623.0,26.777
c6i.16xlarge.x86-64-v4-Ofast.1.0,true,6,106,Intel,6.1.134-152.225.amzn2023.x86_64,6,1,134,amzn,2023,2023,x86-64-v4,32.0,2.0,Ofast,1053062323.845046,106708.0,21623.0,27.6499
c6i.16xlarge.x86-64-v4-Ofast.2.0,true,6,106,Intel,6.1.134-152.225.amzn2023.x86_64,6,1,134,amzn,2023,2023,x86-64-v4,32.0,2.0,Ofast,1053062323.845046,106708.0,21623.0,27.6064
c6i.16xlarge.haswell-Os.0.0,true,6,106,Intel,6.1.134-152.225.amzn2023.x86_64,6,1,134,amzn,2023,2023,haswell,32.0,2.0,Os,2084696633.3705082,417677.421821502,109482.15979698868,26.4019
c6i.16xlarge.haswell-Os.1.0,true,6,106,Intel,6.1.134-152.225.amzn2023.x86_64,6,1,134,amzn,2023,2023,haswell,32.0,2.0,Os,2084696633.3705082,417677.421821502,109482.15979698868,28.0398
c6i.16xlarge.haswell-Os.2.0,true,6,106,Intel,6.1.134-152.225.amzn2023.x86_64,6,1,134,amzn,2023,2023,haswell,32.0,2.0,Os,2084696633.3705082,417677.421821502,109482.15979698868,27.746
c6i.16xlarge.x86-64-v3-O3.0.0,true,6,106,Intel,6.1.134-152.225.amzn2023.x86_64,6,1,134,amzn,2023,2023,x86-64-v3,32.0,2.0,O3,1985033181.690277,369566.3331612723,145732.87727244542,24.9788
c6i.16xlarge.x86-64-v3-O3.1.0,true,6,106,Intel,6.1.134-152.225.amzn2023.x86_64,6,1,134,amzn,2023,2023,x86-64-v3,32.0,2.0,O3,1985033181.690277,369566.3331612723,145732.87727244542,25.5625
c6i.16xlarge.x86-64-v3-O3.2.0,true,6,106,Intel,6.1.134-152.225.amzn2023.x86_64,6,1,134,amzn,2023,2023,x86-64-v3,32.0,2.0,O3,1985033181.690277,369566.3331612723,145732.87727244542,27.4185
c6i.16xlarge.znver1-Os.0.0,true,6,106,Intel,6.1.134-152.225.amzn2023.x86_64,6,1,134,amzn,2023,2023,znver1,32.0,2.0,Os,1904793928.58553,418700.0,3653.0,26.0323
c6i.16xlarge.znver1-Os.1.0,true,6,106,Intel,6.1.134-152.225.amzn2023.x86_64,6,1,134,amzn,2023,2023,znver1,32.0,2.0,Os,1904793928.58553,418700.0,3653.0,27.0233
c6i.16xlarge.znver1-Os.2.0,true,6,106,Intel,6.1.134-152.225.amzn2023.x86_64,6,1,134,amzn,2023,2023,znver1,32.0,2.0,Os,1904793928.58553,418700.0,3653.0,26.9702
c6i.16xlarge.sandybridge-O1.0.0,true,6,106,Intel,6.1.134-152.225.amzn2023.x86_64,6,1,134,amzn,2023,2023,sandybridge,32.0,2.0,O1,2262026125.031996,438046.98907423107,189190.62867795935,24.2445
c6i.16xlarge.sandybridge-O1.1.0,true,6,106,Intel,6.1.134-152.225.amzn2023.x86_64,6,1,134,amzn,2023,2023,sandybridge,32.0,2.0,O1,2262026125.031996,438046.98907423107,189190.62867795935,24.5332
c6i.16xlarge.sandybridge-O1.2.0,true,6,106,Intel,6.1.134-152.225.amzn2023.x86_64,6,1,134,amzn,2023,2023,sandybridge,32.0,2.0,O1,2262026125.031996,438046.98907423107,189190.62867795935,26.8423
c6i.16xlarge.x86-64-v2-O0.0.0,true,6,106,Intel,6.1.134-152.225.amzn2023.x86_64,6,1,134,amzn,2023,2023,x86-64-v2,32.0,2.0,O0,2767514838.904608,318601.23733281886,113351.30895818453,18.8851
c6i.16xlarge.x86-64-v2-O0.1.0,true,6,106,Intel,6.1.134-152.225.amzn2023.x86_64,6,1,134,amzn,2023,2023,x86-64-v2,32.0,2.0,O0,2767514838.904608,318601.23733281886,113351.30895818453,19.8853
c6i.16xlarge.x86-64-v2-O0.2.0,true,6,106,Intel,6.1.134-152.225.amzn2023.x86_64,6,1,134,amzn,2023,2023,x86-64-v2,32.0,2.0,O0,2767514838.904608,318601.23733281886,113351.30895818453,19.8811
c6i.16xlarge.skylake-Og.0.0,true,6,106,Intel,6.1.134-152.225.amzn2023.x86_64,6,1,134,amzn,2023,2023,skylake,32.0,2.0,Og,2094983177.1781569,35320.0,522020.0,22.3871
c6i.16xlarge.skylake-Og.1.0,true,6,106,Intel,6.1.134-152.225.amzn2023.x86_64,6,1,134,amzn,2023,2023,skylake,32.0,2.0,Og,2094983177.1781569,35320.0,522020.0,26.8181
c6i.16xlarge.skylake-Og.2.0,true,6,106,Intel,6.1.134-152.225.amzn2023.x86_64,6,1,134,amzn,2023,2023,skylake,32.0,2.0,Og,2094983177.1781569,35320.0,522020.0,27.1783
c6i.16xlarge.ivybridge-O3.0.0,true,6,106,Intel,6.1.134-152.225.amzn2023.x86_64,6,1,134,amzn,2023,2023,ivybridge,32.0,2.0,O3,2087344116.6077201,401792.5130864198,131368.66710758378,24.8887
c6i.16xlarge.ivybridge-O3.1.0,true,6,106,Intel,6.1.134-152.225.amzn2023.x86_64,6,1,134,amzn,2023,2023,ivybridge,32.0,2.0,O3,2087344116.6077201,401792.5130864198,131368.66710758378,24.074
c6i.16xlarge.ivybridge-O3.2.0,true,6,106,Intel,6.1.134-152.225.amzn2023.x86_64,6,1,134,amzn,2023,2023,ivybridge,32.0,2.0,O3,2087344116.6077201,401792.5130864198,131368.66710758378,27.7283
c6i.16xlarge.broadwell-Ofast.0.0,true,6,106,Intel,6.1.134-152.225.amzn2023.x86_64,6,1,134,amzn,2023,2023,broadwell,32.0,2.0,Ofast,1852000059.5714202,557381.5306535371,139788.39455884177,28.4042
c6i.16xlarge.broadwell-Ofast.1.0,true,6,106,Intel,6.1.134-152.225.amzn2023.x86_64,6,1,134,amzn,2023,2023,broadwell,32.0,2.0,Ofast,1852000059.5714202,557381.5306535371,139788.39455884177,28.4987
c6i.16xlarge.broadwell-Ofast.2.0,true,6,106,Intel,6.1.134-152.225.amzn2023.x86_64,6,1,134,amzn,2023,2023,broadwell,32.0,2.0,Ofast,1852000059.5714202,557381.5306535371,139788.39455884177,29.1412
c6i.16xlarge.native-O2.0.0,true,6,106,Intel,6.1.134-152.225.amzn2023.x86_64,6,1,134,amzn,2023,2023,native,32.0,2.0,O2,1739647716.2050276,450722.1383803503,161717.43357522858,25.5288
c6i.16xlarge.native-O2.1.0,true,6,106,Intel,6.1.134-152.225.amzn2023.x86_64,6,1,134,amzn,2023,2023,native,32.0,2.0,O2,1739647716.2050276,450722.1383803503,161717.43357522858,27.0566
c6i.16xlarge.native-O2.2.0,true,6,106,Intel,6.1.134-152.225.amzn2023.x86_64,6,1,134,amzn,2023,2023,native,32.0,2.0,O2,1739647716.2050276,450722.1383803503,161717.43357522858,27.0944
c6i.16xlarge.znver4-O2.0.0,true,6,106,Intel,6.1.134-152.225.amzn2023.x86_64,6,1,134,amzn,2023,2023,znver4,32.0,2.0,O2,1650275658.1575072,312412.57327307464,118182.0638888889,26.8444
c6i.16xlarge.znver4-O2.1.0,true,6,106,Intel,6.1.134-152.225.amzn2023.x86_64,6,1,134,amzn,2023,2023,znver4,32.0,2.0,O2,1650275658.1575072,312412.57327307464,118182.0638888889,28.384
c6i.16xlarge.znver4-O2.2.0,true,6,106,Intel,6.1.134-152.225.amzn2023.x86_64,6,1,134,amzn,2023,2023,znver4,32.0,2.0,O2,1650275658.1575072,312412.57327307464,118182.0638888889,28.1361
c6i.16xlarge.znver3-Os.0.0,true,6,106,Intel,6.1.134-152.225.amzn2023.x86_64,6,1,134,amzn,2023,2023,znver3,32.0,2.0,Os,1614599677.636034,115006.0,1181.0,26.0043
c6i.16xlarge.znver3-Os.1.0,true,6,106,Intel,6.1.134-152.225.amzn2023.x86_64,6,1,134,amzn,2023,2023,znver3,32.0,2.0,Os,1614599677.636034,115006.0,1181.0,26.8902
c6i.16xlarge.znver3-Os.2.0,true,6,106,Intel,6.1.134-152.225.amzn2023.x86_64,6,1,134,amzn,2023,2023,znver3,32.0,2.0,Os,1614599677.636034,115006.0,1181.0,26.5026
c6i.16xlarge.znver1-O1.0.0,true,6,106,Intel,6.1.134-152.225.amzn2023.x86_64,6,1,134,amzn,2023,2023,znver1,32.0,2.0,O1,2130459719.2301462,583391.7142998495,172481.2742997526,25.1946
c6i.16xlarge.znver1-O1.1.0,true,6,106,Intel,6.1.134-152.225.amzn2023.x86_64,6,1,134,amzn,2023,2023,znver1,32.0,2.0,O1,2130459719.2301462,583391.7142998495,172481.2742997526,28.0474
c6i.16xlarge.znver1-O1.2.0,true,6,106,Intel,6.1.134-152.225.amzn2023.x86_64,6,1,134,amzn,2023,2023,znver1,32.0,2.0,O1,2130459719.2301462,583391.7142998495,172481.2742997526,28.1837
c6i.16xlarge.sandybridge-Os.0.0,true,6,106,Intel,6.1.134-152.225.amzn2023.x86_64,6,1,134,amzn,2023,2023,sandybridge,32.0,2.0,Os,2048956678.5020034,197275.0,4765.0,25.9786
c6i.16xlarge.sandybridge-Os.1.0,true,6,106,Intel,6.1.134-152.225.amzn2023.x86_64,6,1,134,amzn,2023,2023,sandybridge,32.0,2.0,Os,2048956678.5020034,197275.0,4765.0,24.0563
c6i.16xlarge.sandybridge-Os.2.0,true,6,106,Intel,6.1.134-152.225.amzn2023.x86_64,6,1,134,amzn,2023,2023,sandybridge,32.0,2.0,Os,2048956678.5020034,197275.0,4765.0,26.8567
c6i.16xlarge.btver2-Os.0.0,true,6,106,Intel,6.1.134-152.225.amzn2023.x86_64,6,1,134,amzn,2023,2023,btver2,32.0,2.0,Os,1937130831.7491074,580078.8950053626,231732.43076988292,26.2138
c6i.16xlarge.btver2-Os.1.0,true,6,106,Intel,6.1.134-152.225.amzn2023.x86_64,6,1,134,amzn,2023,2023,btver2,32.0,2.0,Os,1937130831.7491074,580078.8950053626,231732.43076988292,27.056
c6i.16xlarge.btver2-Os.2.0,true,6,106,Intel,6.1.134-152.225.amzn2023.x86_64,6,1,134,amzn,2023,2023,btver2,32.0,2.0,Os,1937130831.7491074,580078.8950053626,231732.43076988292,27.8823
c6i.16xlarge.znver2-Os.0.0,true,6,106,Intel,6.1.134-152.225.amzn2023.x86_64,6,1,134,amzn,2023,2023,znver2,32.0,2.0,Os,2061217147.891077,91952.4375,33989.375,26.2548
c6i.16xlarge.znver2-Os.1.0,true,6,106,Intel,6.1.134-152.225.amzn2023.x86_64,6,1,134,amzn,2023,2023,znver2,32.0,2.0,Os,2061217147.891077,91952.4375,33989.375,27.2031
c6i.16xlarge.znver2-Os.2.0,true,6,106,Intel,6.1.134-152.225.amzn2023.x86_64,6,1,134,amzn,2023,2023,znver2,32.0,2.0,Os,2061217147.891077,91952.4375,33989.375,27.9934
c6i.16xlarge.znver3-Ofast.0.0,true,6,106,Intel,6.1.134-152.225.amzn2023.x86_64,6,1,134,amzn,2023,2023,znver3,32.0,2.0,Ofast,1554130804.6216407,346119.63918819325,133751.93437997834,27.9365
c6i.16xlarge.znver3-Ofast.1.0,true,6,106,Intel,6.1.134-152.225.amzn2023.x86_64,6,1,134,amzn,2023,2023,znver3,32.0,2.0,Ofast,1554130804.6216407,346119.63918819325,133751.93437997834,28.525
c6i.16xlarge.znver3-Ofast.2.0,true,6,106,Intel,6.1.134-152.225.amzn2023.x86_64,6,1,134,amzn,2023,2023,znver3,32.0,2.0,Ofast,1554130804.6216407,346119.63918819325,133751.93437997834,28.4353
c6i.16xlarge.broadwell-Os.0.0,true,6,106,Intel,6.1.134-152.225.amzn2023.x86_64,6,1,134,amzn,2023,2023,broadwell,32.0,2.0,Os,2013522691.3441036,426175.5166487034,145824.3636306374,27.0366
c6i.16xlarge.broadwell-Os.1.0,true,6,106,Intel,6.1.134-152.225.amzn2023.x86_64,6,1,134,amzn,2023,2023,broadwell,32.0,2.0,Os,2013522691.3441036,426175.5166487034,145824.3636306374,28.1596
c6i.16xlarge.broadwell-Os.2.0,true,6,106,Intel,6.1.134-152.225.amzn2023.x86_64,6,1,134,amzn,2023,2023,broadwell,32.0,2.0,Os,2013522691.3441036,426175.5166487034,145824.3636306374,28.2936
c6i.16xlarge.znver3-O3.0.0,true,6,106,Intel,6.1.134-152.225.amzn2023.x86_64,6,1,134,amzn,2023,2023,znver3,32.0,2.0,O3,2013605191.665907,409216.3887709725,165105.7089822684,22.7894
c6i.16xlarge.znver3-O3.1.0,true,6,106,Intel,6.1.134-152.225.amzn2023.x86_64,6,1,134,amzn,2023,2023,znver3,32.0,2.0,O3,2013605191.665907,409216.3887709725,165105.7089822684,27.097
c6i.16xlarge.znver3-O3.2.0,true,6,106,Intel,6.1.134-152.225.amzn2023.x86_64,6,1,134,amzn,2023,2023,znver3,32.0,2.0,O3,2013605191.665907,409216.3887709725,165105.7089822684,27.3339
c6i.16xlarge.haswell-O3.0.0,true,6,106,Intel,6.1.134-152.225.amzn2023.x86_64,6,1,134,amzn,2023,2023,haswell,32.0,2.0,O3,1639279192.901794,308555.0575,112397.64811921297,27.3072
c6i.16xlarge.haswell-O3.1.0,true,6,106,Intel,6.1.134-152.225.amzn2023.x86_64,6,1,134,amzn,2023,2023,haswell,32.0,2.0,O3,1639279192.901794,308555.0575,112397.64811921297,28.4729
c6i.16xlarge.haswell-O3.2.0,true,6,106,Intel,6.1.134-152.225.amzn2023.x86_64,6,1,134,amzn,2023,2023,haswell,32.0,2.0,O3,1639279192.901794,308555.0575,112397.64811921297,27.918
c6i.16xlarge.znver3-O0.0.0,true,6,106,Intel,6.1.134-152.225.amzn2023.x86_64,6,1,134,amzn,2023,2023,znver3,32.0,2.0,O0,2528722638.193948,325629.1094613912,116821.7541398824,17.85
c6i.16xlarge.znver3-O0.1.0,true,6,106,Intel,6.1.134-152.225.amzn2023.x86_64,6,1,134,amzn,2023,2023,znver3,32.0,2.0,O0,2528722638.193948,325629.1094613912,116821.7541398824,17.5173
c6i.16xlarge.znver3-O0.2.0,true,6,106,Intel,6.1.134-152.225.amzn2023.x86_64,6,1,134,amzn,2023,2023,znver3,32.0,2.0,O0,2528722638.193948,325629.1094613912,116821.7541398824,19.9543
c6i.16xlarge.sapphirerapids-O0.0.0,true,6,106,Intel,6.1.134-152.225.amzn2023.x86_64,6,1,134,amzn,2023,2023,sapphirerapids,32.0,2.0,O0,2037506447.8044274,222608.64166666663,84902.61088435375,19.2523
c6i.16xlarge.sapphirerapids-O0.1.0,true,6,106,Intel,6.1.134-152.225.amzn2023.x86_64,6,1,134,amzn,2023,2023,sapphirerapids,32.0,2.0,O0,2037506447.8044274,222608.64166666663,84902.61088435375,19.7909
c6i.16xlarge.sapphirerapids-O0.2.0,true,6,106,Intel,6.1.134-152.225.amzn2023.x86_64,6,1,134,amzn,2023,2023,sapphirerapids,32.0,2.0,O0,2037506447.8044274,222608.64166666663,84902.61088435375,19.8097
c6i.16xlarge.haswell-Og.0.0,true,6,106,Intel,6.1.134-152.225.amzn2023.x86_64,6,1,134,amzn,2023,2023,haswell,32.0,2.0,Og,1453228214.1933076,542733.9180787809,219671.17337261,23.1205
c6i.16xlarge.haswell-Og.1.0,true,6,106,Intel,6.1.134-152.225.amzn2023.x86_64,6,1,134,amzn,2023,2023,haswell,32.0,2.0,Og,1453228214.1933076,542733.9180787809,219671.17337261,27.2511
c6i.16xlarge.haswell-Og.2.0,true,6,106,Intel,6.1.134-152.225.amzn2023.x86_64,6,1,134,amzn,2023,2023,haswell,32.0,2.0,Og,1453228214.1933076,542733.9180787809,219671.17337261,26.9952
c6i.16xlarge.znver1-Og.0.0,true,6,106,Intel,6.1.134-152.225.amzn2023.x86_64,6,1,134,amzn,2023,2023,znver1,32.0,2.0,Og,1534116265.2365148,494967.5469186111,190448.56342361862,24.8162
c6i.16xlarge.znver1-Og.1.0,true,6,106,Intel,6.1.134-152.225.amzn2023.x86_64,6,1,134,amzn,2023,2023,znver1,32.0,2.0,Og,1534116265.2365148,494967.5469186111,190448.56342361862,23.0593
c6i.16xlarge.znver1-Og.2.0,true,6,106,Intel,6.1.134-152.225.amzn2023.x86_64,6,1,134,amzn,2023,2023,znver1,32.0,2.0,Og,1534116265.2365148,494967.5469186111,190448.56342361862,27.093
c6i.16xlarge.ivybridge-Ofast.0.0,true,6,106,Intel,6.1.134-152.225.amzn2023.x86_64,6,1,134,amzn,2023,2023,ivybridge,32.0,2.0,Ofast,1719194762.905596,331539.37777777785,92407.93333333333,27.2115
c6i.16xlarge.ivybridge-Ofast.1.0,true,6,106,Intel,6.1.134-152.225.amzn2023.x86_64,6,1,134,amzn,2023,2023,ivybridge,32.0,2.0,Ofast,1719194762.905596,331539.37777777785,92407.93333333333,28.054
c6i.16xlarge.ivybridge-Ofast.2.0,true,6,106,Intel,6.1.134-152.225.amzn2023.x86_64,6,1,134,amzn,2023,2023,ivybridge,32.0,2.0,Ofast,1719194762.905596,331539.37777777785,92407.93333333333,28.3281
c6i.16xlarge.znver1-Ofast.0.0,true,6,106,Intel,6.1.134-152.225.amzn2023.x86_64,6,1,134,amzn,2023,2023,znver1,32.0,2.0,Ofast,2123205220.6709974,422495.1574483913,179453.04440791425,26.6994
c6i.16xlarge.znver1-Ofast.1.0,true,6,106,Intel,6.1.134-152.225.amzn2023.x86_64,6,1,134,amzn,2023,2023,znver1,32.0,2.0,Ofast,2123205220.6709974,422495.1574483913,179453.04440791425,27.267
c6i.16xlarge.znver1-Ofast.2.0,true,6,106,Intel,6.1.134-152.225.amzn2023.x86_64,6,1,134,amzn,2023,2023,znver1,32.0,2.0,Ofast,2123205220.6709974,422495.1574483913,179453.04440791425,27.5225
c6i.16xlarge.btver2-Ofast.0.0,true,6,106,Intel,6.1.134-152.225.amzn2023.x86_64,6,1,134,amzn,2023,2023,btver2,32.0,2.0,Ofast,2114418919.7680395,423389.02711119223,187541.4351712962,23.6631
c6i.16xlarge.btver2-Ofast.1.0,true,6,106,Intel,6.1.134-152.225.amzn2023.x86_64,6,1,134,amzn,2023,2023,btver2,32.0,2.0,Ofast,2114418919.7680395,423389.02711119223,187541.4351712962,27.6147
c6i.16xlarge.btver2-Ofast.2.0,true,6,106,Intel,6.1.134-152.225.amzn2023.x86_64,6,1,134,amzn,2023,2023,btver2,32.0,2.0,Ofast,2114418919.7680395,423389.02711119223,187541.4351712962,27.4422
c6i.16xlarge.native-Ofast.0.0,true,6,106,Intel,6.1.134-152.225.amzn2023.x86_64,6,1,134,amzn,2023,2023,native,32.0,2.0,Ofast,1590087419.4225972,406938.46008802013,127110.68450520834,25.681
c6i.16xlarge.native-Ofast.1.0,true,6,106,Intel,6.1.134-152.225.amzn2023.x86_64,6,1,134,amzn,2023,2023,native,32.0,2.0,Ofast,1590087419.4225972,406938.46008802013,127110.68450520834,25.0385
c6i.16xlarge.native-Ofast.2.0,true,6,106,Intel,6.1.134-152.225.amzn2023.x86_64,6,1,134,amzn,2023,2023,native,32.0,2.0,Ofast,1590087419.4225972,406938.46008802013,127110.68450520834,28.1287
c6i.16xlarge.znver4-Ofast.0.0,true,6,106,Intel,6.1.134-152.225.amzn2023.x86_64,6,1,134,amzn,2023,2023,znver4,32.0,2.0,Ofast,1097819402.463487,159001.50000000003,48447.75,26.8713
c6i.16xlarge.znver4-Ofast.1.0,true,6,106,Intel,6.1.134-152.225.amzn2023.x86_64,6,1,134,amzn,2023,2023,znver4,32.0,2.0,Ofast,1097819402.463487,159001.50000000003,48447.75,27.005
c6i.16xlarge.znver4-Ofast.2.0,true,6,106,Intel,6.1.134-152.225.amzn2023.x86_64,6,1,134,amzn,2023,2023,znver4,32.0,2.0,Ofast,1097819402.463487,159001.50000000003,48447.75,27.4791
c6i.16xlarge.skylake-Ofast.0.0,true,6,106,Intel,6.1.134-152.225.amzn2023.x86_64,6,1,134,amzn,2023,2023,skylake,32.0,2.0,Ofast,1973584255.6031642,544929.424218582,224026.56847257106,27.4233
c6i.16xlarge.skylake-Ofast.1.0,true,6,106,Intel,6.1.134-152.225.amzn2023.x86_64,6,1,134,amzn,2023,2023,skylake,32.0,2.0,Ofast,1973584255.6031642,544929.424218582,224026.56847257106,28.1311
c6i.16xlarge.skylake-Ofast.2.0,true,6,106,Intel,6.1.134-152.225.amzn2023.x86_64,6,1,134,amzn,2023,2023,skylake,32.0,2.0,Ofast,1973584255.6031642,544929.424218582,224026.56847257106,27.7477
c6i.16xlarge.x86-64-v3-O2.0.0,true,6,106,Intel,6.1.134-152.225.amzn2023.x86_64,6,1,134,amzn,2023,2023,x86-64-v3,32.0,2.0,O2,2109818525.3706827,609621.4744866462,237881.58275311528,25.5804
c6i.16xlarge.x86-64-v3-O2.1.0,true,6,106,Intel,6.1.134-152.225.amzn2023.x86_64,6,1,134,amzn,2023,2023,x86-64-v3,32.0,2.0,O2,2109818525.3706827,609621.4744866462,237881.58275311528,27.2366
c6i.16xlarge.x86-64-v3-O2.2.0,true,6,106,Intel,6.1.134-152.225.amzn2023.x86_64,6,1,134,amzn,2023,2023,x86-64-v3,32.0,2.0,O2,2109818525.3706827,609621.4744866462,237881.58275311528,27.3119
c6i.16xlarge.x86-64-v3-Ofast.0.0,true,6,106,Intel,6.1.134-152.225.amzn2023.x86_64,6,1,134,amzn,2023,2023,x86-64-v3,32.0,2.0,Ofast,2022366301.3792348,32594.0,99286.0,23.11
c6i.16xlarge.x86-64-v3-Ofast.1.0,true,6,106,Intel,6.1.134-152.225.amzn2023.x86_64,6,1,134,amzn,2023,2023,x86-64-v3,32.0,2.0,Ofast,2022366301.3792348,32594.0,99286.0,27.5067
c6i.16xlarge.x86-64-v3-Ofast.2.0,true,6,106,Intel,6.1.134-152.225.amzn2023.x86_64,6,1,134,amzn,2023,2023,x86-64-v3,32.0,2.0,Ofast,2022366301.3792348,32594.0,99286.0,27.2187
c6i.16xlarge.znver4-O0.0.0,true,6,106,Intel,6.1.134-152.225.amzn2023.x86_64,6,1,134,amzn,2023,2023,znver4,32.0,2.0,O0,2439380317.8059874,179526.0,16050.0,16.8194
c6i.16xlarge.znver4-O0.1.0,true,6,106,Intel,6.1.134-152.225.amzn2023.x86_64,6,1,134,amzn,2023,2023,znver4,32.0,2.0,O0,2439380317.8059874,179526.0,16050.0,20.3092
c6i.16xlarge.znver4-O0.2.0,true,6,106,Intel,6.1.134-152.225.amzn2023.x86_64,6,1,134,amzn,2023,2023,znver4,32.0,2.0,O0,2439380317.8059874,179526.0,16050.0,19.8925
c6i.16xlarge.znver4-Os.0.0,true,6,106,Intel,6.1.134-152.225.amzn2023.x86_64,6,1,134,amzn,2023,2023,znver4,32.0,2.0,Os,1964952295.5383098,427640.49609240366,100002.15782919696,26.3445
c6i.16xlarge.znver4-Os.1.0,true,6,106,Intel,6.1.134-152.225.amzn2023.x86_64,6,1,134,amzn,2023,2023,znver4,32.0,2.0,Os,1964952295.5383098,427640.49609240366,100002.15782919696,24.5536
c6i.16xlarge.znver4-Os.2.0,true,6,106,Intel,6.1.134-152.225.amzn2023.x86_64,6,1,134,amzn,2023,2023,znver4,32.0,2.0,Os,1964952295.5383098,427640.49609240366,100002.15782919696,28.088
c6i.16xlarge.skylake-O2.0.0,true,6,106,Intel,6.1.134-152.225.amzn2023.x86_64,6,1,134,amzn,2023,2023,skylake,32.0,2.0,O2,1564574896.8504474,377773.1399519656,157381.281002599,27.1045
c6i.16xlarge.skylake-O2.1.0,true,6,106,Intel,6.1.134-152.225.amzn2023.x86_64,6,1,134,amzn,2023,2023,skylake,32.0,2.0,O2,1564574896.8504474,377773.1399519656,157381.281002599,27.0686
c6i.16xlarge.skylake-O2.2.0,true,6,106,Intel,6.1.134-152.225.amzn2023.x86_64,6,1,134,amzn,2023,2023,skylake,32.0,2.0,O2,1564574896.8504474,377773.1399519656,157381.281002599,28.3988
c6i.16xlarge.native-O0.0.0,true,6,106,Intel,6.1.134-152.225.amzn2023.x86_64,6,1,134,amzn,2023,2023,native,32.0,2.0,O0,3177477874.6476083,57606.0,1509467.0,19.0077
c6i.16xlarge.native-O0.1.0,true,6,106,Intel,6.1.134-152.225.amzn2023.x86_64,6,1,134,amzn,2023,2023,native,32.0,2.0,O0,3177477874.6476083,57606.0,1509467.0,17.5135
c6i.16xlarge.native-O0.2.0,true,6,106,Intel,6.1.134-152.225.amzn2023.x86_64,6,1,134,amzn,2023,2023,native,32.0,2.0,O0,3177477874.6476083,57606.0,1509467.0,19.6644
c6i.16xlarge.x86-64-v4-Og.0.0,true,6,106,Intel,6.1.134-152.225.amzn2023.x86_64,6,1,134,amzn,2023,2023,x86-64-v4,32.0,2.0,Og,2045655975.408881,422869.1335597926,167149.73255034196,24.7174
c6i.16xlarge.x86-64-v4-Og.1.0,true,6,106,Intel,6.1.134-152.225.amzn2023.x86_64,6,1,134,amzn,2023,2023,x86-64-v4,32.0,2.0,Og,2045655975.408881,422869.1335597926,167149.73255034196,24.3412
c6i.16xlarge.x86-64-v4-Og.2.0,true,6,106,Intel,6.1.134-152.225.amzn2023.x86_64,6,1,134,amzn,2023,2023,x86-64-v4,32.0,2.0,Og,2045655975.408881,422869.1335597926,167149.73255034196,26.8585
c6i.16xlarge.sandybridge-O3.0.0,true,6,106,Intel,6.1.134-152.225.amzn2023.x86_64,6,1,134,amzn,2023,2023,sandybridge,32.0,2.0,O3,1115305766.3115025,238777.19999999998,91126.6888888889,26.4625
c6i.16xlarge.sandybridge-O3.1.0,true,6,106,Intel,6.1.134-152.225.amzn2023.x86_64,6,1,134,amzn,2023,2023,sandybridge,32.0,2.0,O3,1115305766.3115025,238777.19999999998,91126.6888888889,26.9978
c6i.16xlarge.sandybridge-O3.2.0,true,6,106,Intel,6.1.134-152.225.amzn2023.x86_64,6,1,134,amzn,2023,2023,sandybridge,32.0,2.0,O3,1115305766.3115025,238777.19999999998,91126.6888888889,27.1741
c6i.16xlarge.skylake-Os.0.0,true,6,106,Intel,6.1.134-152.225.amzn2023.x86_64,6,1,134,amzn,2023,2023,skylake,32.0,2.0,Os,1680225397.2989097,46029.0,1553912.0,26.304
c6i.16xlarge.skylake-Os.1.0,true,6,106,Intel,6.1.134-152.225.amzn2023.x86_64,6,1,134,amzn,2023,2023,skylake,32.0,2.0,Os,1680225397.2989097,46029.0,1553912.0,27.0348
c6i.16xlarge.skylake-Os.2.0,true,6,106,Intel,6.1.134-152.225.amzn2023.x86_64,6,1,134,amzn,2023,2023,skylake,32.0,2.0,Os,1680225397.2989097,46029.0,1553912.0,27.3365
c6i.16xlarge.znver4-O3.0.0,true,6,106,Intel,6.1.134-152.225.amzn2023.x86_64,6,1,134,amzn,2023,2023,znver4,32.0,2.0,O3,1724834115.4068222,394908.2589874858,157698.8946641294,27.5025
c6i.16xlarge.znver4-O3.1.0,true,6,106,Intel,6.1.134-152.225.amzn2023.x86_64,6,1,134,amzn,2023,2023,znver4,32.0,2.0,O3,1724834115.4068222,394908.2589874858,157698.8946641294,28.1456
c6i.16xlarge.znver4-O3.2.0,true,6,106,Intel,6.1.134-152.225.amzn2023.x86_64,6,1,134,amzn,2023,2023,znver4,32.0,2.0,O3,1724834115.4068222,394908.2589874858,157698.8946641294,28.3341
c6i.16xlarge.btver2-O3.0.0,true,6,106,Intel,6.1.134-152.225.amzn2023.x86_64,6,1,134,amzn,2023,2023,btver2,32.0,2.0,O3,2109510225.711143,45912.0,10926.0,26.7544
c6i.16xlarge.btver2-O3.1.0,true,6,106,Intel,6.1.134-152.225.amzn2023.x86_64,6,1,134,amzn,2023,2023,btver2,32.0,2.0,O3,2109510225.711143,45912.0,10926.0,24.3495
c6i.16xlarge.btver2-O3.2.0,true,6,106,Intel,6.1.134-152.225.amzn2023.x86_64,6,1,134,amzn,2023,2023,btver2,32.0,2.0,O3,2109510225.711143,45912.0,10926.0,27.5809
c6i.16xlarge.znver2-Ofast.0.0,true,6,106,Intel,6.1.134-152.225.amzn2023.x86_64,6,1,134,amzn,2023,2023,znver2,32.0,2.0,Ofast,2059024222.470063,415551.978125,101284.45683862435,26.232
c6i.16xlarge.znver2-Ofast.1.0,true,6,106,Intel,6.1.134-152.225.amzn2023.x86_64,6,1,134,amzn,2023,2023,znver2,32.0,2.0,Ofast,2059024222.470063,415551.978125,101284.45683862435,27.9078
c6i.16xlarge.znver2-Ofast.2.0,true,6,106,Intel,6.1.134-152.225.amzn2023.x86_64,6,1,134,amzn,2023,2023,znver2,32.0,2.0,Ofast,2059024222.470063,415551.978125,101284.45683862435,28.0676
c6i.16xlarge.skylake-avx512-O2.0.0,true,6,106,Intel,6.1.134-152.225.amzn2023.x86_64,6,1,134,amzn,2023,2023,skylake-avx512,32.0,2.0,O2,1483684214.5896044,453130.05030793976,172672.792481,27.3991
c6i.16xlarge.skylake-avx512-O2.1.0,true,6,106,Intel,6.1.134-152.225.amzn2023.x86_64,6,1,134,amzn,2023,2023,skylake-avx512,32.0,2.0,O2,1483684214.5896044,453130.05030793976,172672.792481,27.9445
c6i.16xlarge.skylake-avx512-O2.2.0,true,6,106,Intel,6.1.134-152.225.amzn2023.x86_64,6,1,134,amzn,2023,2023,skylake-avx512,32.0,2.0,O2,1483684214.5896044,453130.05030793976,172672.792481,27.1037
c6i.16xlarge.x86-64-v4-O0.0.0,true,6,106,Intel,6.1.134-152.225.amzn2023.x86_64,6,1,134,amzn,2023,2023,x86-64-v4,32.0,2.0,O0,2675744297.4857526,546180.1368793532,214128.80171939218,19.6712
c6i.16xlarge.x86-64-v4-O0.1.0,true,6,106,Intel,6.1.134-152.225.amzn2023.x86_64,6,1,134,amzn,2023,2023,x86-64-v4,32.0,2.0,O0,2675744297.4857526,546180.1368793532,214128.80171939218,19.5022
c6i.16xlarge.x86-64-v4-O0.2.0,true,6,106,Intel,6.1.134-152.225.amzn2023.x86_64,6,1,134,amzn,2023,2023,x86-64-v4,32.0,2.0,O0,2675744297.4857526,546180.1368793532,214128.80171939218,19.9054
c6i.16xlarge.sapphirerapids-Os.0.0,true,6,106,Intel,6.1.134-152.225.amzn2023.x86_64,6,1,134,amzn,2023,2023,sapphirerapids,32.0,2.0,Os,1901689106.9726741,16155.0,4446.0,23.2576
c6i.16xlarge.sapphirerapids-Os.1.0,true,6,106,Intel,6.1.134-152.225.amzn2023.x86_64,6,1,134,amzn,2023,2023,sapphirerapids,32.0,2.0,Os,1901689106.9726741,16155.0,4446.0,28.236
c6i.16xlarge.sapphirerapids-Os.2.0,true,6,106,Intel,6.1.134-152.225.amzn2023.x86_64,6,1,134,amzn,2023,2023,sapphirerapids,32.0,2.0,Os,1901689106.9726741,16155.0,4446.0,28.2375
c6i.16xlarge.x86-64-v3-O0.0.0,true,6,106,Intel,6.1.134-152.225.amzn2023.x86_64,6,1,134,amzn,2023,2023,x86-64-v3,32.0,2.0,O0,2290055958.0847716,321260.68174603174,153594.9425394376,17.97
c6i.16xlarge.x86-64-v3-O0.1.0,true,6,106,Intel,6.1.134-152.225.amzn2023.x86_64,6,1,134,amzn,2023,2023,x86-64-v3,32.0,2.0,O0,2290055958.0847716,321260.68174603174,153594.9425394376,17.2707
c6i.16xlarge.x86-64-v3-O0.2.0,true,6,106,Intel,6.1.134-152.225.amzn2023.x86_64,6,1,134,amzn,2023,2023,x86-64-v3,32.0,2.0,O0,2290055958.0847716,321260.68174603174,153594.9425394376,20.2539
c6i.16xlarge.x86-64-v2-Ofast.0.0,true,6,106,Intel,6.1.134-152.225.amzn2023.x86_64,6,1,134,amzn,2023,2023,x86-64-v2,32.0,2.0,Ofast,1702305134.9525957,440610.4722222223,143435.4,26.9592
c6i.16xlarge.x86-64-v2-Ofast.1.0,true,6,106,Intel,6.1.134-152.225.amzn2023.x86_64,6,1,134,amzn,2023,2023,x86-64-v2,32.0,2.0,Ofast,1702305134.9525957,440610.4722222223,143435.4,28.2153
c6i.16xlarge.x86-64-v2-Ofast.2.0,true,6,106,Intel,6.1.134-152.225.amzn2023.x86_64,6,1,134,amzn,2023,2023,x86-64-v2,32.0,2.0,Ofast,1702305134.9525957,440610.4722222223,143435.4,28.3292
c6i.16xlarge.icelake-server-Ofast.0.0,true,6,106,Intel,6.1.134-152.225.amzn2023.x86_64,6,1,134,amzn,2023,2023,icelake-server,32.0,2.0,Ofast,1718418072.8879676,552735.3872949831,240576.44912078866,27.117
c6i.16xlarge.icelake-server-Ofast.1.0,true,6,106,Intel,6.1.134-152.225.amzn2023.x86_64,6,1,134,amzn,2023,2023,icelake-server,32.0,2.0,Ofast,1718418072.8879676,552735.3872949831,240576.44912078866,28.2599
c6i.16xlarge.icelake-server-Ofast.2.0,true,6,106,Intel,6.1.134-152.225.amzn2023.x86_64,6,1,134,amzn,2023,2023,icelake-server,32.0,2.0,Ofast,1718418072.8879676,552735.3872949831,240576.44912078866,28.124
c6i.16xlarge.znver2-O1.0.0,true,6,106,Intel,6.1.134-152.225.amzn2023.x86_64,6,1,134,amzn,2023,2023,znver2,32.0,2.0,O1,2085839452.500182,475493.9920279209,180608.9253875962,26.397
c6i.16xlarge.znver2-O1.1.0,true,6,106,Intel,6.1.134-152.225.amzn2023.x86_64,6,1,134,amzn,2023,2023,znver2,32.0,2.0,O1,2085839452.500182,475493.9920279209,180608.9253875962,24.0651
c6i.16xlarge.znver2-O1.2.0,true,6,106,Intel,6.1.134-152.225.amzn2023.x86_64,6,1,134,amzn,2023,2023,znver2,32.0,2.0,O1,2085839452.500182,475493.9920279209,180608.9253875962,27.0036
c6i.16xlarge.broadwell-Og.0.0,true,6,106,Intel,6.1.134-152.225.amzn2023.x86_64,6,1,134,amzn,2023,2023,broadwell,32.0,2.0,Og,1568453653.5421183,520481.81695014564,206163.80930786155,26.9181
c6i.16xlarge.broadwell-Og.1.0,true,6,106,Intel,6.1.134-152.225.amzn2023.x86_64,6,1,134,amzn,2023,2023,broadwell,32.0,2.0,Og,1568453653.5421183,520481.81695014564,206163.80930786155,27.9618
c6i.16xlarge.broadwell-Og.2.0,true,6,106,Intel,6.1.134-152.225.amzn2023.x86_64,6,1,134,amzn,2023,2023,broadwell,32.0,2.0,Og,1568453653.5421183,520481.81695014564,206163.80930786155,28.0548
c6i.16xlarge.icelake-server-O0.0.0,true,6,106,Intel,6.1.134-152.225.amzn2023.x86_64,6,1,134,amzn,2023,2023,icelake-server,32.0,2.0,O0,2915902918.3808784,437185.8386731903,152842.60794103317,17.9782
c6i.16xlarge.icelake-server-O0.1.0,true,6,106,Intel,6.1.134-152.225.amzn2023.x86_64,6,1,134,amzn,2023,2023,icelake-server,32.0,2.0,O0,2915902918.3808784,437185.8386731903,152842.60794103317,17.2166
c6i.16xlarge.icelake-server-O0.2.0,true,6,106,Intel,6.1.134-152.225.amzn2023.x86_64,6,1,134,amzn,2023,2023,icelake-server,32.0,2.0,O0,2915902918.3808784,437185.8386731903,152842.60794103317,20.3162
c6i.16xlarge.x86-64-v3-O1.0.0,true,6,106,Intel,6.1.134-152.225.amzn2023.x86_64,6,1,134,amzn,2023,2023,x86-64-v3,32.0,2.0,O1,2005518678.1429772,439212.00252859294,166851.33718791336,22.7831
c6i.16xlarge.x86-64-v3-O1.1.0,true,6,106,Intel,6.1.134-152.225.amzn2023.x86_64,6,1,134,amzn,2023,2023,x86-64-v3,32.0,2.0,O1,2005518678.1429772,439212.00252859294,166851.33718791336,27.2061
c6i.16xlarge.x86-64-v3-O1.2.0,true,6,106,Intel,6.1.134-152.225.amzn2023.x86_64,6,1,134,amzn,2023,2023,x86-64-v3,32.0,2.0,O1,2005518678.1429772,439212.00252859294,166851.33718791336,27.3037
c6i.16xlarge.x86-64-v4-O1.0.0,true,6,106,Intel,6.1.134-152.225.amzn2023.x86_64,6,1,134,amzn,2023,2023,x86-64-v4,32.0,2.0,O1,2182037441.38201,19347.0,896.0,23.949
c6i.16xlarge.x86-64-v4-O1.1.0,true,6,106,Intel,6.1.134-152.225.amzn2023.x86_64,6,1,134,amzn,2023,2023,x86-64-v4,32.0,2.0,O1,2182037441.38201,19347.0,896.0,27.1042
c6i.16xlarge.x86-64-v4-O1.2.0,true,6,106,Intel,6.1.134-152.225.amzn2023.x86_64,6,1,134,amzn,2023,2023,x86-64-v4,32.0,2.0,O1,2182037441.38201,19347.0,896.0,27.2125
c6i.16xlarge.skylake-O0.0.0,true,6,106,Intel,6.1.134-152.225.amzn2023.x86_64,6,1,134,amzn,2023,2023,skylake,32.0,2.0,O0,3024987338.659001,436331.1566876653,136105.9344222851,16.5057
c6i.16xlarge.skylake-O0.1.0,true,6,106,Intel,6.1.134-152.225.amzn2023.x86_64,6,1,134,amzn,2023,2023,skylake,32.0,2.0,O0,3024987338.659001,436331.1566876653,136105.9344222851,19.8003
c6i.16xlarge.skylake-O0.2.0,true,6,106,Intel,6.1.134-152.225.amzn2023.x86_64,6,1,134,amzn,2023,2023,skylake,32.0,2.0,O0,3024987338.659001,436331.1566876653,136105.9344222851,19.7946
c6i.16xlarge.bdver4-O1.0.0,true,6,106,Intel,6.1.134-152.225.amzn2023.x86_64,6,1,134,amzn,2023,2023,bdver4,32.0,2.0,O1,1828616448.1728795,398523.2426303855,119032.78279219945,26.4991
c6i.16xlarge.bdver4-O1.1.0,true,6,106,Intel,6.1.134-152.225.amzn2023.x86_64,6,1,134,amzn,2023,2023,bdver4,32.0,2.0,O1,1828616448.1728795,398523.2426303855,119032.78279219945,27.3051
c6i.16xlarge.bdver4-O1.2.0,true,6,106,Intel,6.1.134-152.225.amzn2023.x86_64,6,1,134,amzn,2023,2023,bdver4,32.0,2.0,O1,1828616448.1728795,398523.2426303855,119032.78279219945,27.3664
c6i.16xlarge.x86-64-v2-O3.0.0,true,6,106,Intel,6.1.134-152.225.amzn2023.x86_64,6,1,134,amzn,2023,2023,x86-64-v2,32.0,2.0,O3,1810000608.800421,418380.34523809527,130588.77911277245,26.586
c6i.16xlarge.x86-64-v2-O3.1.0,true,6,106,Intel,6.1.134-152.225.amzn2023.x86_64,6,1,134,amzn,2023,2023,x86-64-v2,32.0,2.0,O3,1810000608.800421,418380.34523809527,130588.77911277245,27.0901
c6i.16xlarge.x86-64-v2-O3.2.0,true,6,106,Intel,6.1.134-152.225.amzn2023.x86_64,6,1,134,amzn,2023,2023,x86-64-v2,32.0,2.0,O3,1810000608.800421,418380.34523809527,130588.77911277245,27.3664
c6i.16xlarge.skylake-avx512-O0.0.0,true,6,106,Intel,6.1.134-152.225.amzn2023.x86_64,6,1,134,amzn,2023,2023,skylake-avx512,32.0,2.0,O0,3105560601.164189,449042.3368055556,183979.7896246693,17.9454
c6i.16xlarge.skylake-avx512-O0.1.0,true,6,106,Intel,6.1.134-152.225.amzn2023.x86_64,6,1,134,amzn,2023,2023,skylake-avx512,32.0,2.0,O0,3105560601.164189,449042.3368055556,183979.7896246693,17.706
c6i.16xlarge.skylake-avx512-O0.2.0,true,6,106,Intel,6.1.134-152.225.amzn2023.x86_64,6,1,134,amzn,2023,2023,skylake-avx512,32.0,2.0,O0,3105560601.164189,449042.3368055556,183979.7896246693,19.6195
c6i.16xlarge.broadwell-O2.0.0,true,6,106,Intel,6.1.134-152.225.amzn2023.x86_64,6,1,134,amzn,2023,2023,broadwell,32.0,2.0,O2,2093939599.3221436,26082.0,918.0,26.8832
c6i.16xlarge.broadwell-O2.1.0,true,6,106,Intel,6.1.134-152.225.amzn2023.x86_64,6,1,134,amzn,2023,2023,broadwell,32.0,2.0,O2,2093939599.3221436,26082.0,918.0,27.3719
c6i.16xlarge.broadwell-O2.2.0,true,6,106,Intel,6.1.134-152.225.amzn2023.x86_64,6,1,134,amzn,2023,2023,broadwell,32.0,2.0,O2,2093939599.3221436,26082.0,918.0,27.5119
c6i.16xlarge.znver3-Og.0.0,true,6,106,Intel,6.1.134-152.225.amzn2023.x86_64,6,1,134,amzn,2023,2023,znver3,32.0,2.0,Og,2051950622.9635453,420870.36818144337,164280.1185294456,22.2133
c6i.16xlarge.znver3-Og.1.0,true,6,106,Intel,6.1.134-152.225.amzn2023.x86_64,6,1,134,amzn,2023,2023,znver3,32.0,2.0,Og,2051950622.9635453,420870.36818144337,164280.1185294456,27.0071
c6i.16xlarge.znver3-Og.2.0,true,6,106,Intel,6.1.134-152.225.amzn2023.x86_64,6,1,134,amzn,2023,2023,znver3,32.0,2.0,Og,2051950622.9635453,420870.36818144337,164280.1185294456,27.0095
c6i.16xlarge.sandybridge-O0.0.0,true,6,106,Intel,6.1.134-152.225.amzn2023.x86_64,6,1,134,amzn,2023,2023,sandybridge,32.0,2.0,O0,3076218069.669303,314613.0,13580.0,17.9003
c6i.16xlarge.sandybridge-O0.1.0,true,6,106,Intel,6.1.134-152.225.amzn2023.x86_64,6,1,134,amzn,2023,2023,sandybridge,32.0,2.0,O0,3076218069.669303,314613.0,13580.0,19.6804
c6i.16xlarge.sandybridge-O0.2.0,true,6,106,Intel,6.1.134-152.225.amzn2023.x86_64,6,1,134,amzn,2023,2023,sandybridge,32.0,2.0,O0,3076218069.669303,314613.0,13580.0,19.7968
c6i.16xlarge.skylake-O3.0.0,true,6,106,Intel,6.1.134-152.225.amzn2023.x86_64,6,1,134,amzn,2023,2023,skylake,32.0,2.0,O3,1353000436.6727722,436252.2537589563,188876.76438074297,22.9597
c6i.16xlarge.skylake-O3.1.0,true,6,106,Intel,6.1.134-152.225.amzn2023.x86_64,6,1,134,amzn,2023,2023,skylake,32.0,2.0,O3,1353000436.6727722,436252.2537589563,188876.76438074297,28.396
c6i.16xlarge.skylake-O3.2.0,true,6,106,Intel,6.1.134-152.225.amzn2023.x86_64,6,1,134,amzn,2023,2023,skylake,32.0,2.0,O3,1353000436.6727722,436252.2537589563,188876.76438074297,28.0187
c6i.16xlarge.x86-64-v4-O2.0.0,true,6,106,Intel,6.1.134-152.225.amzn2023.x86_64,6,1,134,amzn,2023,2023,x86-64-v4,32.0,2.0,O2,1960658915.341427,400524.3933136179,186390.5952087331,26.5621
c6i.16xlarge.x86-64-v4-O2.1.0,true,6,106,Intel,6.1.134-152.225.amzn2023.x86_64,6,1,134,amzn,2023,2023,x86-64-v4,32.0,2.0,O2,1960658915.341427,400524.3933136179,186390.5952087331,27.4113
c6i.16xlarge.x86-64-v4-O2.2.0,true,6,106,Intel,6.1.134-152.225.amzn2023.x86_64,6,1,134,amzn,2023,2023,x86-64-v4,32.0,2.0,O2,1960658915.341427,400524.3933136179,186390.5952087331,27.5789
c6i.16xlarge.sapphirerapids-O2.0.0,true,6,106,Intel,6.1.134-152.225.amzn2023.x86_64,6,1,134,amzn,2023,2023,sapphirerapids,32.0,2.0,O2,968643106.9310215,67512.0,20908.0,28.1833
c6i.16xlarge.sapphirerapids-O2.1.0,true,6,106,Intel,6.1.134-152.225.amzn2023.x86_64,6,1,134,amzn,2023,2023,sapphirerapids,32.0,2.0,O2,968643106.9310215,67512.0,20908.0,24.2301
c6i.16xlarge.sapphirerapids-O2.2.0,true,6,106,Intel,6.1.134-152.225.amzn2023.x86_64,6,1,134,amzn,2023,2023,sapphirerapids,32.0,2.0,O2,968643106.9310215,67512.0,20908.0,27.3062
c6i.16xlarge.ivybridge-O2.0.0,true,6,106,Intel,6.1.134-152.225.amzn2023.x86_64,6,1,134,amzn,2023,2023,ivybridge,32.0,2.0,O2,2112032656.9164112,515085.0,4262.0,23.5664
c6i.16xlarge.ivybridge-O2.1.0,true,6,106,Intel,6.1.134-152.225.amzn2023.x86_64,6,1,134,amzn,2023,2023,ivybridge,32.0,2.0,O2,2112032656.9164112,515085.0,4262.0,27.4193
c6i.16xlarge.ivybridge-O2.2.0,true,6,106,Intel,6.1.134-152.225.amzn2023.x86_64,6,1,134,amzn,2023,2023,ivybridge,32.0,2.0,O2,2112032656.9164112,515085.0,4262.0,27.4405
c6i.16xlarge.znver4-O1.0.0,true,6,106,Intel,6.1.134-152.225.amzn2023.x86_64,6,1,134,amzn,2023,2023,znver4,32.0,2.0,O1,1969543801.5332158,442249.20010528195,183493.85358350404,24.8062
c6i.16xlarge.znver4-O1.1.0,true,6,106,Intel,6.1.134-152.225.amzn2023.x86_64,6,1,134,amzn,2023,2023,znver4,32.0,2.0,O1,1969543801.5332158,442249.20010528195,183493.85358350404,24.521
c6i.16xlarge.znver4-O1.2.0,true,6,106,Intel,6.1.134-152.225.amzn2023.x86_64,6,1,134,amzn,2023,2023,znver4,32.0,2.0,O1,1969543801.5332158,442249.20010528195,183493.85358350404,27.3351
c6i.16xlarge.sapphirerapids-Og.0.0,true,6,106,Intel,6.1.134-152.225.amzn2023.x86_64,6,1,134,amzn,2023,2023,sapphirerapids,32.0,2.0,Og,2033866439.3695626,575937.1597100479,242357.76407774235,23.7135
c6i.16xlarge.sapphirerapids-Og.1.0,true,6,106,Intel,6.1.134-152.225.amzn2023.x86_64,6,1,134,amzn,2023,2023,sapphirerapids,32.0,2.0,Og,2033866439.3695626,575937.1597100479,242357.76407774235,26.9946
c6i.16xlarge.sapphirerapids-Og.2.0,true,6,106,Intel,6.1.134-152.225.amzn2023.x86_64,6,1,134,amzn,2023,2023,sapphirerapids,32.0,2.0,Og,2033866439.3695626,575937.1597100479,242357.76407774235,27.0776
c6i.16xlarge.ivybridge-O0.0.0,true,6,106,Intel,6.1.134-152.225.amzn2023.x86_64,6,1,134,amzn,2023,2023,ivybridge,32.0,2.0,O0,2673358718.5242486,353429.7284120936,126336.57267650461,18.8842
c6i.16xlarge.ivybridge-O0.1.0,true,6,106,Intel,6.1.134-152.225.amzn2023.x86_64,6,1,134,amzn,2023,2023,ivybridge,32.0,2.0,O0,2673358718.5242486,353429.7284120936,126336.57267650461,19.5234
c6i.16xlarge.ivybridge-O0.2.0,true,6,106,Intel,6.1.134-152.225.amzn2023.x86_64,6,1,134,amzn,2023,2023,ivybridge,32.0,2.0,O0,2673358718.5242486,353429.7284120936,126336.57267650461,19.7259
c6i.16xlarge.znver3-O2.0.0,true,6,106,Intel,6.1.134-152.225.amzn2023.x86_64,6,1,134,amzn,2023,2023,znver3,32.0,2.0,O2,1796166846.197587,316237.9277777778,127280.97777777778,27.1629
c6i.16xlarge.znver3-O2.1.0,true,6,106,Intel,6.1.134-152.225.amzn2023.x86_64,6,1,134,amzn,2023,2023,znver3,32.0,2.0,O2,1796166846.197587,316237.9277777778,127280.97777777778,27.9003
c6i.16xlarge.znver3-O2.2.0,true,6,106,Intel,6.1.134-152.225.amzn2023.x86_64,6,1,134,amzn,2023,2023,znver3,32.0,2.0,O2,1796166846.197587,316237.9277777778,127280.97777777778,27.9507
c6i.16xlarge.znver1-O3.0.0,true,6,106,Intel,6.1.134-152.225.amzn2023.x86_64,6,1,134,amzn,2023,2023,znver1,32.0,2.0,O3,1423885584.214342,28872.0,923.0,22.1489
c6i.16xlarge.znver1-O3.1.0,true,6,106,Intel,6.1.134-152.225.amzn2023.x86_64,6,1,134,amzn,2023,2023,znver1,32.0,2.0,O3,1423885584.214342,28872.0,923.0,27.6331
c6i.16xlarge.znver1-O3.2.0,true,6,106,Intel,6.1.134-152.225.amzn2023.x86_64,6,1,134,amzn,2023,2023,znver1,32.0,2.0,O3,1423885584.214342,28872.0,923.0,27.0353
c6i.16xlarge.znver2-O0.0.0,true,6,106,Intel,6.1.134-152.225.amzn2023.x86_64,6,1,134,amzn,2023,2023,znver2,32.0,2.0,O0,3148681289.05691,351304.78224206355,181179.53146258503,17.4684
c6i.16xlarge.znver2-O0.1.0,true,6,106,Intel,6.1.134-152.225.amzn2023.x86_64,6,1,134,amzn,2023,2023,znver2,32.0,2.0,O0,3148681289.05691,351304.78224206355,181179.53146258503,19.7576
c6i.16xlarge.znver2-O0.2.0,true,6,106,Intel,6.1.134-152.225.amzn2023.x86_64,6,1,134,amzn,2023,2023,znver2,32.0,2.0,O0,3148681289.05691,351304.78224206355,181179.53146258503,19.7858
c6i.16xlarge.x86-64-v2-Os.0.0,true,6,106,Intel,6.1.134-152.225.amzn2023.x86_64,6,1,134,amzn,2023,2023,x86-64-v2,32.0,2.0,Os,2126873609.9552681,23084.0,918.0,23.35
c6i.16xlarge.x86-64-v2-Os.1.0,true,6,106,Intel,6.1.134-152.225.amzn2023.x86_64,6,1,134,amzn,2023,2023,x86-64-v2,32.0,2.0,Os,2126873609.9552681,23084.0,918.0,27.3152
c6i.16xlarge.x86-64-v2-Os.2.0,true,6,106,Intel,6.1.134-152.225.amzn2023.x86_64,6,1,134,amzn,2023,2023,x86-64-v2,32.0,2.0,Os,2126873609.9552681,23084.0,918.0,27.3102
c6i.16xlarge.bdver4-Og.0.0,true,6,106,Intel,6.1.134-152.225.amzn2023.x86_64,6,1,134,amzn,2023,2023,bdver4,32.0,2.0,Og,2104649940.8674407,560003.3186575284,205973.14422847054,23.2683
c6i.16xlarge.bdver4-Og.1.0,true,6,106,Intel,6.1.134-152.225.amzn2023.x86_64,6,1,134,amzn,2023,2023,bdver4,32.0,2.0,Og,2104649940.8674407,560003.3186575284,205973.14422847054,27.0639
c6i.16xlarge.bdver4-Og.2.0,true,6,106,Intel,6.1.134-152.225.amzn2023.x86_64,6,1,134,amzn,2023,2023,bdver4,32.0,2.0,Og,2104649940.8674407,560003.3186575284,205973.14422847054,27.0656
c6i.16xlarge.native-Os.0.0,true,6,106,Intel,6.1.134-152.225.amzn2023.x86_64,6,1,134,amzn,2023,2023,native,32.0,2.0,Os,2068755622.733153,30960.0,1102.0,23.4046
c6i.16xlarge.native-Os.1.0,true,6,106,Intel,6.1.134-152.225.amzn2023.x86_64,6,1,134,amzn,2023,2023,native,32.0,2.0,Os,2068755622.733153,30960.0,1102.0,27.2155
c6i.16xlarge.native-Os.2.0,true,6,106,Intel,6.1.134-152.225.amzn2023.x86_64,6,1,134,amzn,2023,2023,native,32.0,2.0,Os,2068755622.733153,30960.0,1102.0,26.6384
c6i.16xlarge.btver2-O0.0.0,true,6,106,Intel,6.1.134-152.225.amzn2023.x86_64,6,1,134,amzn,2023,2023,btver2,32.0,2.0,O0,3128643327.0226736,49101.0,14883.0,17.9185
c6i.16xlarge.btver2-O0.1.0,true,6,106,Intel,6.1.134-152.225.amzn2023.x86_64,6,1,134,amzn,2023,2023,btver2,32.0,2.0,O0,3128643327.0226736,49101.0,14883.0,19.8603
c6i.16xlarge.btver2-O0.2.0,true,6,106,Intel,6.1.134-152.225.amzn2023.x86_64,6,1,134,amzn,2023,2023,btver2,32.0,2.0,O0,3128643327.0226736,49101.0,14883.0,19.6305
c6i.16xlarge.skylake-avx512-Os.0.0,true,6,106,Intel,6.1.134-152.225.amzn2023.x86_64,6,1,134,amzn,2023,2023,skylake-avx512,32.0,2.0,Os,2093981470.3955464,487075.544340447,178950.64130341602,26.1529
c6i.16xlarge.skylake-avx512-Os.1.0,true,6,106,Intel,6.1.134-152.225.amzn2023.x86_64,6,1,134,amzn,2023,2023,skylake-avx512,32.0,2.0,Os,2093981470.3955464,487075.544340447,178950.64130341602,24.8444
c6i.16xlarge.skylake-avx512-Os.2.0,true,6,106,Intel,6.1.134-152.225.amzn2023.x86_64,6,1,134,amzn,2023,2023,skylake-avx512,32.0,2.0,Os,2093981470.3955464,487075.544340447,178950.64130341602,27.3488
c6i.16xlarge.icelake-server-Os.0.0,true,6,106,Intel,6.1.134-152.225.amzn2023.x86_64,6,1,134,amzn,2023,2023,icelake-server,32.0,2.0,Os,1621108304.699929,276847.85142857145,265513.2535714286,27.2217
c6i.16xlarge.icelake-server-Os.1.0,true,6,106,Intel,6.1.134-152.225.amzn2023.x86_64,6,1,134,amzn,2023,2023,icelake-server,32.0,2.0,Os,1621108304.699929,276847.85142857145,265513.2535714286,28.0114
c6i.16xlarge.icelake-server-Os.2.0,true,6,106,Intel,6.1.134-152.225.amzn2023.x86_64,6,1,134,amzn,2023,2023,icelake-server,32.0,2.0,Os,1621108304.699929,276847.85142857145,265513.2535714286,28.1944
c6i.16xlarge.znver1-O2.0.0,true,6,106,Intel,6.1.134-152.225.amzn2023.x86_64,6,1,134,amzn,2023,2023,znver1,32.0,2.0,O2,1790557403.3447676,360345.62499999994,102852.54563492064,27.2557
c6i.16xlarge.znver1-O2.1.0,true,6,106,Intel,6.1.134-152.225.amzn2023.x86_64,6,1,134,amzn,2023,2023,znver1,32.0,2.0,O2,1790557403.3447676,360345.62499999994,102852.54563492064,28.1338
c6i.16xlarge.znver1-O2.2.0,true,6,106,Intel,6.1.134-152.225.amzn2023.x86_64,6,1,134,amzn,2023,2023,znver1,32.0,2.0,O2,1790557403.3447676,360345.62499999994,102852.54563492064,27.896
c6i.16xlarge.sandybridge-O2.0.0,true,6,106,Intel,6.1.134-152.225.amzn2023.x86_64,6,1,134,amzn,2023,2023,sandybridge,32.0,2.0,O2,1635803313.269489,482541.7989324625,186797.52898870103,27.2032
c6i.16xlarge.sandybridge-O2.1.0,true,6,106,Intel,6.1.134-152.225.amzn2023.x86_64,6,1,134,amzn,2023,2023,sandybridge,32.0,2.0,O2,1635803313.269489,482541.7989324625,186797.52898870103,28.1647
c6i.16xlarge.sandybridge-O2.2.0,true,6,106,Intel,6.1.134-152.225.amzn2023.x86_64,6,1,134,amzn,2023,2023,sandybridge,32.0,2.0,O2,1635803313.269489,482541.7989324625,186797.52898870103,28.2822
c6i.16xlarge.haswell-O1.0.0,true,6,106,Intel,6.1.134-152.225.amzn2023.x86_64,6,1,134,amzn,2023,2023,haswell,32.0,2.0,O1,1999920173.0774918,481603.5689875758,198529.68386614352,22.8046
c6i.16xlarge.haswell-O1.1.0,true,6,106,Intel,6.1.134-152.225.amzn2023.x86_64,6,1,134,amzn,2023,2023,haswell,32.0,2.0,O1,1999920173.0774918,481603.5689875758,198529.68386614352,27.0568
c6i.16xlarge.haswell-O1.2.0,true,6,106,Intel,6.1.134-152.225.amzn2023.x86_64,6,1,134,amzn,2023,2023,haswell,32.0,2.0,O1,1999920173.0774918,481603.5689875758,198529.68386614352,27.8936
c6i.16xlarge.native-Og.0.0,true,6,106,Intel,6.1.134-152.225.amzn2023.x86_64,6,1,134,amzn,2023,2023,native,32.0,2.0,Og,1667175653.3548114,283977.1666666666,112606.47465277778,25.5176
c6i.16xlarge.native-Og.1.0,true,6,106,Intel,6.1.134-152.225.amzn2023.x86_64,6,1,134,amzn,2023,2023,native,32.0,2.0,Og,1667175653.3548114,283977.1666666666,112606.47465277778,26.9707
c6i.16xlarge.native-Og.2.0,true,6,106,Intel,6.1.134-152.225.amzn2023.x86_64,6,1,134,amzn,2023,2023,native,32.0,2.0,Og,1667175653.3548114,283977.1666666666,112606.47465277778,27.1558
c6i.16xlarge.icelake-server-O3.0.0,true,6,106,Intel,6.1.134-152.225.amzn2023.x86_64,6,1,134,amzn,2023,2023,icelake-server,32.0,2.0,O3,1535890489.418132,548284.0,4442.0,27.6127
c6i.16xlarge.icelake-server-O3.1.0,true,6,106,Intel,6.1.134-152.225.amzn2023.x86_64,6,1,134,amzn,2023,2023,icelake-server,32.0,2.0,O3,1535890489.418132,548284.0,4442.0,27.4727
c6i.16xlarge.icelake-server-O3.2.0,true,6,106,Intel,6.1.134-152.225.amzn2023.x86_64,6,1,134,amzn,2023,2023,icelake-server,32.0,2.0,O3,1535890489.418132,548284.0,4442.0,27.6386
c6i.16xlarge.x86-64-v3-Og.0.0,true,6,106,Intel,6.1.134-152.225.amzn2023.x86_64,6,1,134,amzn,2023,2023,x86-64-v3,32.0,2.0,Og,2069091655.4561296,425928.7985228134,177793.64886142834,25.7027
c6i.16xlarge.x86-64-v3-Og.1.0,true,6,106,Intel,6.1.134-152.225.amzn2023.x86_64,6,1,134,amzn,2023,2023,x86-64-v3,32.0,2.0,Og,2069091655.4561296,425928.7985228134,177793.64886142834,26.9093
c6i.16xlarge.x86-64-v3-Og.2.0,true,6,106,Intel,6.1.134-152.225.amzn2023.x86_64,6,1,134,amzn,2023,2023,x86-64-v3,32.0,2.0,Og,2069091655.4561296,425928.7985228134,177793.64886142834,27.0937
c6i.16xlarge.icelake-server-O1.0.0,true,6,106,Intel,6.1.134-152.225.amzn2023.x86_64,6,1,134,amzn,2023,2023,icelake-server,32.0,2.0,O1,2216156963.534469,486678.47758664045,188219.8731022772,22.3579
c6i.16xlarge.icelake-server-O1.1.0,true,6,106,Intel,6.1.134-152.225.amzn2023.x86_64,6,1,134,amzn,2023,2023,icelake-server,32.0,2.0,O1,2216156963.534469,486678.47758664045,188219.8731022772,26.8414
c6i.16xlarge.icelake-server-O1.2.0,true,6,106,Intel,6.1.134-152.225.amzn2023.x86_64,6,1,134,amzn,2023,2023,icelake-server,32.0,2.0,O1,2216156963.534469,486678.47758664045,188219.8731022772,27.3658
c6i.16xlarge.x86-64-v4-Os.0.0,true,6,106,Intel,6.1.134-152.225.amzn2023.x86_64,6,1,134,amzn,2023,2023,x86-64-v4,32.0,2.0,Os,1794366353.0391178,544663.346094613,211908.85943031037,26.0115
c6i.16xlarge.x86-64-v4-Os.1.0,true,6,106,Intel,6.1.134-152.225.amzn2023.x86_64,6,1,134,amzn,2023,2023,x86-64-v4,32.0,2.0,Os,1794366353.0391178,544663.346094613,211908.85943031037,26.9434
c6i.16xlarge.x86-64-v4-Os.2.0,true,6,106,Intel,6.1.134-152.225.amzn2023.x86_64,6,1,134,amzn,2023,2023,x86-64-v4,32.0,2.0,Os,1794366353.0391178,544663.346094613,211908.85943031037,27.389
c6i.16xlarge.x86-64-v2-O2.0.0,true,6,106,Intel,6.1.134-152.225.amzn2023.x86_64,6,1,134,amzn,2023,2023,x86-64-v2,32.0,2.0,O2,1976593330.2526183,49477.5,17336.0,23.2712
c6i.16xlarge.x86-64-v2-O2.1.0,true,6,106,Intel,6.1.134-152.225.amzn2023.x86_64,6,1,134,amzn,2023,2023,x86-64-v2,32.0,2.0,O2,1976593330.2526183,49477.5,17336.0,27.4708
c6i.16xlarge.x86-64-v2-O2.2.0,true,6,106,Intel,6.1.134-152.225.amzn2023.x86_64,6,1,134,amzn,2023,2023,x86-64-v2,32.0,2.0,O2,1976593330.2526183,49477.5,17336.0,27.1992
c6i.16xlarge.sapphirerapids-O1.0.0,true,6,106,Intel,6.1.134-152.225.amzn2023.x86_64,6,1,134,amzn,2023,2023,sapphirerapids,32.0,2.0,O1,1924889577.702709,578182.8903796452,231162.6342383844,26.2884
c6i.16xlarge.sapphirerapids-O1.1.0,true,6,106,Intel,6.1.134-152.225.amzn2023.x86_64,6,1,134,amzn,2023,2023,sapphirerapids,32.0,2.0,O1,1924889577.702709,578182.8903796452,231162.6342383844,26.8288
c6i.16xlarge.sapphirerapids-O1.2.0,true,6,106,Intel,6.1.134-152.225.amzn2023.x86_64,6,1,134,amzn,2023,2023,sapphirerapids,32.0,2.0,O1,1924889577.702709,578182.8903796452,231162.6342383844,27.2569
c6i.16xlarge.sandybridge-Og.0.0,true,6,106,Intel,6.1.134-152.225.amzn2023.x86_64,6,1,134,amzn,2023,2023,sandybridge,32.0,2.0,Og,1816196666.6529598,496355.9137398345,191235.69691333853,27.0885
c6i.16xlarge.sandybridge-Og.1.0,true,6,106,Intel,6.1.134-152.225.amzn2023.x86_64,6,1,134,amzn,2023,2023,sandybridge,32.0,2.0,Og,1816196666.6529598,496355.9137398345,191235.69691333853,27.6603
c6i.16xlarge.sandybridge-Og.2.0,true,6,106,Intel,6.1.134-152.225.amzn2023.x86_64,6,1,134,amzn,2023,2023,sandybridge,32.0,2.0,Og,1816196666.6529598,496355.9137398345,191235.69691333853,27.9887
c6i.16xlarge.ivybridge-Og.0.0,true,6,106,Intel,6.1.134-152.225.amzn2023.x86_64,6,1,134,amzn,2023,2023,ivybridge,32.0,2.0,Og,1589700228.4443488,75287.0,1043097.0,22.5663
c6i.16xlarge.ivybridge-Og.1.0,true,6,106,Intel,6.1.134-152.225.amzn2023.x86_64,6,1,134,amzn,2023,2023,ivybridge,32.0,2.0,Og,1589700228.4443488,75287.0,1043097.0,25.9805
c6i.16xlarge.ivybridge-Og.2.0,true,6,106,Intel,6.1.134-152.225.amzn2023.x86_64,6,1,134,amzn,2023,2023,ivybridge,32.0,2.0,Og,1589700228.4443488,75287.0,1043097.0,27.1517
c6i.16xlarge.btver2-O2.0.0,true,6,106,Intel,6.1.134-152.225.amzn2023.x86_64,6,1,134,amzn,2023,2023,btver2,32.0,2.0,O2,1706836103.9603002,374576.912962963,163063.51105442178,27.0931
c6i.16xlarge.btver2-O2.1.0,true,6,106,Intel,6.1.134-152.225.amzn2023.x86_64,6,1,134,amzn,2023,2023,btver2,32.0,2.0,O2,1706836103.9603002,374576.912962963,163063.51105442178,28.0926
c6i.16xlarge.btver2-O2.2.0,true,6,106,Intel,6.1.134-152.225.amzn2023.x86_64,6,1,134,amzn,2023,2023,btver2,32.0,2.0,O2,1706836103.9603002,374576.912962963,163063.51105442178,27.1761
c6i.16xlarge.broadwell-O1.0.0,true,6,106,Intel,6.1.134-152.225.amzn2023.x86_64,6,1,134,amzn,2023,2023,broadwell,32.0,2.0,O1,1960364224.4568114,463824.83199135953,179596.0073247483,25.9274
c6i.16xlarge.broadwell-O1.1.0,true,6,106,Intel,6.1.134-152.225.amzn2023.x86_64,6,1,134,amzn,2023,2023,broadwell,32.0,2.0,O1,1960364224.4568114,463824.83199135953,179596.0073247483,27.2782
c6i.16xlarge.broadwell-O1.2.0,true,6,106,Intel,6.1.134-152.225.amzn2023.x86_64,6,1,134,amzn,2023,2023,broadwell,32.0,2.0,O1,1960364224.4568114,463824.83199135953,179596.0073247483,27.9885
c6i.16xlarge.ivybridge-O1.0.0,true,6,106,Intel,6.1.134-152.225.amzn2023.x86_64,6,1,134,amzn,2023,2023,ivybridge,32.0,2.0,O1,1956818971.1111662,17096.0,1120.0,26.8855
c6i.16xlarge.ivybridge-O1.1.0,true,6,106,Intel,6.1.134-152.225.amzn2023.x86_64,6,1,134,amzn,2023,2023,ivybridge,32.0,2.0,O1,1956818971.1111662,17096.0,1120.0,27.2058
c6i.16xlarge.ivybridge-O1.2.0,true,6,106,Intel,6.1.134-152.225.amzn2023.x86_64,6,1,134,amzn,2023,2023,ivybridge,32.0,2.0,O1,1956818971.1111662,17096.0,1120.0,27.1869
c6i.16xlarge.bdver4-O0.0.0,true,6,106,Intel,6.1.134-152.225.amzn2023.x86_64,6,1,134,amzn,2023,2023,bdver4,32.0,2.0,O0,3180410996.86912,288569.72711006284,95116.97701506664,17.0386
c6i.16xlarge.bdver4-O0.1.0,true,6,106,Intel,6.1.134-152.225.amzn2023.x86_64,6,1,134,amzn,2023,2023,bdver4,32.0,2.0,O0,3180410996.86912,288569.72711006284,95116.97701506664,19.7659
c6i.16xlarge.bdver4-O0.2.0,true,6,106,Intel,6.1.134-152.225.amzn2023.x86_64,6,1,134,amzn,2023,2023,bdver4,32.0,2.0,O0,3180410996.86912,288569.72711006284,95116.97701506664,19.3564
c6i.16xlarge.x86-64-v2-Og.0.0,true,6,106,Intel,6.1.134-152.225.amzn2023.x86_64,6,1,134,amzn,2023,2023,x86-64-v2,32.0,2.0,Og,2001909073.3840213,369281.0,140883.04525714286,25.0336
c6i.16xlarge.x86-64-v2-Og.1.0,true,6,106,Intel,6.1.134-152.225.amzn2023.x86_64,6,1,134,amzn,2023,2023,x86-64-v2,32.0,2.0,Og,2001909073.3840213,369281.0,140883.04525714286,27.0217
c6i.16xlarge.x86-64-v2-Og.2.0,true,6,106,Intel,6.1.134-152.225.amzn2023.x86_64,6,1,134,amzn,2023,2023,x86-64-v2,32.0,2.0,Og,2001909073.3840213,369281.0,140883.04525714286,27.1933
c6i.16xlarge.sandybridge-Ofast.0.0,true,6,106,Intel,6.1.134-152.225.amzn2023.x86_64,6,1,134,amzn,2023,2023,sandybridge,32.0,2.0,Ofast,1985290525.1232917,524459.4880195262,116907.79750630351,25.3324
c6i.16xlarge.sandybridge-Ofast.1.0,true,6,106,Intel,6.1.134-152.225.amzn2023.x86_64,6,1,134,amzn,2023,2023,sandybridge,32.0,2.0,Ofast,1985290525.1232917,524459.4880195262,116907.79750630351,28.0407
c6i.16xlarge.sandybridge-Ofast.2.0,true,6,106,Intel,6.1.134-152.225.amzn2023.x86_64,6,1,134,amzn,2023,2023,sandybridge,32.0,2.0,Ofast,1985290525.1232917,524459.4880195262,116907.79750630351,28.371
c6i.16xlarge.znver2-Og.0.0,true,6,106,Intel,6.1.134-152.225.amzn2023.x86_64,6,1,134,amzn,2023,2023,znver2,32.0,2.0,Og,1158287210.4663372,75588.0,10744.0,26.501
c6i.16xlarge.znver2-Og.1.0,true,6,106,Intel,6.1.134-152.225.amzn2023.x86_64,6,1,134,amzn,2023,2023,znver2,32.0,2.0,Og,1158287210.4663372,75588.0,10744.0,27.0098
c6i.16xlarge.znver2-Og.2.0,true,6,106,Intel,6.1.134-152.225.amzn2023.x86_64,6,1,134,amzn,2023,2023,znver2,32.0,2.0,Og,1158287210.4663372,75588.0,10744.0,27.1233
c6i.16xlarge.x86-64-v2-O1.0.0,true,6,106,Intel,6.1.134-152.225.amzn2023.x86_64,6,1,134,amzn,2023,2023,x86-64-v2,32.0,2.0,O1,1986134237.4248736,410295.0,3996.0,23.7362
c6i.16xlarge.x86-64-v2-O1.1.0,true,6,106,Intel,6.1.134-152.225.amzn2023.x86_64,6,1,134,amzn,2023,2023,x86-64-v2,32.0,2.0,O1,1986134237.4248736,410295.0,3996.0,27.2986
c6i.16xlarge.x86-64-v2-O1.2.0,true,6,106,Intel,6.1.134-152.225.amzn2023.x86_64,6,1,134,amzn,2023,2023,x86-64-v2,32.0,2.0,O1,1986134237.4248736,410295.0,3996.0,26.7961
c6i.16xlarge.btver2-Og.0.0,true,6,106,Intel,6.1.134-152.225.amzn2023.x86_64,6,1,134,amzn,2023,2023,btver2,32.0,2.0,Og,2092239872.7340739,354031.0,3767.0,24.2702
c6i.16xlarge.btver2-Og.1.0,true,6,106,Intel,6.1.134-152.225.amzn2023.x86_64,6,1,134,amzn,2023,2023,btver2,32.0,2.0,Og,2092239872.7340739,354031.0,3767.0,23.9164
c6i.16xlarge.btver2-Og.2.0,true,6,106,Intel,6.1.134-152.225.amzn2023.x86_64,6,1,134,amzn,2023,2023,btver2,32.0,2.0,Og,2092239872.7340739,354031.0,3767.0,26.8778
c6i.16xlarge.icelake-server-O2.0.0,true,6,106,Intel,6.1.134-152.225.amzn2023.x86_64,6,1,134,amzn,2023,2023,icelake-server,32.0,2.0,O2,1928349027.0538254,128077.71428571429,10632.0,26.5529
c6i.16xlarge.icelake-server-O2.1.0,true,6,106,Intel,6.1.134-152.225.amzn2023.x86_64,6,1,134,amzn,2023,2023,icelake-server,32.0,2.0,O2,1928349027.0538254,128077.71428571429,10632.0,28.3418
c6i.16xlarge.icelake-server-O2.2.0,true,6,106,Intel,6.1.134-152.225.amzn2023.x86_64,6,1,134,amzn,2023,2023,icelake-server,32.0,2.0,O2,1928349027.0538254,128077.71428571429,10632.0,27.9791
c6i.16xlarge.native-O3.0.0,true,6,106,Intel,6.1.134-152.225.amzn2023.x86_64,6,1,134,amzn,2023,2023,native,32.0,2.0,O3,1937045736.4387798,476500.58641975315,113766.91702229483,24.7407
c6i.16xlarge.native-O3.1.0,true,6,106,Intel,6.1.134-152.225.amzn2023.x86_64,6,1,134,amzn,2023,2023,native,32.0,2.0,O3,1937045736.4387798,476500.58641975315,113766.91702229483,23.8349
c6i.16xlarge.native-O3.2.0,true,6,106,Intel,6.1.134-152.225.amzn2023.x86_64,6,1,134,amzn,2023,2023,native,32.0,2.0,O3,1937045736.4387798,476500.58641975315,113766.91702229483,27.2883
c6i.16xlarge.broadwell-O0.0.0,true,6,106,Intel,6.1.134-152.225.amzn2023.x86_64,6,1,134,amzn,2023,2023,broadwell,32.0,2.0,O0,2798769691.953725,337451.6111111111,122187.83263168982,18.8105
c6i.16xlarge.broadwell-O0.1.0,true,6,106,Intel,6.1.134-152.225.amzn2023.x86_64,6,1,134,amzn,2023,2023,broadwell,32.0,2.0,O0,2798769691.953725,337451.6111111111,122187.83263168982,19.8632
c6i.16xlarge.broadwell-O0.2.0,true,6,106,Intel,6.1.134-152.225.amzn2023.x86_64,6,1,134,amzn,2023,2023,broadwell,32.0,2.0,O0,2798769691.953725,337451.6111111111,122187.83263168982,19.7748
c6i.16xlarge.skylake-avx512-O1.0.0,true,6,106,Intel,6.1.134-152.225.amzn2023.x86_64,6,1,134,amzn,2023,2023,skylake-avx512,32.0,2.0,O1,1719334293.401289,477976.0572084131,185623.53891178907,26.0239
c6i.16xlarge.skylake-avx512-O1.1.0,true,6,106,Intel,6.1.134-152.225.amzn2023.x86_64,6,1,134,amzn,2023,2023,skylake-avx512,32.0,2.0,O1,1719334293.401289,477976.0572084131,185623.53891178907,27.0418
c6i.16xlarge.skylake-avx512-O1.2.0,true,6,106,Intel,6.1.134-152.225.amzn2023.x86_64,6,1,134,amzn,2023,2023,skylake-avx512,32.0,2.0,O1,1719334293.401289,477976.0572084131,185623.53891178907,26.859
c6i.16xlarge.skylake-avx512-Og.0.0,true,6,106,Intel,6.1.134-152.225.amzn2023.x86_64,6,1,134,amzn,2023,2023,skylake-avx512,32.0,2.0,Og,2105579468.078771,498510.1903928777,194341.2615765904,26.1168
c6i.16xlarge.skylake-avx512-Og.1.0,true,6,106,Intel,6.1.134-152.225.amzn2023.x86_64,6,1,134,amzn,2023,2023,skylake-avx512,32.0,2.0,Og,2105579468.078771,498510.1903928777,194341.2615765904,24.3358
c6i.16xlarge.skylake-avx512-Og.2.0,true,6,106,Intel,6.1.134-152.225.amzn2023.x86_64,6,1,134,amzn,2023,2023,skylake-avx512,32.0,2.0,Og,2105579468.078771,498510.1903928777,194341.2615765904,26.9035
c6i.16xlarge.znver2-O2.0.0,true,6,106,Intel,6.1.134-152.225.amzn2023.x86_64,6,1,134,amzn,2023,2023,znver2,32.0,2.0,O2,2125758842.5442536,24763.0,898.0,23.4447
c6i.16xlarge.znver2-O2.1.0,true,6,106,Intel,6.1.134-152.225.amzn2023.x86_64,6,1,134,amzn,2023,2023,znver2,32.0,2.0,O2,2125758842.5442536,24763.0,898.0,27.2508
c6i.16xlarge.znver2-O2.2.0,true,6,106,Intel,6.1.134-152.225.amzn2023.x86_64,6,1,134,amzn,2023,2023,znver2,32.0,2.0,O2,2125758842.5442536,24763.0,898.0,27.332
c6i.16xlarge.btver2-O1.0.0,true,6,106,Intel,6.1.134-152.225.amzn2023.x86_64,6,1,134,amzn,2023,2023,btver2,32.0,2.0,O1,2159956265.4032364,34384.0,379898.0,23.4579
c6i.16xlarge.btver2-O1.1.0,true,6,106,Intel,6.1.134-152.225.amzn2023.x86_64,6,1,134,amzn,2023,2023,btver2,32.0,2.0,O1,2159956265.4032364,34384.0,379898.0,27.082
c6i.16xlarge.btver2-O1.2.0,true,6,106,Intel,6.1.134-152.225.amzn2023.x86_64,6,1,134,amzn,2023,2023,btver2,32.0,2.0,O1,2159956265.4032364,34384.0,379898.0,27.1627
c6i.16xlarge.sapphirerapids-O3.0.0,true,6,106,Intel,6.1.134-152.225.amzn2023.x86_64,6,1,134,amzn,2023,2023,sapphirerapids,32.0,2.0,O3,2014225771.999482,344556.5725737312,114239.74404761905,23.3898
c6i.16xlarge.sapphirerapids-O3.1.0,true,6,106,Intel,6.1.134-152.225.amzn2023.x86_64,6,1,134,amzn,2023,2023,sapphirerapids,32.0,2.0,O3,2014225771.999482,344556.5725737312,114239.74404761905,27.4941
c6i.16xlarge.sapphirerapids-O3.2.0,true,6,106,Intel,6.1.134-152.225.amzn2023.x86_64,6,1,134,amzn,2023,2023,sapphirerapids,32.0,2.0,O3,2014225771.999482,344556.5725737312,114239.74404761905,27.615
c6i.16xlarge.native-O1.0.0,true,6,106,Intel,6.1.134-152.225.amzn2023.x86_64,6,1,134,amzn,2023,2023,native,32.0,2.0,O1,2024191210.9438221,436021.46840849327,139098.00096161265,24.1492
c6i.16xlarge.native-O1.1.0,true,6,106,Intel,6.1.134-152.225.amzn2023.x86_64,6,1,134,amzn,2023,2023,native,32.0,2.0,O1,2024191210.9438221,436021.46840849327,139098.00096161265,27.064
c6i.16xlarge.native-O1.2.0,true,6,106,Intel,6.1.134-152.225.amzn2023.x86_64,6,1,134,amzn,2023,2023,native,32.0,2.0,O1,2024191210.9438221,436021.46840849327,139098.00096161265,28.0583
c6i.16xlarge.broadwell-O3.0.0,true,6,106,Intel,6.1.134-152.225.amzn2023.x86_64,6,1,134,amzn,2023,2023,broadwell,32.0,2.0,O3,2105984940.4557562,566428.0677783374,215949.46723395912,25.1981
c6i.16xlarge.broadwell-O3.1.0,true,6,106,Intel,6.1.134-152.225.amzn2023.x86_64,6,1,134,amzn,2023,2023,broadwell,32.0,2.0,O3,2105984940.4557562,566428.0677783374,215949.46723395912,23.6659
c6i.16xlarge.broadwell-O3.2.0,true,6,106,Intel,6.1.134-152.225.amzn2023.x86_64,6,1,134,amzn,2023,2023,broadwell,32.0,2.0,O3,2105984940.4557562,566428.0677783374,215949.46723395912,27.4944
c6in.12xlarge.znver4-Og.0.0,true,6,106,Intel,6.1.134-152.225.amzn2023.x86_64,6,1,134,amzn,2023,2023,znver4,24.0,2.0,Og,128822691.06859127,180830.0,16448.0,25.1101
c6in.12xlarge.znver4-Og.1.0,true,6,106,Intel,6.1.134-152.225.amzn2023.x86_64,6,1,134,amzn,2023,2023,znver4,24.0,2.0,Og,128822691.06859127,180830.0,16448.0,25.983
c6in.12xlarge.znver4-Og.2.0,true,6,106,Intel,6.1.134-152.225.amzn2023.x86_64,6,1,134,amzn,2023,2023,znver4,24.0,2.0,Og,128822691.06859127,180830.0,16448.0,26.0324
c6in.12xlarge.haswell-O0.0.0,true,6,106,Intel,6.1.134-152.225.amzn2023.x86_64,6,1,134,amzn,2023,2023,haswell,24.0,2.0,O0,1888460995.309636,410060.4822505901,193822.9308851367,16.5039
c6in.12xlarge.haswell-O0.1.0,true,6,106,Intel,6.1.134-152.225.amzn2023.x86_64,6,1,134,amzn,2023,2023,haswell,24.0,2.0,O0,1888460995.309636,410060.4822505901,193822.9308851367,17.1899
c6in.12xlarge.haswell-O0.2.0,true,6,106,Intel,6.1.134-152.225.amzn2023.x86_64,6,1,134,amzn,2023,2023,haswell,24.0,2.0,O0,1888460995.309636,410060.4822505901,193822.9308851367,17.0834
c6in.12xlarge.znver1-O0.0.0,true,6,106,Intel,6.1.134-152.225.amzn2023.x86_64,6,1,134,amzn,2023,2023,znver1,24.0,2.0,O0,3025045388.6965756,51083.0,646241.0,16.1222
c6in.12xlarge.znver1-O0.1.0,true,6,106,Intel,6.1.134-152.225.amzn2023.x86_64,6,1,134,amzn,2023,2023,znver1,24.0,2.0,O0,3025045388.6965756,51083.0,646241.0,17.0115
c6in.12xlarge.znver1-O0.2.0,true,6,106,Intel,6.1.134-152.225.amzn2023.x86_64,6,1,134,amzn,2023,2023,znver1,24.0,2.0,O0,3025045388.6965756,51083.0,646241.0,17.0471
c6in.12xlarge.skylake-O1.0.0,true,6,106,Intel,6.1.134-152.225.amzn2023.x86_64,6,1,134,amzn,2023,2023,skylake,24.0,2.0,O1,110837085.22281988,492397.9659014425,172627.93582755906,25.3979
c6in.12xlarge.skylake-O1.1.0,true,6,106,Intel,6.1.134-152.225.amzn2023.x86_64,6,1,134,amzn,2023,2023,skylake,24.0,2.0,O1,110837085.22281988,492397.9659014425,172627.93582755906,27.9938
c6in.12xlarge.skylake-O1.2.0,true,6,106,Intel,6.1.134-152.225.amzn2023.x86_64,6,1,134,amzn,2023,2023,skylake,24.0,2.0,O1,110837085.22281988,492397.9659014425,172627.93582755906,26.8504
c6in.12xlarge.ivybridge-Os.0.0,true,6,106,Intel,6.1.134-152.225.amzn2023.x86_64,6,1,134,amzn,2023,2023,ivybridge,24.0,2.0,Os,72506876.39802979,522400.7918735768,212062.1301071992,22.0664
c6in.12xlarge.ivybridge-Os.1.0,true,6,106,Intel,6.1.134-152.225.amzn2023.x86_64,6,1,134,amzn,2023,2023,ivybridge,24.0,2.0,Os,72506876.39802979,522400.7918735768,212062.1301071992,25.9768
c6in.12xlarge.ivybridge-Os.2.0,true,6,106,Intel,6.1.134-152.225.amzn2023.x86_64,6,1,134,amzn,2023,2023,ivybridge,24.0,2.0,Os,72506876.39802979,522400.7918735768,212062.1301071992,26.1232
c6in.12xlarge.sapphirerapids-Ofast.0.0,true,6,106,Intel,6.1.134-152.225.amzn2023.x86_64,6,1,134,amzn,2023,2023,sapphirerapids,24.0,2.0,Ofast,116550714.23130417,163954.9502675028,73640.04761904762,27.3225
c6in.12xlarge.sapphirerapids-Ofast.1.0,true,6,106,Intel,6.1.134-152.225.amzn2023.x86_64,6,1,134,amzn,2023,2023,sapphirerapids,24.0,2.0,Ofast,116550714.23130417,163954.9502675028,73640.04761904762,28.2551
c6in.12xlarge.sapphirerapids-Ofast.2.0,true,6,106,Intel,6.1.134-152.225.amzn2023.x86_64,6,1,134,amzn,2023,2023,sapphirerapids,24.0,2.0,Ofast,116550714.23130417,163954.9502675028,73640.04761904762,28.1736
c6in.12xlarge.haswell-Ofast.0.0,true,6,106,Intel,6.1.134-152.225.amzn2023.x86_64,6,1,134,amzn,2023,2023,haswell,24.0,2.0,Ofast,110535065.10241589,388740.43230746395,181265.92642630485,24.3705
c6in.12xlarge.haswell-Ofast.1.0,true,6,106,Intel,6.1.134-152.225.amzn2023.x86_64,6,1,134,amzn,2023,2023,haswell,24.0,2.0,Ofast,110535065.10241589,388740.43230746395,181265.92642630485,27.5357
c6in.12xlarge.haswell-Ofast.2.0,true,6,106,Intel,6.1.134-152.225.amzn2023.x86_64,6,1,134,amzn,2023,2023,haswell,24.0,2.0,Ofast,110535065.10241589,388740.43230746395,181265.92642630485,28.3844
c6in.12xlarge.x86-64-v4-O3.0.0,true,6,106,Intel,6.1.134-152.225.amzn2023.x86_64,6,1,134,amzn,2023,2023,x86-64-v4,24.0,2.0,O3,309475761.9293295,352213.0,3347.0,24.9995
c6in.12xlarge.x86-64-v4-O3.1.0,true,6,106,Intel,6.1.134-152.225.amzn2023.x86_64,6,1,134,amzn,2023,2023,x86-64-v4,24.0,2.0,O3,309475761.9293295,352213.0,3347.0,26.4037
c6in.12xlarge.x86-64-v4-O3.2.0,true,6,106,Intel,6.1.134-152.225.amzn2023.x86_64,6,1,134,amzn,2023,2023,x86-64-v4,24.0,2.0,O3,309475761.9293295,352213.0,3347.0,26.5235
c6in.12xlarge.znver2-O3.0.0,true,6,106,Intel,6.1.134-152.225.amzn2023.x86_64,6,1,134,amzn,2023,2023,znver2,24.0,2.0,O3,173683010.7604844,8575.0,89825.0,24.8363
c6in.12xlarge.znver2-O3.1.0,true,6,106,Intel,6.1.134-152.225.amzn2023.x86_64,6,1,134,amzn,2023,2023,znver2,24.0,2.0,O3,173683010.7604844,8575.0,89825.0,26.2153
c6in.12xlarge.znver2-O3.2.0,true,6,106,Intel,6.1.134-152.225.amzn2023.x86_64,6,1,134,amzn,2023,2023,znver2,24.0,2.0,O3,173683010.7604844,8575.0,89825.0,26.3232
c6in.12xlarge.skylake-avx512-Ofast.0.0,true,6,106,Intel,6.1.134-152.225.amzn2023.x86_64,6,1,134,amzn,2023,2023,skylake-avx512,24.0,2.0,Ofast,550110235.1598372,296492.0,4686.0,23.9958
c6in.12xlarge.skylake-avx512-Ofast.1.0,true,6,106,Intel,6.1.134-152.225.amzn2023.x86_64,6,1,134,amzn,2023,2023,skylake-avx512,24.0,2.0,Ofast,550110235.1598372,296492.0,4686.0,27.3724
c6in.12xlarge.skylake-avx512-Ofast.2.0,true,6,106,Intel,6.1.134-152.225.amzn2023.x86_64,6,1,134,amzn,2023,2023,skylake-avx512,24.0,2.0,Ofast,550110235.1598372,296492.0,4686.0,26.9803
c6in.12xlarge.skylake-avx512-O3.0.0,true,6,106,Intel,6.1.134-152.225.amzn2023.x86_64,6,1,134,amzn,2023,2023,skylake-avx512,24.0,2.0,O3,551162878.9533074,449471.0487670202,197110.5976288187,23.9811
c6in.12xlarge.skylake-avx512-O3.1.0,true,6,106,Intel,6.1.134-152.225.amzn2023.x86_64,6,1,134,amzn,2023,2023,skylake-avx512,24.0,2.0,O3,551162878.9533074,449471.0487670202,197110.5976288187,23.7938
c6in.12xlarge.skylake-avx512-O3.2.0,true,6,106,Intel,6.1.134-152.225.amzn2023.x86_64,6,1,134,amzn,2023,2023,skylake-avx512,24.0,2.0,O3,551162878.9533074,449471.0487670202,197110.5976288187,26.3564
c6in.12xlarge.x86-64-v3-Os.0.0,true,6,106,Intel,6.1.134-152.225.amzn2023.x86_64,6,1,134,amzn,2023,2023,x86-64-v3,24.0,2.0,Os,78355769.31873655,561558.8982062456,143609.35721771728,25.7835
c6in.12xlarge.x86-64-v3-Os.1.0,true,6,106,Intel,6.1.134-152.225.amzn2023.x86_64,6,1,134,amzn,2023,2023,x86-64-v3,24.0,2.0,Os,78355769.31873655,561558.8982062456,143609.35721771728,27.085
c6in.12xlarge.x86-64-v3-Os.2.0,true,6,106,Intel,6.1.134-152.225.amzn2023.x86_64,6,1,134,amzn,2023,2023,x86-64-v3,24.0,2.0,Os,78355769.31873655,561558.8982062456,143609.35721771728,26.4451
c6in.12xlarge.icelake-server-Og.0.0,true,6,106,Intel,6.1.134-152.225.amzn2023.x86_64,6,1,134,amzn,2023,2023,icelake-server,24.0,2.0,Og,24891429.626555372,202802.0,4797.0,22.7433
c6in.12xlarge.icelake-server-Og.1.0,true,6,106,Intel,6.1.134-152.225.amzn2023.x86_64,6,1,134,amzn,2023,2023,icelake-server,24.0,2.0,Og,24891429.626555372,202802.0,4797.0,22.0347
c6in.12xlarge.icelake-server-Og.2.0,true,6,106,Intel,6.1.134-152.225.amzn2023.x86_64,6,1,134,amzn,2023,2023,icelake-server,24.0,2.0,Og,24891429.626555372,202802.0,4797.0,25.5871
c6in.12xlarge.znver3-O1.0.0,true,6,106,Intel,6.1.134-152.225.amzn2023.x86_64,6,1,134,amzn,2023,2023,znver3,24.0,2.0,O1,252856931.52317256,347280.0,4595.0,25.2178
c6in.12xlarge.znver3-O1.1.0,true,6,106,Intel,6.1.134-152.225.amzn2023.x86_64,6,1,134,amzn,2023,2023,znver3,24.0,2.0,O1,252856931.52317256,347280.0,4595.0,26.0697
c6in.12xlarge.znver3-O1.2.0,true,6,106,Intel,6.1.134-152.225.amzn2023.x86_64,6,1,134,amzn,2023,2023,znver3,24.0,2.0,O1,252856931.52317256,347280.0,4595.0,26.2996
c6in.12xlarge.haswell-O2.0.0,true,6,106,Intel,6.1.134-152.225.amzn2023.x86_64,6,1,134,amzn,2023,2023,haswell,24.0,2.0,O2,73853223.31499004,325748.65981160343,140859.52344218967,24.9418
c6in.12xlarge.haswell-O2.1.0,true,6,106,Intel,6.1.134-152.225.amzn2023.x86_64,6,1,134,amzn,2023,2023,haswell,24.0,2.0,O2,73853223.31499004,325748.65981160343,140859.52344218967,26.5301
c6in.12xlarge.haswell-O2.2.0,true,6,106,Intel,6.1.134-152.225.amzn2023.x86_64,6,1,134,amzn,2023,2023,haswell,24.0,2.0,O2,73853223.31499004,325748.65981160343,140859.52344218967,27.3949
c6in.12xlarge.x86-64-v4-Ofast.0.0,true,6,106,Intel,6.1.134-152.225.amzn2023.x86_64,6,1,134,amzn,2023,2023,x86-64-v4,24.0,2.0,Ofast,425483100.30397904,489851.20838090766,199965.90638204117,25.2984
c6in.12xlarge.x86-64-v4-Ofast.1.0,true,6,106,Intel,6.1.134-152.225.amzn2023.x86_64,6,1,134,amzn,2023,2023,x86-64-v4,24.0,2.0,Ofast,425483100.30397904,489851.20838090766,199965.90638204117,27.2061
c6in.12xlarge.x86-64-v4-Ofast.2.0,true,6,106,Intel,6.1.134-152.225.amzn2023.x86_64,6,1,134,amzn,2023,2023,x86-64-v4,24.0,2.0,Ofast,425483100.30397904,489851.20838090766,199965.90638204117,27.3041
c6in.12xlarge.haswell-Os.0.0,true,6,106,Intel,6.1.134-152.225.amzn2023.x86_64,6,1,134,amzn,2023,2023,haswell,24.0,2.0,Os,195977823.79130593,599836.9211575149,269977.30821911496,21.5691
c6in.12xlarge.haswell-Os.1.0,true,6,106,Intel,6.1.134-152.225.amzn2023.x86_64,6,1,134,amzn,2023,2023,haswell,24.0,2.0,Os,195977823.79130593,599836.9211575149,269977.30821911496,26.0793
c6in.12xlarge.haswell-Os.2.0,true,6,106,Intel,6.1.134-152.225.amzn2023.x86_64,6,1,134,amzn,2023,2023,haswell,24.0,2.0,Os,195977823.79130593,599836.9211575149,269977.30821911496,25.7416
c6in.12xlarge.x86-64-v3-O3.0.0,true,6,106,Intel,6.1.134-152.225.amzn2023.x86_64,6,1,134,amzn,2023,2023,x86-64-v3,24.0,2.0,O3,117425481.55769065,439522.8211927728,211101.00333407326,25.6982
c6in.12xlarge.x86-64-v3-O3.1.0,true,6,106,Intel,6.1.134-152.225.amzn2023.x86_64,6,1,134,amzn,2023,2023,x86-64-v3,24.0,2.0,O3,117425481.55769065,439522.8211927728,211101.00333407326,27.3811
c6in.12xlarge.x86-64-v3-O3.2.0,true,6,106,Intel,6.1.134-152.225.amzn2023.x86_64,6,1,134,amzn,2023,2023,x86-64-v3,24.0,2.0,O3,117425481.55769065,439522.8211927728,211101.00333407326,26.8898
c6in.12xlarge.znver1-Os.0.0,true,6,106,Intel,6.1.134-152.225.amzn2023.x86_64,6,1,134,amzn,2023,2023,znver1,24.0,2.0,Os,60589381.52530382,9313.5,698585.0,23.2916
c6in.12xlarge.znver1-Os.1.0,true,6,106,Intel,6.1.134-152.225.amzn2023.x86_64,6,1,134,amzn,2023,2023,znver1,24.0,2.0,Os,60589381.52530382,9313.5,698585.0,26.7673
c6in.12xlarge.znver1-Os.2.0,true,6,106,Intel,6.1.134-152.225.amzn2023.x86_64,6,1,134,amzn,2023,2023,znver1,24.0,2.0,Os,60589381.52530382,9313.5,698585.0,25.9746
c6in.12xlarge.sandybridge-O1.0.0,true,6,106,Intel,6.1.134-152.225.amzn2023.x86_64,6,1,134,amzn,2023,2023,sandybridge,24.0,2.0,O1,89387085.60084742,453216.66032920126,192964.94653515186,23.8155
c6in.12xlarge.sandybridge-O1.1.0,true,6,106,Intel,6.1.134-152.225.amzn2023.x86_64,6,1,134,amzn,2023,2023,sandybridge,24.0,2.0,O1,89387085.60084742,453216.66032920126,192964.94653515186,26.7525
c6in.12xlarge.sandybridge-O1.2.0,true,6,106,Intel,6.1.134-152.225.amzn2023.x86_64,6,1,134,amzn,2023,2023,sandybridge,24.0,2.0,O1,89387085.60084742,453216.66032920126,192964.94653515186,26.5196
c6in.12xlarge.x86-64-v2-O0.0.0,true,6,106,Intel,6.1.134-152.225.amzn2023.x86_64,6,1,134,amzn,2023,2023,x86-64-v2,24.0,2.0,O0,2708927568.513487,333161.788878876,142622.5208982708,14.7339
c6in.12xlarge.x86-64-v2-O0.1.0,true,6,106,Intel,6.1.134-152.225.amzn2023.x86_64,6,1,134,amzn,2023,2023,x86-64-v2,24.0,2.0,O0,2708927568.513487,333161.788878876,142622.5208982708,17.3596
c6in.12xlarge.x86-64-v2-O0.2.0,true,6,106,Intel,6.1.134-152.225.amzn2023.x86_64,6,1,134,amzn,2023,2023,x86-64-v2,24.0,2.0,O0,2708927568.513487,333161.788878876,142622.5208982708,17.3638
c6in.12xlarge.skylake-Og.0.0,true,6,106,Intel,6.1.134-152.225.amzn2023.x86_64,6,1,134,amzn,2023,2023,skylake,24.0,2.0,Og,15921896.761884468,404127.7835830027,124827.2258789416,24.5724
c6in.12xlarge.skylake-Og.1.0,true,6,106,Intel,6.1.134-152.225.amzn2023.x86_64,6,1,134,amzn,2023,2023,skylake,24.0,2.0,Og,15921896.761884468,404127.7835830027,124827.2258789416,25.5589
c6in.12xlarge.skylake-Og.2.0,true,6,106,Intel,6.1.134-152.225.amzn2023.x86_64,6,1,134,amzn,2023,2023,skylake,24.0,2.0,Og,15921896.761884468,404127.7835830027,124827.2258789416,26.5555
c6in.12xlarge.ivybridge-O3.0.0,true,6,106,Intel,6.1.134-152.225.amzn2023.x86_64,6,1,134,amzn,2023,2023,ivybridge,24.0,2.0,O3,150196761.38697842,559426.9781478844,259245.4293392156,23.3922
c6in.12xlarge.ivybridge-O3.1.0,true,6,106,Intel,6.1.134-152.225.amzn2023.x86_64,6,1,134,amzn,2023,2023,ivybridge,24.0,2.0,O3,150196761.38697842,559426.9781478844,259245.4293392156,26.6105
c6in.12xlarge.ivybridge-O3.2.0,true,6,106,Intel,6.1.134-152.225.amzn2023.x86_64,6,1,134,amzn,2023,2023,ivybridge,24.0,2.0,O3,150196761.38697842,559426.9781478844,259245.4293392156,27.0149
c6in.12xlarge.broadwell-Ofast.0.0,true,6,106,Intel,6.1.134-152.225.amzn2023.x86_64,6,1,134,amzn,2023,2023,broadwell,24.0,2.0,Ofast,343970099.2917496,401144.25390166993,182837.05533213448,26.8167
c6in.12xlarge.broadwell-Ofast.1.0,true,6,106,Intel,6.1.134-152.225.amzn2023.x86_64,6,1,134,amzn,2023,2023,broadwell,24.0,2.0,Ofast,343970099.2917496,401144.25390166993,182837.05533213448,28.353
c6in.12xlarge.broadwell-Ofast.2.0,true,6,106,Intel,6.1.134-152.225.amzn2023.x86_64,6,1,134,amzn,2023,2023,broadwell,24.0,2.0,Ofast,343970099.2917496,401144.25390166993,182837.05533213448,27.4907
c6in.12xlarge.native-O2.0.0,true,6,106,Intel,6.1.134-152.225.amzn2023.x86_64,6,1,134,amzn,2023,2023,native,24.0,2.0,O2,15784907.82707007,487861.38993541384,224091.80006791817,25.7006
c6in.12xlarge.native-O2.1.0,true,6,106,Intel,6.1.134-152.225.amzn2023.x86_64,6,1,134,amzn,2023,2023,native,24.0,2.0,O2,15784907.82707007,487861.38993541384,224091.80006791817,26.6964
c6in.12xlarge.native-O2.2.0,true,6,106,Intel,6.1.134-152.225.amzn2023.x86_64,6,1,134,amzn,2023,2023,native,24.0,2.0,O2,15784907.82707007,487861.38993541384,224091.80006791817,27.6832
c6in.12xlarge.znver4-O2.0.0,true,6,106,Intel,6.1.134-152.225.amzn2023.x86_64,6,1,134,amzn,2023,2023,znver4,24.0,2.0,O2,91596599.89696234,16393.0,1306.0,25.1336
c6in.12xlarge.znver4-O2.1.0,true,6,106,Intel,6.1.134-152.225.amzn2023.x86_64,6,1,134,amzn,2023,2023,znver4,24.0,2.0,O2,91596599.89696234,16393.0,1306.0,27.0512
c6in.12xlarge.znver4-O2.2.0,true,6,106,Intel,6.1.134-152.225.amzn2023.x86_64,6,1,134,amzn,2023,2023,znver4,24.0,2.0,O2,91596599.89696234,16393.0,1306.0,26.667
c6in.12xlarge.znver3-Os.0.0,true,6,106,Intel,6.1.134-152.225.amzn2023.x86_64,6,1,134,amzn,2023,2023,znver3,24.0,2.0,Os,55329989.56991376,226497.0,1841.0,24.3675
c6in.12xlarge.znver3-Os.1.0,true,6,106,Intel,6.1.134-152.225.amzn2023.x86_64,6,1,134,amzn,2023,2023,znver3,24.0,2.0,Os,55329989.56991376,226497.0,1841.0,24.3441
c6in.12xlarge.znver3-Os.2.0,true,6,106,Intel,6.1.134-152.225.amzn2023.x86_64,6,1,134,amzn,2023,2023,znver3,24.0,2.0,Os,55329989.56991376,226497.0,1841.0,25.0074
c6in.12xlarge.znver1-O1.0.0,true,6,106,Intel,6.1.134-152.225.amzn2023.x86_64,6,1,134,amzn,2023,2023,znver1,24.0,2.0,O1,49239316.62615424,421719.5214506242,201192.01461994767,22.1222
c6in.12xlarge.znver1-O1.1.0,true,6,106,Intel,6.1.134-152.225.amzn2023.x86_64,6,1,134,amzn,2023,2023,znver1,24.0,2.0,O1,49239316.62615424,421719.5214506242,201192.01461994767,25.9634
c6in.12xlarge.znver1-O1.2.0,true,6,106,Intel,6.1.134-152.225.amzn2023.x86_64,6,1,134,amzn,2023,2023,znver1,24.0,2.0,O1,49239316.62615424,421719.5214506242,201192.01461994767,26.1373
c6in.12xlarge.sandybridge-Os.0.0,true,6,106,Intel,6.1.134-152.225.amzn2023.x86_64,6,1,134,amzn,2023,2023,sandybridge,24.0,2.0,Os,39097223.51888693,567584.5887915081,158681.05655236644,25.6393
c6in.12xlarge.sandybridge-Os.1.0,true,6,106,Intel,6.1.134-152.225.amzn2023.x86_64,6,1,134,amzn,2023,2023,sandybridge,24.0,2.0,Os,39097223.51888693,567584.5887915081,158681.05655236644,26.7867
c6in.12xlarge.sandybridge-Os.2.0,true,6,106,Intel,6.1.134-152.225.amzn2023.x86_64,6,1,134,amzn,2023,2023,sandybridge,24.0,2.0,Os,39097223.51888693,567584.5887915081,158681.05655236644,26.0334
c6in.12xlarge.btver2-Os.0.0,true,6,106,Intel,6.1.134-152.225.amzn2023.x86_64,6,1,134,amzn,2023,2023,btver2,24.0,2.0,Os,122654017.46861838,540982.0642884015,238108.18387861017,25.7942
c6in.12xlarge.btver2-Os.1.0,true,6,106,Intel,6.1.134-152.225.amzn2023.x86_64,6,1,134,amzn,2023,2023,btver2,24.0,2.0,Os,122654017.46861838,540982.0642884015,238108.18387861017,27.8213
c6in.12xlarge.btver2-Os.2.0,true,6,106,Intel,6.1.134-152.225.amzn2023.x86_64,6,1,134,amzn,2023,2023,btver2,24.0,2.0,Os,122654017.46861838,540982.0642884015,238108.18387861017,25.8764
c6in.12xlarge.znver2-Os.0.0,true,6,106,Intel,6.1.134-152.225.amzn2023.x86_64,6,1,134,amzn,2023,2023,znver2,24.0,2.0,Os,110462098.73312941,8053.333333333333,356284.6666666667,21.8912
c6in.12xlarge.znver2-Os.1.0,true,6,106,Intel,6.1.134-152.225.amzn2023.x86_64,6,1,134,amzn,2023,2023,znver2,24.0,2.0,Os,110462098.73312941,8053.333333333333,356284.6666666667,26.7015
c6in.12xlarge.znver2-Os.2.0,true,6,106,Intel,6.1.134-152.225.amzn2023.x86_64,6,1,134,amzn,2023,2023,znver2,24.0,2.0,Os,110462098.73312941,8053.333333333333,356284.6666666667,26.8654
c6in.12xlarge.znver3-Ofast.0.0,true,6,106,Intel,6.1.134-152.225.amzn2023.x86_64,6,1,134,amzn,2023,2023,znver3,24.0,2.0,Ofast,12141822.138217518,24477.0,564514.0,26.8784
c6in.12xlarge.znver3-Ofast.1.0,true,6,106,Intel,6.1.134-152.225.amzn2023.x86_64,6,1,134,amzn,2023,2023,znver3,24.0,2.0,Ofast,12141822.138217518,24477.0,564514.0,26.5726
c6in.12xlarge.znver3-Ofast.2.0,true,6,106,Intel,6.1.134-152.225.amzn2023.x86_64,6,1,134,amzn,2023,2023,znver3,24.0,2.0,Ofast,12141822.138217518,24477.0,564514.0,27.5568
c6in.12xlarge.broadwell-Os.0.0,true,6,106,Intel,6.1.134-152.225.amzn2023.x86_64,6,1,134,amzn,2023,2023,broadwell,24.0,2.0,Os,124381967.88233298,359522.8873437499,114585.7125,26.3068
c6in.12xlarge.broadwell-Os.1.0,true,6,106,Intel,6.1.134-152.225.amzn2023.x86_64,6,1,134,amzn,2023,2023,broadwell,24.0,2.0,Os,124381967.88233298,359522.8873437499,114585.7125,26.9766
c6in.12xlarge.broadwell-Os.2.0,true,6,106,Intel,6.1.134-152.225.amzn2023.x86_64,6,1,134,amzn,2023,2023,broadwell,24.0,2.0,Os,124381967.88233298,359522.8873437499,114585.7125,26.2016
c6in.12xlarge.znver3-O3.0.0,true,6,106,Intel,6.1.134-152.225.amzn2023.x86_64,6,1,134,amzn,2023,2023,znver3,24.0,2.0,O3,197223112.4872433,419977.0003072258,196849.35044938434,23.3054
c6in.12xlarge.znver3-O3.1.0,true,6,106,Intel,6.1.134-152.225.amzn2023.x86_64,6,1,134,amzn,2023,2023,znver3,24.0,2.0,O3,197223112.4872433,419977.0003072258,196849.35044938434,22.6492
c6in.12xlarge.znver3-O3.2.0,true,6,106,Intel,6.1.134-152.225.amzn2023.x86_64,6,1,134,amzn,2023,2023,znver3,24.0,2.0,O3,197223112.4872433,419977.0003072258,196849.35044938434,27.036
c6in.12xlarge.haswell-O3.0.0,true,6,106,Intel,6.1.134-152.225.amzn2023.x86_64,6,1,134,amzn,2023,2023,haswell,24.0,2.0,O3,139670794.31171834,495114.58868555946,234634.36746899868,25.3877
c6in.12xlarge.haswell-O3.1.0,true,6,106,Intel,6.1.134-152.225.amzn2023.x86_64,6,1,134,amzn,2023,2023,haswell,24.0,2.0,O3,139670794.31171834,495114.58868555946,234634.36746899868,26.5665
c6in.12xlarge.haswell-O3.2.0,true,6,106,Intel,6.1.134-152.225.amzn2023.x86_64,6,1,134,amzn,2023,2023,haswell,24.0,2.0,O3,139670794.31171834,495114.58868555946,234634.36746899868,27.4873
c6in.12xlarge.znver3-O0.0.0,true,6,106,Intel,6.1.134-152.225.amzn2023.x86_64,6,1,134,amzn,2023,2023,znver3,24.0,2.0,O0,2647292672.036662,474945.35130218166,216986.80244874477,16.9144
c6in.12xlarge.znver3-O0.1.0,true,6,106,Intel,6.1.134-152.225.amzn2023.x86_64,6,1,134,amzn,2023,2023,znver3,24.0,2.0,O0,2647292672.036662,474945.35130218166,216986.80244874477,17.7078
c6in.12xlarge.znver3-O0.2.0,true,6,106,Intel,6.1.134-152.225.amzn2023.x86_64,6,1,134,amzn,2023,2023,znver3,24.0,2.0,O0,2647292672.036662,474945.35130218166,216986.80244874477,17.6915
c6in.12xlarge.sapphirerapids-O0.0.0,true,6,106,Intel,6.1.134-152.225.amzn2023.x86_64,6,1,134,amzn,2023,2023,sapphirerapids,24.0,2.0,O0,2677726385.6666503,438161.14077570435,199614.8055294998,16.6305
c6in.12xlarge.sapphirerapids-O0.1.0,true,6,106,Intel,6.1.134-152.225.amzn2023.x86_64,6,1,134,amzn,2023,2023,sapphirerapids,24.0,2.0,O0,2677726385.6666503,438161.14077570435,199614.8055294998,17.667
c6in.12xlarge.sapphirerapids-O0.2.0,true,6,106,Intel,6.1.134-152.225.amzn2023.x86_64,6,1,134,amzn,2023,2023,sapphirerapids,24.0,2.0,O0,2677726385.6666503,438161.14077570435,199614.8055294998,17.5087
c6in.12xlarge.haswell-Og.0.0,true,6,106,Intel,6.1.134-152.225.amzn2023.x86_64,6,1,134,amzn,2023,2023,haswell,24.0,2.0,Og,47370716.55275829,579584.0962205024,267960.9422910003,22.3244
c6in.12xlarge.haswell-Og.1.0,true,6,106,Intel,6.1.134-152.225.amzn2023.x86_64,6,1,134,amzn,2023,2023,haswell,24.0,2.0,Og,47370716.55275829,579584.0962205024,267960.9422910003,25.7868
c6in.12xlarge.haswell-Og.2.0,true,6,106,Intel,6.1.134-152.225.amzn2023.x86_64,6,1,134,amzn,2023,2023,haswell,24.0,2.0,Og,47370716.55275829,579584.0962205024,267960.9422910003,25.4172
c6in.12xlarge.znver1-Og.0.0,true,6,106,Intel,6.1.134-152.225.amzn2023.x86_64,6,1,134,amzn,2023,2023,znver1,24.0,2.0,Og,71040908.00202782,376247.41760524,183500.18066287192,24.323
c6in.12xlarge.znver1-Og.1.0,true,6,106,Intel,6.1.134-152.225.amzn2023.x86_64,6,1,134,amzn,2023,2023,znver1,24.0,2.0,Og,71040908.00202782,376247.41760524,183500.18066287192,25.0696
c6in.12xlarge.znver1-Og.2.0,true,6,106,Intel,6.1.134-152.225.amzn2023.x86_64,6,1,134,amzn,2023,2023,znver1,24.0,2.0,Og,71040908.00202782,376247.41760524,183500.18066287192,24.8977
c6in.12xlarge.ivybridge-Ofast.0.0,true,6,106,Intel,6.1.134-152.225.amzn2023.x86_64,6,1,134,amzn,2023,2023,ivybridge,24.0,2.0,Ofast,225733910.96606776,31971.0,407341.0,23.5831
c6in.12xlarge.ivybridge-Ofast.1.0,true,6,106,Intel,6.1.134-152.225.amzn2023.x86_64,6,1,134,amzn,2023,2023,ivybridge,24.0,2.0,Ofast,225733910.96606776,31971.0,407341.0,26.6782
c6in.12xlarge.ivybridge-Ofast.2.0,true,6,106,Intel,6.1.134-152.225.amzn2023.x86_64,6,1,134,amzn,2023,2023,ivybridge,24.0,2.0,Ofast,225733910.96606776,31971.0,407341.0,26.6362
c6in.12xlarge.znver1-Ofast.0.0,true,6,106,Intel,6.1.134-152.225.amzn2023.x86_64,6,1,134,amzn,2023,2023,znver1,24.0,2.0,Ofast,59998639.23594344,529419.4725200579,235113.15516200475,24.8369
c6in.12xlarge.znver1-Ofast.1.0,true,6,106,Intel,6.1.134-152.225.amzn2023.x86_64,6,1,134,amzn,2023,2023,znver1,24.0,2.0,Ofast,59998639.23594344,529419.4725200579,235113.15516200475,25.3738
c6in.12xlarge.znver1-Ofast.2.0,true,6,106,Intel,6.1.134-152.225.amzn2023.x86_64,6,1,134,amzn,2023,2023,znver1,24.0,2.0,Ofast,59998639.23594344,529419.4725200579,235113.15516200475,25.3708
c6in.12xlarge.btver2-Ofast.0.0,true,6,106,Intel,6.1.134-152.225.amzn2023.x86_64,6,1,134,amzn,2023,2023,btver2,24.0,2.0,Ofast,427262298.3896436,340463.0,9655.0,23.6152
c6in.12xlarge.btver2-Ofast.1.0,true,6,106,Intel,6.1.134-152.225.amzn2023.x86_64,6,1,134,amzn,2023,2023,btver2,24.0,2.0,Ofast,427262298.3896436,340463.0,9655.0,22.5862
c6in.12xlarge.btver2-Ofast.2.0,true,6,106,Intel,6.1.134-152.225.amzn2023.x86_64,6,1,134,amzn,2023,2023,btver2,24.0,2.0,Ofast,427262298.3896436,340463.0,9655.0,26.9238
c6in.12xlarge.native-Ofast.0.0,true,6,106,Intel,6.1.134-152.225.amzn2023.x86_64,6,1,134,amzn,2023,2023,native,24.0,2.0,Ofast,508171916.01695204,216656.58176666973,113410.35956423919,24.4827
c6in.12xlarge.native-Ofast.1.0,true,6,106,Intel,6.1.134-152.225.amzn2023.x86_64,6,1,134,amzn,2023,2023,native,24.0,2.0,Ofast,508171916.01695204,216656.58176666973,113410.35956423919,26.8624
c6in.12xlarge.native-Ofast.2.0,true,6,106,Intel,6.1.134-152.225.amzn2023.x86_64,6,1,134,amzn,2023,2023,native,24.0,2.0,Ofast,508171916.01695204,216656.58176666973,113410.35956423919,27.5668
c6in.12xlarge.znver4-Ofast.0.0,true,6,106,Intel,6.1.134-152.225.amzn2023.x86_64,6,1,134,amzn,2023,2023,znver4,24.0,2.0,Ofast,112455512.69126484,559608.6577546289,196522.14766605888,25.2707
c6in.12xlarge.znver4-Ofast.1.0,true,6,106,Intel,6.1.134-152.225.amzn2023.x86_64,6,1,134,amzn,2023,2023,znver4,24.0,2.0,Ofast,112455512.69126484,559608.6577546289,196522.14766605888,26.4906
c6in.12xlarge.znver4-Ofast.2.0,true,6,106,Intel,6.1.134-152.225.amzn2023.x86_64,6,1,134,amzn,2023,2023,znver4,24.0,2.0,Ofast,112455512.69126484,559608.6577546289,196522.14766605888,27.292
c6in.12xlarge.skylake-Ofast.0.0,true,6,106,Intel,6.1.134-152.225.amzn2023.x86_64,6,1,134,amzn,2023,2023,skylake,24.0,2.0,Ofast,124336101.12133937,446528.0,4627.0,27.0859
c6in.12xlarge.skylake-Ofast.1.0,true,6,106,Intel,6.1.134-152.225.amzn2023.x86_64,6,1,134,amzn,2023,2023,skylake,24.0,2.0,Ofast,124336101.12133937,446528.0,4627.0,27.8784
c6in.12xlarge.skylake-Ofast.2.0,true,6,106,Intel,6.1.134-152.225.amzn2023.x86_64,6,1,134,amzn,2023,2023,skylake,24.0,2.0,Ofast,124336101.12133937,446528.0,4627.0,27.4973
c6in.12xlarge.x86-64-v3-O2.0.0,true,6,106,Intel,6.1.134-152.225.amzn2023.x86_64,6,1,134,amzn,2023,2023,x86-64-v3,24.0,2.0,O2,149109277.66582224,23259.0,1126.0,26.322
c6in.12xlarge.x86-64-v3-O2.1.0,true,6,106,Intel,6.1.134-152.225.amzn2023.x86_64,6,1,134,amzn,2023,2023,x86-64-v3,24.0,2.0,O2,149109277.66582224,23259.0,1126.0,22.6333
c6in.12xlarge.x86-64-v3-O2.2.0,true,6,106,Intel,6.1.134-152.225.amzn2023.x86_64,6,1,134,amzn,2023,2023,x86-64-v3,24.0,2.0,O2,149109277.66582224,23259.0,1126.0,26.4745
c6in.12xlarge.x86-64-v3-Ofast.0.0,true,6,106,Intel,6.1.134-152.225.amzn2023.x86_64,6,1,134,amzn,2023,2023,x86-64-v3,24.0,2.0,Ofast,261065002.49834323,318725.30396412034,76885.85331746032,26.3757
c6in.12xlarge.x86-64-v3-Ofast.1.0,true,6,106,Intel,6.1.134-152.225.amzn2023.x86_64,6,1,134,amzn,2023,2023,x86-64-v3,24.0,2.0,Ofast,261065002.49834323,318725.30396412034,76885.85331746032,20.3604
c6in.12xlarge.x86-64-v3-Ofast.2.0,true,6,106,Intel,6.1.134-152.225.amzn2023.x86_64,6,1,134,amzn,2023,2023,x86-64-v3,24.0,2.0,Ofast,261065002.49834323,318725.30396412034,76885.85331746032,26.538
c6in.12xlarge.znver4-O0.0.0,true,6,106,Intel,6.1.134-152.225.amzn2023.x86_64,6,1,134,amzn,2023,2023,znver4,24.0,2.0,O0,2902339463.300492,528071.9006825549,204245.38981105332,15.6446
c6in.12xlarge.znver4-O0.1.0,true,6,106,Intel,6.1.134-152.225.amzn2023.x86_64,6,1,134,amzn,2023,2023,znver4,24.0,2.0,O0,2902339463.300492,528071.9006825549,204245.38981105332,14.5548
c6in.12xlarge.znver4-O0.2.0,true,6,106,Intel,6.1.134-152.225.amzn2023.x86_64,6,1,134,amzn,2023,2023,znver4,24.0,2.0,O0,2902339463.300492,528071.9006825549,204245.38981105332,17.3336
c6in.12xlarge.znver4-Os.0.0,true,6,106,Intel,6.1.134-152.225.amzn2023.x86_64,6,1,134,amzn,2023,2023,znver4,24.0,2.0,Os,40659716.15747889,489009.5985901408,229631.2688069684,22.5834
c6in.12xlarge.znver4-Os.1.0,true,6,106,Intel,6.1.134-152.225.amzn2023.x86_64,6,1,134,amzn,2023,2023,znver4,24.0,2.0,Os,40659716.15747889,489009.5985901408,229631.2688069684,27.0154
c6in.12xlarge.znver4-Os.2.0,true,6,106,Intel,6.1.134-152.225.amzn2023.x86_64,6,1,134,amzn,2023,2023,znver4,24.0,2.0,Os,40659716.15747889,489009.5985901408,229631.2688069684,27.1451
c6in.12xlarge.skylake-O2.0.0,true,6,106,Intel,6.1.134-152.225.amzn2023.x86_64,6,1,134,amzn,2023,2023,skylake,24.0,2.0,O2,529159016.8564809,382604.9479166666,143263.29794772438,22.376
c6in.12xlarge.skylake-O2.1.0,true,6,106,Intel,6.1.134-152.225.amzn2023.x86_64,6,1,134,amzn,2023,2023,skylake,24.0,2.0,O2,529159016.8564809,382604.9479166666,143263.29794772438,27.4834
c6in.12xlarge.skylake-O2.2.0,true,6,106,Intel,6.1.134-152.225.amzn2023.x86_64,6,1,134,amzn,2023,2023,skylake,24.0,2.0,O2,529159016.8564809,382604.9479166666,143263.29794772438,26.923
c6in.12xlarge.native-O0.0.0,true,6,106,Intel,6.1.134-152.225.amzn2023.x86_64,6,1,134,amzn,2023,2023,native,24.0,2.0,O0,2618523520.260515,451401.4567301219,288520.8467686165,16.3027
c6in.12xlarge.native-O0.1.0,true,6,106,Intel,6.1.134-152.225.amzn2023.x86_64,6,1,134,amzn,2023,2023,native,24.0,2.0,O0,2618523520.260515,451401.4567301219,288520.8467686165,17.1278
c6in.12xlarge.native-O0.2.0,true,6,106,Intel,6.1.134-152.225.amzn2023.x86_64,6,1,134,amzn,2023,2023,native,24.0,2.0,O0,2618523520.260515,451401.4567301219,288520.8467686165,16.8531
c6in.12xlarge.x86-64-v4-Og.0.0,true,6,106,Intel,6.1.134-152.225.amzn2023.x86_64,6,1,134,amzn,2023,2023,x86-64-v4,24.0,2.0,Og,27779060.5931449,463229.5264482667,202714.88176396154,24.2892
c6in.12xlarge.x86-64-v4-Og.1.0,true,6,106,Intel,6.1.134-152.225.amzn2023.x86_64,6,1,134,amzn,2023,2023,x86-64-v4,24.0,2.0,Og,27779060.5931449,463229.5264482667,202714.88176396154,22.6426
c6in.12xlarge.x86-64-v4-Og.2.0,true,6,106,Intel,6.1.134-152.225.amzn2023.x86_64,6,1,134,amzn,2023,2023,x86-64-v4,24.0,2.0,Og,27779060.5931449,463229.5264482667,202714.88176396154,26.5355
c6in.12xlarge.sandybridge-O3.0.0,true,6,106,Intel,6.1.134-152.225.amzn2023.x86_64,6,1,134,amzn,2023,2023,sandybridge,24.0,2.0,O3,113964059.19567576,388264.4834087909,154035.2613035827,23.3648
c6in.12xlarge.sandybridge-O3.1.0,true,6,106,Intel,6.1.134-152.225.amzn2023.x86_64,6,1,134,amzn,2023,2023,sandybridge,24.0,2.0,O3,113964059.19567576,388264.4834087909,154035.2613035827,22.98
c6in.12xlarge.sandybridge-O3.2.0,true,6,106,Intel,6.1.134-152.225.amzn2023.x86_64,6,1,134,amzn,2023,2023,sandybridge,24.0,2.0,O3,113964059.19567576,388264.4834087909,154035.2613035827,26.2163
c6in.12xlarge.skylake-Os.0.0,true,6,106,Intel,6.1.134-152.225.amzn2023.x86_64,6,1,134,amzn,2023,2023,skylake,24.0,2.0,Os,144643441.18836176,301963.8333333333,86452.47904761904,26.0973
c6in.12xlarge.skylake-Os.1.0,true,6,106,Intel,6.1.134-152.225.amzn2023.x86_64,6,1,134,amzn,2023,2023,skylake,24.0,2.0,Os,144643441.18836176,301963.8333333333,86452.47904761904,21.393
c6in.12xlarge.skylake-Os.2.0,true,6,106,Intel,6.1.134-152.225.amzn2023.x86_64,6,1,134,amzn,2023,2023,skylake,24.0,2.0,Os,144643441.18836176,301963.8333333333,86452.47904761904,26.2074
c6in.12xlarge.znver4-O3.0.0,true,6,106,Intel,6.1.134-152.225.amzn2023.x86_64,6,1,134,amzn,2023,2023,znver4,24.0,2.0,O3,20659827.581757583,72954.0,552820.0,22.1573
c6in.12xlarge.znver4-O3.1.0,true,6,106,Intel,6.1.134-152.225.amzn2023.x86_64,6,1,134,amzn,2023,2023,znver4,24.0,2.0,O3,20659827.581757583,72954.0,552820.0,27.2235
c6in.12xlarge.znver4-O3.2.0,true,6,106,Intel,6.1.134-152.225.amzn2023.x86_64,6,1,134,amzn,2023,2023,znver4,24.0,2.0,O3,20659827.581757583,72954.0,552820.0,28.2333
c6in.12xlarge.btver2-O3.0.0,true,6,106,Intel,6.1.134-152.225.amzn2023.x86_64,6,1,134,amzn,2023,2023,btver2,24.0,2.0,O3,115710897.53414537,424680.4960329011,199431.52950462652,26.3212
c6in.12xlarge.btver2-O3.1.0,true,6,106,Intel,6.1.134-152.225.amzn2023.x86_64,6,1,134,amzn,2023,2023,btver2,24.0,2.0,O3,115710897.53414537,424680.4960329011,199431.52950462652,26.6708
c6in.12xlarge.btver2-O3.2.0,true,6,106,Intel,6.1.134-152.225.amzn2023.x86_64,6,1,134,amzn,2023,2023,btver2,24.0,2.0,O3,115710897.53414537,424680.4960329011,199431.52950462652,27.2498
c6in.12xlarge.znver2-Ofast.0.0,true,6,106,Intel,6.1.134-152.225.amzn2023.x86_64,6,1,134,amzn,2023,2023,znver2,24.0,2.0,Ofast,36394705.507774346,497445.4417997859,194779.50298721492,24.8032
c6in.12xlarge.znver2-Ofast.1.0,true,6,106,Intel,6.1.134-152.225.amzn2023.x86_64,6,1,134,amzn,2023,2023,znver2,24.0,2.0,Ofast,36394705.507774346,497445.4417997859,194779.50298721492,25.6389
c6in.12xlarge.znver2-Ofast.2.0,true,6,106,Intel,6.1.134-152.225.amzn2023.x86_64,6,1,134,amzn,2023,2023,znver2,24.0,2.0,Ofast,36394705.507774346,497445.4417997859,194779.50298721492,25.6814
c6in.12xlarge.skylake-avx512-O2.0.0,true,6,106,Intel,6.1.134-152.225.amzn2023.x86_64,6,1,134,amzn,2023,2023,skylake-avx512,24.0,2.0,O2,200681531.32658982,452656.8309584389,151753.33161338957,25.1518
c6in.12xlarge.skylake-avx512-O2.1.0,true,6,106,Intel,6.1.134-152.225.amzn2023.x86_64,6,1,134,amzn,2023,2023,skylake-avx512,24.0,2.0,O2,200681531.32658982,452656.8309584389,151753.33161338957,26.2696
c6in.12xlarge.skylake-avx512-O2.2.0,true,6,106,Intel,6.1.134-152.225.amzn2023.x86_64,6,1,134,amzn,2023,2023,skylake-avx512,24.0,2.0,O2,200681531.32658982,452656.8309584389,151753.33161338957,26.5249
c6in.12xlarge.x86-64-v4-O0.0.0,true,6,106,Intel,6.1.134-152.225.amzn2023.x86_64,6,1,134,amzn,2023,2023,x86-64-v4,24.0,2.0,O0,2467024455.613754,350798.22431347123,147347.80463302258,16.3272
c6in.12xlarge.x86-64-v4-O0.1.0,true,6,106,Intel,6.1.134-152.225.amzn2023.x86_64,6,1,134,amzn,2023,2023,x86-64-v4,24.0,2.0,O0,2467024455.613754,350798.22431347123,147347.80463302258,17.3586
c6in.12xlarge.x86-64-v4-O0.2.0,true,6,106,Intel,6.1.134-152.225.amzn2023.x86_64,6,1,134,amzn,2023,2023,x86-64-v4,24.0,2.0,O0,2467024455.613754,350798.22431347123,147347.80463302258,17.3459
c6in.12xlarge.sapphirerapids-Os.0.0,true,6,106,Intel,6.1.134-152.225.amzn2023.x86_64,6,1,134,amzn,2023,2023,sapphirerapids,24.0,2.0,Os,201675910.11572537,517933.22140417364,238339.9383881975,23.476
c6in.12xlarge.sapphirerapids-Os.1.0,true,6,106,Intel,6.1.134-152.225.amzn2023.x86_64,6,1,134,amzn,2023,2023,sapphirerapids,24.0,2.0,Os,201675910.11572537,517933.22140417364,238339.9383881975,27.1202
c6in.12xlarge.sapphirerapids-Os.2.0,true,6,106,Intel,6.1.134-152.225.amzn2023.x86_64,6,1,134,amzn,2023,2023,sapphirerapids,24.0,2.0,Os,201675910.11572537,517933.22140417364,238339.9383881975,26.5876
c6in.12xlarge.x86-64-v3-O0.0.0,true,6,106,Intel,6.1.134-152.225.amzn2023.x86_64,6,1,134,amzn,2023,2023,x86-64-v3,24.0,2.0,O0,2290557919.597473,261542.0,6617.0,17.1744
c6in.12xlarge.x86-64-v3-O0.1.0,true,6,106,Intel,6.1.134-152.225.amzn2023.x86_64,6,1,134,amzn,2023,2023,x86-64-v3,24.0,2.0,O0,2290557919.597473,261542.0,6617.0,17.8384
c6in.12xlarge.x86-64-v3-O0.2.0,true,6,106,Intel,6.1.134-152.225.amzn2023.x86_64,6,1,134,amzn,2023,2023,x86-64-v3,24.0,2.0,O0,2290557919.597473,261542.0,6617.0,17.559
c6in.12xlarge.x86-64-v2-Ofast.0.0,true,6,106,Intel,6.1.134-152.225.amzn2023.x86_64,6,1,134,amzn,2023,2023,x86-64-v2,24.0,2.0,Ofast,148477808.0814219,436645.4,118337.2841661188,25.3499
c6in.12xlarge.x86-64-v2-Ofast.1.0,true,6,106,Intel,6.1.134-152.225.amzn2023.x86_64,6,1,134,amzn,2023,2023,x86-64-v2,24.0,2.0,Ofast,148477808.0814219,436645.4,118337.2841661188,27.3534
c6in.12xlarge.x86-64-v2-Ofast.2.0,true,6,106,Intel,6.1.134-152.225.amzn2023.x86_64,6,1,134,amzn,2023,2023,x86-64-v2,24.0,2.0,Ofast,148477808.0814219,436645.4,118337.2841661188,27.2976
c6in.12xlarge.icelake-server-Ofast.0.0,true,6,106,Intel,6.1.134-152.225.amzn2023.x86_64,6,1,134,amzn,2023,2023,icelake-server,24.0,2.0,Ofast,326418375.9817966,79132.0,9296.0,22.8796
c6in.12xlarge.icelake-server-Ofast.1.0,true,6,106,Intel,6.1.134-152.225.amzn2023.x86_64,6,1,134,amzn,2023,2023,icelake-server,24.0,2.0,Ofast,326418375.9817966,79132.0,9296.0,27.4887
c6in.12xlarge.icelake-server-Ofast.2.0,true,6,106,Intel,6.1.134-152.225.amzn2023.x86_64,6,1,134,amzn,2023,2023,icelake-server,24.0,2.0,Ofast,326418375.9817966,79132.0,9296.0,27.5964
c6in.12xlarge.znver2-O1.0.0,true,6,106,Intel,6.1.134-152.225.amzn2023.x86_64,6,1,134,amzn,2023,2023,znver2,24.0,2.0,O1,21783348.26985468,611741.4210578697,203831.43528044605,24.5347
c6in.12xlarge.znver2-O1.1.0,true,6,106,Intel,6.1.134-152.225.amzn2023.x86_64,6,1,134,amzn,2023,2023,znver2,24.0,2.0,O1,21783348.26985468,611741.4210578697,203831.43528044605,23.4589
c6in.12xlarge.znver2-O1.2.0,true,6,106,Intel,6.1.134-152.225.amzn2023.x86_64,6,1,134,amzn,2023,2023,znver2,24.0,2.0,O1,21783348.26985468,611741.4210578697,203831.43528044605,26.871
c6in.12xlarge.broadwell-Og.0.0,true,6,106,Intel,6.1.134-152.225.amzn2023.x86_64,6,1,134,amzn,2023,2023,broadwell,24.0,2.0,Og,21768054.236586053,28704.0,4456.0,24.3388
c6in.12xlarge.broadwell-Og.1.0,true,6,106,Intel,6.1.134-152.225.amzn2023.x86_64,6,1,134,amzn,2023,2023,broadwell,24.0,2.0,Og,21768054.236586053,28704.0,4456.0,26.595
c6in.12xlarge.broadwell-Og.2.0,true,6,106,Intel,6.1.134-152.225.amzn2023.x86_64,6,1,134,amzn,2023,2023,broadwell,24.0,2.0,Og,21768054.236586053,28704.0,4456.0,26.6284
c6in.12xlarge.icelake-server-O0.0.0,true,6,106,Intel,6.1.134-152.225.amzn2023.x86_64,6,1,134,amzn,2023,2023,icelake-server,24.0,2.0,O0,1803491700.5459957,363766.07954545453,153675.09341782742,15.3984
c6in.12xlarge.icelake-server-O0.1.0,true,6,106,Intel,6.1.134-152.225.amzn2023.x86_64,6,1,134,amzn,2023,2023,icelake-server,24.0,2.0,O0,1803491700.5459957,363766.07954545453,153675.09341782742,17.1213
c6in.12xlarge.icelake-server-O0.2.0,true,6,106,Intel,6.1.134-152.225.amzn2023.x86_64,6,1,134,amzn,2023,2023,icelake-server,24.0,2.0,O0,1803491700.5459957,363766.07954545453,153675.09341782742,17.096
c6in.12xlarge.x86-64-v3-O1.0.0,true,6,106,Intel,6.1.134-152.225.amzn2023.x86_64,6,1,134,amzn,2023,2023,x86-64-v3,24.0,2.0,O1,184253358.50738296,390852.9812509794,172649.9007127199,24.6061
c6in.12xlarge.x86-64-v3-O1.1.0,true,6,106,Intel,6.1.134-152.225.amzn2023.x86_64,6,1,134,amzn,2023,2023,x86-64-v3,24.0,2.0,O1,184253358.50738296,390852.9812509794,172649.9007127199,26.1845
c6in.12xlarge.x86-64-v3-O1.2.0,true,6,106,Intel,6.1.134-152.225.amzn2023.x86_64,6,1,134,amzn,2023,2023,x86-64-v3,24.0,2.0,O1,184253358.50738296,390852.9812509794,172649.9007127199,25.6394
c6in.12xlarge.x86-64-v4-O1.0.0,true,6,106,Intel,6.1.134-152.225.amzn2023.x86_64,6,1,134,amzn,2023,2023,x86-64-v4,24.0,2.0,O1,13287233.940854905,415022.4256427048,191607.95301799712,25.8331
c6in.12xlarge.x86-64-v4-O1.1.0,true,6,106,Intel,6.1.134-152.225.amzn2023.x86_64,6,1,134,amzn,2023,2023,x86-64-v4,24.0,2.0,O1,13287233.940854905,415022.4256427048,191607.95301799712,27.6432
c6in.12xlarge.x86-64-v4-O1.2.0,true,6,106,Intel,6.1.134-152.225.amzn2023.x86_64,6,1,134,amzn,2023,2023,x86-64-v4,24.0,2.0,O1,13287233.940854905,415022.4256427048,191607.95301799712,26.8136
c6in.12xlarge.skylake-O0.0.0,true,6,106,Intel,6.1.134-152.225.amzn2023.x86_64,6,1,134,amzn,2023,2023,skylake,24.0,2.0,O0,2946258748.217127,18658.0,694.0,17.1351
c6in.12xlarge.skylake-O0.1.0,true,6,106,Intel,6.1.134-152.225.amzn2023.x86_64,6,1,134,amzn,2023,2023,skylake,24.0,2.0,O0,2946258748.217127,18658.0,694.0,17.4642
c6in.12xlarge.skylake-O0.2.0,true,6,106,Intel,6.1.134-152.225.amzn2023.x86_64,6,1,134,amzn,2023,2023,skylake,24.0,2.0,O0,2946258748.217127,18658.0,694.0,17.726
c6in.12xlarge.bdver4-O1.0.0,true,6,106,Intel,6.1.134-152.225.amzn2023.x86_64,6,1,134,amzn,2023,2023,bdver4,24.0,2.0,O1,24961987.509169497,424435.0,3894.0,24.6087
c6in.12xlarge.bdver4-O1.1.0,true,6,106,Intel,6.1.134-152.225.amzn2023.x86_64,6,1,134,amzn,2023,2023,bdver4,24.0,2.0,O1,24961987.509169497,424435.0,3894.0,25.5581
c6in.12xlarge.bdver4-O1.2.0,true,6,106,Intel,6.1.134-152.225.amzn2023.x86_64,6,1,134,amzn,2023,2023,bdver4,24.0,2.0,O1,24961987.509169497,424435.0,3894.0,27.0036
c6in.12xlarge.x86-64-v2-O3.0.0,true,6,106,Intel,6.1.134-152.225.amzn2023.x86_64,6,1,134,amzn,2023,2023,x86-64-v2,24.0,2.0,O3,264300163.80473593,439152.82230893424,193631.76473538522,22.5152
c6in.12xlarge.x86-64-v2-O3.1.0,true,6,106,Intel,6.1.134-152.225.amzn2023.x86_64,6,1,134,amzn,2023,2023,x86-64-v2,24.0,2.0,O3,264300163.80473593,439152.82230893424,193631.76473538522,25.8511
c6in.12xlarge.x86-64-v2-O3.2.0,true,6,106,Intel,6.1.134-152.225.amzn2023.x86_64,6,1,134,amzn,2023,2023,x86-64-v2,24.0,2.0,O3,264300163.80473593,439152.82230893424,193631.76473538522,26.435
c6in.12xlarge.skylake-avx512-O0.0.0,true,6,106,Intel,6.1.134-152.225.amzn2023.x86_64,6,1,134,amzn,2023,2023,skylake-avx512,24.0,2.0,O0,2058784113.342309,471499.9879397197,193934.8081139478,15.5818
c6in.12xlarge.skylake-avx512-O0.1.0,true,6,106,Intel,6.1.134-152.225.amzn2023.x86_64,6,1,134,amzn,2023,2023,skylake-avx512,24.0,2.0,O0,2058784113.342309,471499.9879397197,193934.8081139478,17.5747
c6in.12xlarge.skylake-avx512-O0.2.0,true,6,106,Intel,6.1.134-152.225.amzn2023.x86_64,6,1,134,amzn,2023,2023,skylake-avx512,24.0,2.0,O0,2058784113.342309,471499.9879397197,193934.8081139478,17.1902
c6in.12xlarge.broadwell-O2.0.0,true,6,106,Intel,6.1.134-152.225.amzn2023.x86_64,6,1,134,amzn,2023,2023,broadwell,24.0,2.0,O2,110591491.58169259,297971.6106622482,145438.65669542324,23.6759
c6in.12xlarge.broadwell-O2.1.0,true,6,106,Intel,6.1.134-152.225.amzn2023.x86_64,6,1,134,amzn,2023,2023,broadwell,24.0,2.0,O2,110591491.58169259,297971.6106622482,145438.65669542324,22.9686
c6in.12xlarge.broadwell-O2.2.0,true,6,106,Intel,6.1.134-152.225.amzn2023.x86_64,6,1,134,amzn,2023,2023,broadwell,24.0,2.0,O2,110591491.58169259,297971.6106622482,145438.65669542324,26.4494
c6in.12xlarge.znver3-Og.0.0,true,6,106,Intel,6.1.134-152.225.amzn2023.x86_64,6,1,134,amzn,2023,2023,znver3,24.0,2.0,Og,29030036.120882854,528466.1435225644,160664.26764277185,25.1049
c6in.12xlarge.znver3-Og.1.0,true,6,106,Intel,6.1.134-152.225.amzn2023.x86_64,6,1,134,amzn,2023,2023,znver3,24.0,2.0,Og,29030036.120882854,528466.1435225644,160664.26764277185,26.753
c6in.12xlarge.znver3-Og.2.0,true,6,106,Intel,6.1.134-152.225.amzn2023.x86_64,6,1,134,amzn,2023,2023,znver3,24.0,2.0,Og,29030036.120882854,528466.1435225644,160664.26764277185,26.1975
c6in.12xlarge.sandybridge-O0.0.0,true,6,106,Intel,6.1.134-152.225.amzn2023.x86_64,6,1,134,amzn,2023,2023,sandybridge,24.0,2.0,O0,2938654209.5838428,379105.71815172647,183559.53043668997,15.6843
c6in.12xlarge.sandybridge-O0.1.0,true,6,106,Intel,6.1.134-152.225.amzn2023.x86_64,6,1,134,amzn,2023,2023,sandybridge,24.0,2.0,O0,2938654209.5838428,379105.71815172647,183559.53043668997,16.9856
c6in.12xlarge.sandybridge-O0.2.0,true,6,106,Intel,6.1.134-152.225.amzn2023.x86_64,6,1,134,amzn,2023,2023,sandybridge,24.0,2.0,O0,2938654209.5838428,379105.71815172647,183559.53043668997,17.2396
c6in.12xlarge.skylake-O3.0.0,true,6,106,Intel,6.1.134-152.225.amzn2023.x86_64,6,1,134,amzn,2023,2023,skylake,24.0,2.0,O3,54980888.10819229,21212.0,3066.0,26.8345
c6in.12xlarge.skylake-O3.1.0,true,6,106,Intel,6.1.134-152.225.amzn2023.x86_64,6,1,134,amzn,2023,2023,skylake,24.0,2.0,O3,54980888.10819229,21212.0,3066.0,26.9774
c6in.12xlarge.skylake-O3.2.0,true,6,106,Intel,6.1.134-152.225.amzn2023.x86_64,6,1,134,amzn,2023,2023,skylake,24.0,2.0,O3,54980888.10819229,21212.0,3066.0,26.5548
c6in.12xlarge.x86-64-v4-O2.0.0,true,6,106,Intel,6.1.134-152.225.amzn2023.x86_64,6,1,134,amzn,2023,2023,x86-64-v4,24.0,2.0,O2,377011847.4746333,449821.2166460125,157391.02561904633,21.0502
c6in.12xlarge.x86-64-v4-O2.1.0,true,6,106,Intel,6.1.134-152.225.amzn2023.x86_64,6,1,134,amzn,2023,2023,x86-64-v4,24.0,2.0,O2,377011847.4746333,449821.2166460125,157391.02561904633,25.9126
c6in.12xlarge.x86-64-v4-O2.2.0,true,6,106,Intel,6.1.134-152.225.amzn2023.x86_64,6,1,134,amzn,2023,2023,x86-64-v4,24.0,2.0,O2,377011847.4746333,449821.2166460125,157391.02561904633,26.4685
c6in.12xlarge.sapphirerapids-O2.0.0,true,6,106,Intel,6.1.134-152.225.amzn2023.x86_64,6,1,134,amzn,2023,2023,sapphirerapids,24.0,2.0,O2,387004117.4958676,506571.0,3835.0,24.1079
c6in.12xlarge.sapphirerapids-O2.1.0,true,6,106,Intel,6.1.134-152.225.amzn2023.x86_64,6,1,134,amzn,2023,2023,sapphirerapids,24.0,2.0,O2,387004117.4958676,506571.0,3835.0,27.0998
c6in.12xlarge.sapphirerapids-O2.2.0,true,6,106,Intel,6.1.134-152.225.amzn2023.x86_64,6,1,134,amzn,2023,2023,sapphirerapids,24.0,2.0,O2,387004117.4958676,506571.0,3835.0,26.943
c6in.12xlarge.ivybridge-O2.0.0,true,6,106,Intel,6.1.134-152.225.amzn2023.x86_64,6,1,134,amzn,2023,2023,ivybridge,24.0,2.0,O2,59366077.12480447,610620.5045289099,277856.0386197163,24.9083
c6in.12xlarge.ivybridge-O2.1.0,true,6,106,Intel,6.1.134-152.225.amzn2023.x86_64,6,1,134,amzn,2023,2023,ivybridge,24.0,2.0,O2,59366077.12480447,610620.5045289099,277856.0386197163,26.2624
c6in.12xlarge.ivybridge-O2.2.0,true,6,106,Intel,6.1.134-152.225.amzn2023.x86_64,6,1,134,amzn,2023,2023,ivybridge,24.0,2.0,O2,59366077.12480447,610620.5045289099,277856.0386197163,27.1431
c6in.12xlarge.znver4-O1.0.0,true,6,106,Intel,6.1.134-152.225.amzn2023.x86_64,6,1,134,amzn,2023,2023,znver4,24.0,2.0,O1,233875350.68827084,544860.5731170606,224282.7684355114,25.2828
c6in.12xlarge.znver4-O1.1.0,true,6,106,Intel,6.1.134-152.225.amzn2023.x86_64,6,1,134,amzn,2023,2023,znver4,24.0,2.0,O1,233875350.68827084,544860.5731170606,224282.7684355114,26.129
c6in.12xlarge.znver4-O1.2.0,true,6,106,Intel,6.1.134-152.225.amzn2023.x86_64,6,1,134,amzn,2023,2023,znver4,24.0,2.0,O1,233875350.68827084,544860.5731170606,224282.7684355114,26.2689
c6in.12xlarge.sapphirerapids-Og.0.0,true,6,106,Intel,6.1.134-152.225.amzn2023.x86_64,6,1,134,amzn,2023,2023,sapphirerapids,24.0,2.0,Og,15783017.820903266,455239.27401212096,210107.5323187151,24.7915
c6in.12xlarge.sapphirerapids-Og.1.0,true,6,106,Intel,6.1.134-152.225.amzn2023.x86_64,6,1,134,amzn,2023,2023,sapphirerapids,24.0,2.0,Og,15783017.820903266,455239.27401212096,210107.5323187151,26.2945
c6in.12xlarge.sapphirerapids-Og.2.0,true,6,106,Intel,6.1.134-152.225.amzn2023.x86_64,6,1,134,amzn,2023,2023,sapphirerapids,24.0,2.0,Og,15783017.820903266,455239.27401212096,210107.5323187151,26.3548
c6in.12xlarge.ivybridge-O0.0.0,true,6,106,Intel,6.1.134-152.225.amzn2023.x86_64,6,1,134,amzn,2023,2023,ivybridge,24.0,2.0,O0,2670010902.592873,446543.9731123526,184240.9364742671,16.3699
c6in.12xlarge.ivybridge-O0.1.0,true,6,106,Intel,6.1.134-152.225.amzn2023.x86_64,6,1,134,amzn,2023,2023,ivybridge,24.0,2.0,O0,2670010902.592873,446543.9731123526,184240.9364742671,17.2716
c6in.12xlarge.ivybridge-O0.2.0,true,6,106,Intel,6.1.134-152.225.amzn2023.x86_64,6,1,134,amzn,2023,2023,ivybridge,24.0,2.0,O0,2670010902.592873,446543.9731123526,184240.9364742671,17.3824
c6in.12xlarge.znver3-O2.0.0,true,6,106,Intel,6.1.134-152.225.amzn2023.x86_64,6,1,134,amzn,2023,2023,znver3,24.0,2.0,O2,70172717.25901484,5206.5,147259.0,24.4989
c6in.12xlarge.znver3-O2.1.0,true,6,106,Intel,6.1.134-152.225.amzn2023.x86_64,6,1,134,amzn,2023,2023,znver3,24.0,2.0,O2,70172717.25901484,5206.5,147259.0,25.3413
c6in.12xlarge.znver3-O2.2.0,true,6,106,Intel,6.1.134-152.225.amzn2023.x86_64,6,1,134,amzn,2023,2023,znver3,24.0,2.0,O2,70172717.25901484,5206.5,147259.0,26.0498
c6in.12xlarge.znver1-O3.0.0,true,6,106,Intel,6.1.134-152.225.amzn2023.x86_64,6,1,134,amzn,2023,2023,znver1,24.0,2.0,O3,172263588.22278348,571418.6517883742,159135.13855204743,23.0948
c6in.12xlarge.znver1-O3.1.0,true,6,106,Intel,6.1.134-152.225.amzn2023.x86_64,6,1,134,amzn,2023,2023,znver1,24.0,2.0,O3,172263588.22278348,571418.6517883742,159135.13855204743,27.0309
c6in.12xlarge.znver1-O3.2.0,true,6,106,Intel,6.1.134-152.225.amzn2023.x86_64,6,1,134,amzn,2023,2023,znver1,24.0,2.0,O3,172263588.22278348,571418.6517883742,159135.13855204743,26.2788
c6in.12xlarge.znver2-O0.0.0,true,6,106,Intel,6.1.134-152.225.amzn2023.x86_64,6,1,134,amzn,2023,2023,znver2,24.0,2.0,O0,3004224645.8989573,210216.35294471026,90235.3328823347,15.7314
c6in.12xlarge.znver2-O0.1.0,true,6,106,Intel,6.1.134-152.225.amzn2023.x86_64,6,1,134,amzn,2023,2023,znver2,24.0,2.0,O0,3004224645.8989573,210216.35294471026,90235.3328823347,16.7407
c6in.12xlarge.znver2-O0.2.0,true,6,106,Intel,6.1.134-152.225.amzn2023.x86_64,6,1,134,amzn,2023,2023,znver2,24.0,2.0,O0,3004224645.8989573,210216.35294471026,90235.3328823347,17.1217
c6in.12xlarge.x86-64-v2-Os.0.0,true,6,106,Intel,6.1.134-152.225.amzn2023.x86_64,6,1,134,amzn,2023,2023,x86-64-v2,24.0,2.0,Os,530933368.01980305,30614.0,5862.0,22.9141
c6in.12xlarge.x86-64-v2-Os.1.0,true,6,106,Intel,6.1.134-152.225.amzn2023.x86_64,6,1,134,amzn,2023,2023,x86-64-v2,24.0,2.0,Os,530933368.01980305,30614.0,5862.0,25.7653
c6in.12xlarge.x86-64-v2-Os.2.0,true,6,106,Intel,6.1.134-152.225.amzn2023.x86_64,6,1,134,amzn,2023,2023,x86-64-v2,24.0,2.0,Os,530933368.01980305,30614.0,5862.0,26.2464
c6in.12xlarge.bdver4-Og.0.0,true,6,106,Intel,6.1.134-152.225.amzn2023.x86_64,6,1,134,amzn,2023,2023,bdver4,24.0,2.0,Og,17659339.514110643,282461.4888653733,129684.88945578232,25.549
c6in.12xlarge.bdver4-Og.1.0,true,6,106,Intel,6.1.134-152.225.amzn2023.x86_64,6,1,134,amzn,2023,2023,bdver4,24.0,2.0,Og,17659339.514110643,282461.4888653733,129684.88945578232,23.0953
c6in.12xlarge.bdver4-Og.2.0,true,6,106,Intel,6.1.134-152.225.amzn2023.x86_64,6,1,134,amzn,2023,2023,bdver4,24.0,2.0,Og,17659339.514110643,282461.4888653733,129684.88945578232,26.6592
c6in.12xlarge.native-Os.0.0,true,6,106,Intel,6.1.134-152.225.amzn2023.x86_64,6,1,134,amzn,2023,2023,native,24.0,2.0,Os,23830520.535986945,496495.2042015294,235908.58529487584,24.8294
c6in.12xlarge.native-Os.1.0,true,6,106,Intel,6.1.134-152.225.amzn2023.x86_64,6,1,134,amzn,2023,2023,native,24.0,2.0,Os,23830520.535986945,496495.2042015294,235908.58529487584,26.042
c6in.12xlarge.native-Os.2.0,true,6,106,Intel,6.1.134-152.225.amzn2023.x86_64,6,1,134,amzn,2023,2023,native,24.0,2.0,Os,23830520.535986945,496495.2042015294,235908.58529487584,27.0336
c6in.12xlarge.btver2-O0.0.0,true,6,106,Intel,6.1.134-152.225.amzn2023.x86_64,6,1,134,amzn,2023,2023,btver2,24.0,2.0,O0,2715359588.0860167,63906.0,740062.0,14.6819
c6in.12xlarge.btver2-O0.1.0,true,6,106,Intel,6.1.134-152.225.amzn2023.x86_64,6,1,134,amzn,2023,2023,btver2,24.0,2.0,O0,2715359588.0860167,63906.0,740062.0,17.1019
c6in.12xlarge.btver2-O0.2.0,true,6,106,Intel,6.1.134-152.225.amzn2023.x86_64,6,1,134,amzn,2023,2023,btver2,24.0,2.0,O0,2715359588.0860167,63906.0,740062.0,17.1373
c6in.12xlarge.skylake-avx512-Os.0.0,true,6,106,Intel,6.1.134-152.225.amzn2023.x86_64,6,1,134,amzn,2023,2023,skylake-avx512,24.0,2.0,Os,181167199.93556142,226560.67652633102,96329.10431995885,25.2382
c6in.12xlarge.skylake-avx512-Os.1.0,true,6,106,Intel,6.1.134-152.225.amzn2023.x86_64,6,1,134,amzn,2023,2023,skylake-avx512,24.0,2.0,Os,181167199.93556142,226560.67652633102,96329.10431995885,26.6102
c6in.12xlarge.skylake-avx512-Os.2.0,true,6,106,Intel,6.1.134-152.225.amzn2023.x86_64,6,1,134,amzn,2023,2023,skylake-avx512,24.0,2.0,Os,181167199.93556142,226560.67652633102,96329.10431995885,27.1674
c6in.12xlarge.icelake-server-Os.0.0,true,6,106,Intel,6.1.134-152.225.amzn2023.x86_64,6,1,134,amzn,2023,2023,icelake-server,24.0,2.0,Os,183278740.9590008,414270.3542281846,202964.82903855309,25.1625
c6in.12xlarge.icelake-server-Os.1.0,true,6,106,Intel,6.1.134-152.225.amzn2023.x86_64,6,1,134,amzn,2023,2023,icelake-server,24.0,2.0,Os,183278740.9590008,414270.3542281846,202964.82903855309,25.631
c6in.12xlarge.icelake-server-Os.2.0,true,6,106,Intel,6.1.134-152.225.amzn2023.x86_64,6,1,134,amzn,2023,2023,icelake-server,24.0,2.0,Os,183278740.9590008,414270.3542281846,202964.82903855309,26.3628
c6in.12xlarge.znver1-O2.0.0,true,6,106,Intel,6.1.134-152.225.amzn2023.x86_64,6,1,134,amzn,2023,2023,znver1,24.0,2.0,O2,61946585.813704155,626724.5905547258,297404.8172471162,25.0264
c6in.12xlarge.znver1-O2.1.0,true,6,106,Intel,6.1.134-152.225.amzn2023.x86_64,6,1,134,amzn,2023,2023,znver1,24.0,2.0,O2,61946585.813704155,626724.5905547258,297404.8172471162,25.8282
c6in.12xlarge.znver1-O2.2.0,true,6,106,Intel,6.1.134-152.225.amzn2023.x86_64,6,1,134,amzn,2023,2023,znver1,24.0,2.0,O2,61946585.813704155,626724.5905547258,297404.8172471162,26.7939
c6in.12xlarge.sandybridge-O2.0.0,true,6,106,Intel,6.1.134-152.225.amzn2023.x86_64,6,1,134,amzn,2023,2023,sandybridge,24.0,2.0,O2,64110617.28226717,242522.91650793655,100407.65714285715,25.9407
c6in.12xlarge.sandybridge-O2.1.0,true,6,106,Intel,6.1.134-152.225.amzn2023.x86_64,6,1,134,amzn,2023,2023,sandybridge,24.0,2.0,O2,64110617.28226717,242522.91650793655,100407.65714285715,24.5681
c6in.12xlarge.sandybridge-O2.2.0,true,6,106,Intel,6.1.134-152.225.amzn2023.x86_64,6,1,134,amzn,2023,2023,sandybridge,24.0,2.0,O2,64110617.28226717,242522.91650793655,100407.65714285715,26.9521
c6in.12xlarge.haswell-O1.0.0,true,6,106,Intel,6.1.134-152.225.amzn2023.x86_64,6,1,134,amzn,2023,2023,haswell,24.0,2.0,O1,127482373.45549253,565890.4580652373,198161.57017755535,25.2435
c6in.12xlarge.haswell-O1.1.0,true,6,106,Intel,6.1.134-152.225.amzn2023.x86_64,6,1,134,amzn,2023,2023,haswell,24.0,2.0,O1,127482373.45549253,565890.4580652373,198161.57017755535,27.0039
c6in.12xlarge.haswell-O1.2.0,true,6,106,Intel,6.1.134-152.225.amzn2023.x86_64,6,1,134,amzn,2023,2023,haswell,24.0,2.0,O1,127482373.45549253,565890.4580652373,198161.57017755535,26.3802
c6in.12xlarge.native-Og.0.0,true,6,106,Intel,6.1.134-152.225.amzn2023.x86_64,6,1,134,amzn,2023,2023,native,24.0,2.0,Og,49066563.856388666,420008.3688403903,198169.2425873984,21.9349
c6in.12xlarge.native-Og.1.0,true,6,106,Intel,6.1.134-152.225.amzn2023.x86_64,6,1,134,amzn,2023,2023,native,24.0,2.0,Og,49066563.856388666,420008.3688403903,198169.2425873984,25.4685
c6in.12xlarge.native-Og.2.0,true,6,106,Intel,6.1.134-152.225.amzn2023.x86_64,6,1,134,amzn,2023,2023,native,24.0,2.0,Og,49066563.856388666,420008.3688403903,198169.2425873984,26.0564
c6in.12xlarge.icelake-server-O3.0.0,true,6,106,Intel,6.1.134-152.225.amzn2023.x86_64,6,1,134,amzn,2023,2023,icelake-server,24.0,2.0,O3,246799260.3758722,462887.5104813828,182539.15745221564,23.2988
c6in.12xlarge.icelake-server-O3.1.0,true,6,106,Intel,6.1.134-152.225.amzn2023.x86_64,6,1,134,amzn,2023,2023,icelake-server,24.0,2.0,O3,246799260.3758722,462887.5104813828,182539.15745221564,22.597
c6in.12xlarge.icelake-server-O3.2.0,true,6,106,Intel,6.1.134-152.225.amzn2023.x86_64,6,1,134,amzn,2023,2023,icelake-server,24.0,2.0,O3,246799260.3758722,462887.5104813828,182539.15745221564,26.3696
c6in.12xlarge.x86-64-v3-Og.0.0,true,6,106,Intel,6.1.134-152.225.amzn2023.x86_64,6,1,134,amzn,2023,2023,x86-64-v3,24.0,2.0,Og,185139104.36789647,385767.5406938481,184740.00287357584,20.5689
c6in.12xlarge.x86-64-v3-Og.1.0,true,6,106,Intel,6.1.134-152.225.amzn2023.x86_64,6,1,134,amzn,2023,2023,x86-64-v3,24.0,2.0,Og,185139104.36789647,385767.5406938481,184740.00287357584,25.7563
c6in.12xlarge.x86-64-v3-Og.2.0,true,6,106,Intel,6.1.134-152.225.amzn2023.x86_64,6,1,134,amzn,2023,2023,x86-64-v3,24.0,2.0,Og,185139104.36789647,385767.5406938481,184740.00287357584,25.9676
c6in.12xlarge.icelake-server-O1.0.0,true,6,106,Intel,6.1.134-152.225.amzn2023.x86_64,6,1,134,amzn,2023,2023,icelake-server,24.0,2.0,O1,134866806.5680516,293624.15539178636,78082.96279761904,25.8034
c6in.12xlarge.icelake-server-O1.1.0,true,6,106,Intel,6.1.134-152.225.amzn2023.x86_64,6,1,134,amzn,2023,2023,icelake-server,24.0,2.0,O1,134866806.5680516,293624.15539178636,78082.96279761904,24.4708
c6in.12xlarge.icelake-server-O1.2.0,true,6,106,Intel,6.1.134-152.225.amzn2023.x86_64,6,1,134,amzn,2023,2023,icelake-server,24.0,2.0,O1,134866806.5680516,293624.15539178636,78082.96279761904,26.8528
c6in.12xlarge.x86-64-v4-Os.0.0,true,6,106,Intel,6.1.134-152.225.amzn2023.x86_64,6,1,134,amzn,2023,2023,x86-64-v4,24.0,2.0,Os,223365337.50347757,608724.8083845637,171810.84716092906,24.5419
c6in.12xlarge.x86-64-v4-Os.1.0,true,6,106,Intel,6.1.134-152.225.amzn2023.x86_64,6,1,134,amzn,2023,2023,x86-64-v4,24.0,2.0,Os,223365337.50347757,608724.8083845637,171810.84716092906,26.3663
c6in.12xlarge.x86-64-v4-Os.2.0,true,6,106,Intel,6.1.134-152.225.amzn2023.x86_64,6,1,134,amzn,2023,2023,x86-64-v4,24.0,2.0,Os,223365337.50347757,608724.8083845637,171810.84716092906,26.3488
c6in.12xlarge.x86-64-v2-O2.0.0,true,6,106,Intel,6.1.134-152.225.amzn2023.x86_64,6,1,134,amzn,2023,2023,x86-64-v2,24.0,2.0,O2,11025817.872528654,577187.702808255,155069.77185502293,25.985
c6in.12xlarge.x86-64-v2-O2.1.0,true,6,106,Intel,6.1.134-152.225.amzn2023.x86_64,6,1,134,amzn,2023,2023,x86-64-v2,24.0,2.0,O2,11025817.872528654,577187.702808255,155069.77185502293,27.1007
c6in.12xlarge.x86-64-v2-O2.2.0,true,6,106,Intel,6.1.134-152.225.amzn2023.x86_64,6,1,134,amzn,2023,2023,x86-64-v2,24.0,2.0,O2,11025817.872528654,577187.702808255,155069.77185502293,28.2029
c6in.12xlarge.sapphirerapids-O1.0.0,true,6,106,Intel,6.1.134-152.225.amzn2023.x86_64,6,1,134,amzn,2023,2023,sapphirerapids,24.0,2.0,O1,216375942.08463848,389368.8252042971,139124.14209328822,25.1348
c6in.12xlarge.sapphirerapids-O1.1.0,true,6,106,Intel,6.1.134-152.225.amzn2023.x86_64,6,1,134,amzn,2023,2023,sapphirerapids,24.0,2.0,O1,216375942.08463848,389368.8252042971,139124.14209328822,25.7458
c6in.12xlarge.sapphirerapids-O1.2.0,true,6,106,Intel,6.1.134-152.225.amzn2023.x86_64,6,1,134,amzn,2023,2023,sapphirerapids,24.0,2.0,O1,216375942.08463848,389368.8252042971,139124.14209328822,25.9088
c6in.12xlarge.sandybridge-Og.0.0,true,6,106,Intel,6.1.134-152.225.amzn2023.x86_64,6,1,134,amzn,2023,2023,sandybridge,24.0,2.0,Og,56526176.31042625,274270.01199142926,115118.01474274209,26.0211
c6in.12xlarge.sandybridge-Og.1.0,true,6,106,Intel,6.1.134-152.225.amzn2023.x86_64,6,1,134,amzn,2023,2023,sandybridge,24.0,2.0,Og,56526176.31042625,274270.01199142926,115118.01474274209,26.3478
c6in.12xlarge.sandybridge-Og.2.0,true,6,106,Intel,6.1.134-152.225.amzn2023.x86_64,6,1,134,amzn,2023,2023,sandybridge,24.0,2.0,Og,56526176.31042625,274270.01199142926,115118.01474274209,25.8225
c6in.12xlarge.ivybridge-Og.0.0,true,6,106,Intel,6.1.134-152.225.amzn2023.x86_64,6,1,134,amzn,2023,2023,ivybridge,24.0,2.0,Og,9407624.525339719,501606.0978813948,231897.843729668,23.1929
c6in.12xlarge.ivybridge-Og.1.0,true,6,106,Intel,6.1.134-152.225.amzn2023.x86_64,6,1,134,amzn,2023,2023,ivybridge,24.0,2.0,Og,9407624.525339719,501606.0978813948,231897.843729668,26.2045
c6in.12xlarge.ivybridge-Og.2.0,true,6,106,Intel,6.1.134-152.225.amzn2023.x86_64,6,1,134,amzn,2023,2023,ivybridge,24.0,2.0,Og,9407624.525339719,501606.0978813948,231897.843729668,27.6103
c6in.12xlarge.btver2-O2.0.0,true,6,106,Intel,6.1.134-152.225.amzn2023.x86_64,6,1,134,amzn,2023,2023,btver2,24.0,2.0,O2,137644496.383069,478502.7000880217,199757.9172293541,23.3513
c6in.12xlarge.btver2-O2.1.0,true,6,106,Intel,6.1.134-152.225.amzn2023.x86_64,6,1,134,amzn,2023,2023,btver2,24.0,2.0,O2,137644496.383069,478502.7000880217,199757.9172293541,22.1873
c6in.12xlarge.btver2-O2.2.0,true,6,106,Intel,6.1.134-152.225.amzn2023.x86_64,6,1,134,amzn,2023,2023,btver2,24.0,2.0,O2,137644496.383069,478502.7000880217,199757.9172293541,26.1019
c6in.12xlarge.broadwell-O1.0.0,true,6,106,Intel,6.1.134-152.225.amzn2023.x86_64,6,1,134,amzn,2023,2023,broadwell,24.0,2.0,O1,201848107.62454495,316898.0,6175.0,22.2002
c6in.12xlarge.broadwell-O1.1.0,true,6,106,Intel,6.1.134-152.225.amzn2023.x86_64,6,1,134,amzn,2023,2023,broadwell,24.0,2.0,O1,201848107.62454495,316898.0,6175.0,25.9521
c6in.12xlarge.broadwell-O1.2.0,true,6,106,Intel,6.1.134-152.225.amzn2023.x86_64,6,1,134,amzn,2023,2023,broadwell,24.0,2.0,O1,201848107.62454495,316898.0,6175.0,26.1346
c6in.12xlarge.ivybridge-O1.0.0,true,6,106,Intel,6.1.134-152.225.amzn2023.x86_64,6,1,134,amzn,2023,2023,ivybridge,24.0,2.0,O1,80414449.94819303,512714.4209739589,1818696.7697110418,24.4403
c6in.12xlarge.ivybridge-O1.1.0,true,6,106,Intel,6.1.134-152.225.amzn2023.x86_64,6,1,134,amzn,2023,2023,ivybridge,24.0,2.0,O1,80414449.94819303,512714.4209739589,1818696.7697110418,26.1703
c6in.12xlarge.ivybridge-O1.2.0,true,6,106,Intel,6.1.134-152.225.amzn2023.x86_64,6,1,134,amzn,2023,2023,ivybridge,24.0,2.0,O1,80414449.94819303,512714.4209739589,1818696.7697110418,26.1179
c6in.12xlarge.bdver4-O0.0.0,true,6,106,Intel,6.1.134-152.225.amzn2023.x86_64,6,1,134,amzn,2023,2023,bdver4,24.0,2.0,O0,2934290524.7411036,85640.0,9888.0,14.6657
c6in.12xlarge.bdver4-O0.1.0,true,6,106,Intel,6.1.134-152.225.amzn2023.x86_64,6,1,134,amzn,2023,2023,bdver4,24.0,2.0,O0,2934290524.7411036,85640.0,9888.0,17.1045
c6in.12xlarge.bdver4-O0.2.0,true,6,106,Intel,6.1.134-152.225.amzn2023.x86_64,6,1,134,amzn,2023,2023,bdver4,24.0,2.0,O0,2934290524.7411036,85640.0,9888.0,17.1809
c6in.12xlarge.x86-64-v2-Og.0.0,true,6,106,Intel,6.1.134-152.225.amzn2023.x86_64,6,1,134,amzn,2023,2023,x86-64-v2,24.0,2.0,Og,172546708.94776654,202096.42494069366,116901.8586260887,25.609
c6in.12xlarge.x86-64-v2-Og.1.0,true,6,106,Intel,6.1.134-152.225.amzn2023.x86_64,6,1,134,amzn,2023,2023,x86-64-v2,24.0,2.0,Og,172546708.94776654,202096.42494069366,116901.8586260887,27.2167
c6in.12xlarge.x86-64-v2-Og.2.0,true,6,106,Intel,6.1.134-152.225.amzn2023.x86_64,6,1,134,amzn,2023,2023,x86-64-v2,24.0,2.0,Og,172546708.94776654,202096.42494069366,116901.8586260887,26.8298
c6in.12xlarge.sandybridge-Ofast.0.0,true,6,106,Intel,6.1.134-152.225.amzn2023.x86_64,6,1,134,amzn,2023,2023,sandybridge,24.0,2.0,Ofast,92974428.66699082,107560.0,12656.0,26.0695
c6in.12xlarge.sandybridge-Ofast.1.0,true,6,106,Intel,6.1.134-152.225.amzn2023.x86_64,6,1,134,amzn,2023,2023,sandybridge,24.0,2.0,Ofast,92974428.66699082,107560.0,12656.0,27.1266
c6in.12xlarge.sandybridge-Ofast.2.0,true,6,106,Intel,6.1.134-152.225.amzn2023.x86_64,6,1,134,amzn,2023,2023,sandybridge,24.0,2.0,Ofast,92974428.66699082,107560.0,12656.0,26.5462
c6in.12xlarge.znver2-Og.0.0,true,6,106,Intel,6.1.134-152.225.amzn2023.x86_64,6,1,134,amzn,2023,2023,znver2,24.0,2.0,Og,69651492.7469764,364770.7368860722,161682.13972165532,21.784
c6in.12xlarge.znver2-Og.1.0,true,6,106,Intel,6.1.134-152.225.amzn2023.x86_64,6,1,134,amzn,2023,2023,znver2,24.0,2.0,Og,69651492.7469764,364770.7368860722,161682.13972165532,25.8061
c6in.12xlarge.znver2-Og.2.0,true,6,106,Intel,6.1.134-152.225.amzn2023.x86_64,6,1,134,amzn,2023,2023,znver2,24.0,2.0,Og,69651492.7469764,364770.7368860722,161682.13972165532,25.9835
c6in.12xlarge.x86-64-v2-O1.0.0,true,6,106,Intel,6.1.134-152.225.amzn2023.x86_64,6,1,134,amzn,2023,2023,x86-64-v2,24.0,2.0,O1,99274119.20882675,401126.6745130865,187906.49586637723,25.3081
c6in.12xlarge.x86-64-v2-O1.1.0,true,6,106,Intel,6.1.134-152.225.amzn2023.x86_64,6,1,134,amzn,2023,2023,x86-64-v2,24.0,2.0,O1,99274119.20882675,401126.6745130865,187906.49586637723,22.9638
c6in.12xlarge.x86-64-v2-O1.2.0,true,6,106,Intel,6.1.134-152.225.amzn2023.x86_64,6,1,134,amzn,2023,2023,x86-64-v2,24.0,2.0,O1,99274119.20882675,401126.6745130865,187906.49586637723,27.1474
c6in.12xlarge.btver2-Og.0.0,true,6,106,Intel,6.1.134-152.225.amzn2023.x86_64,6,1,134,amzn,2023,2023,btver2,24.0,2.0,Og,79125067.24054787,564495.9844478221,161053.38812836976,22.6524
c6in.12xlarge.btver2-Og.1.0,true,6,106,Intel,6.1.134-152.225.amzn2023.x86_64,6,1,134,amzn,2023,2023,btver2,24.0,2.0,Og,79125067.24054787,564495.9844478221,161053.38812836976,21.9137
c6in.12xlarge.btver2-Og.2.0,true,6,106,Intel,6.1.134-152.225.amzn2023.x86_64,6,1,134,amzn,2023,2023,btver2,24.0,2.0,Og,79125067.24054787,564495.9844478221,161053.38812836976,25.7185
c6in.12xlarge.icelake-server-O2.0.0,true,6,106,Intel,6.1.134-152.225.amzn2023.x86_64,6,1,134,amzn,2023,2023,icelake-server,24.0,2.0,O2,264044446.135188,541363.4409080457,227204.72859099685,25.2423
c6in.12xlarge.icelake-server-O2.1.0,true,6,106,Intel,6.1.134-152.225.amzn2023.x86_64,6,1,134,amzn,2023,2023,icelake-server,24.0,2.0,O2,264044446.135188,541363.4409080457,227204.72859099685,26.2946
c6in.12xlarge.icelake-server-O2.2.0,true,6,106,Intel,6.1.134-152.225.amzn2023.x86_64,6,1,134,amzn,2023,2023,icelake-server,24.0,2.0,O2,264044446.135188,541363.4409080457,227204.72859099685,25.6138
c6in.12xlarge.native-O3.0.0,true,6,106,Intel,6.1.134-152.225.amzn2023.x86_64,6,1,134,amzn,2023,2023,native,24.0,2.0,O3,112090192.82320039,515607.3295369152,214600.95422188452,26.0077
c6in.12xlarge.native-O3.1.0,true,6,106,Intel,6.1.134-152.225.amzn2023.x86_64,6,1,134,amzn,2023,2023,native,24.0,2.0,O3,112090192.82320039,515607.3295369152,214600.95422188452,26.9041
c6in.12xlarge.native-O3.2.0,true,6,106,Intel,6.1.134-152.225.amzn2023.x86_64,6,1,134,amzn,2023,2023,native,24.0,2.0,O3,112090192.82320039,515607.3295369152,214600.95422188452,26.4914
c6in.12xlarge.broadwell-O0.0.0,true,6,106,Intel,6.1.134-152.225.amzn2023.x86_64,6,1,134,amzn,2023,2023,broadwell,24.0,2.0,O0,2403728945.988947,26627.0,1005.0,14.7991
c6in.12xlarge.broadwell-O0.1.0,true,6,106,Intel,6.1.134-152.225.amzn2023.x86_64,6,1,134,amzn,2023,2023,broadwell,24.0,2.0,O0,2403728945.988947,26627.0,1005.0,17.111
c6in.12xlarge.broadwell-O0.2.0,true,6,106,Intel,6.1.134-152.225.amzn2023.x86_64,6,1,134,amzn,2023,2023,broadwell,24.0,2.0,O0,2403728945.988947,26627.0,1005.0,16.8184
c6in.12xlarge.skylake-avx512-O1.0.0,true,6,106,Intel,6.1.134-152.225.amzn2023.x86_64,6,1,134,amzn,2023,2023,skylake-avx512,24.0,2.0,O1,24734544.951978855,291834.52965625,149464.2806926407,26.046
c6in.12xlarge.skylake-avx512-O1.1.0,true,6,106,Intel,6.1.134-152.225.amzn2023.x86_64,6,1,134,amzn,2023,2023,skylake-avx512,24.0,2.0,O1,24734544.951978855,291834.52965625,149464.2806926407,23.4075
c6in.12xlarge.skylake-avx512-O1.2.0,true,6,106,Intel,6.1.134-152.225.amzn2023.x86_64,6,1,134,amzn,2023,2023,skylake-avx512,24.0,2.0,O1,24734544.951978855,291834.52965625,149464.2806926407,26.759
c6in.12xlarge.skylake-avx512-Og.0.0,true,6,106,Intel,6.1.134-152.225.amzn2023.x86_64,6,1,134,amzn,2023,2023,skylake-avx512,24.0,2.0,Og,18758864.25629191,492527.32306494523,223087.0731897014,23.1016
c6in.12xlarge.skylake-avx512-Og.1.0,true,6,106,Intel,6.1.134-152.225.amzn2023.x86_64,6,1,134,amzn,2023,2023,skylake-avx512,24.0,2.0,Og,18758864.25629191,492527.32306494523,223087.0731897014,24.8459
c6in.12xlarge.skylake-avx512-Og.2.0,true,6,106,Intel,6.1.134-152.225.amzn2023.x86_64,6,1,134,amzn,2023,2023,skylake-avx512,24.0,2.0,Og,18758864.25629191,492527.32306494523,223087.0731897014,25.9326
c6in.12xlarge.znver2-O2.0.0,true,6,106,Intel,6.1.134-152.225.amzn2023.x86_64,6,1,134,amzn,2023,2023,znver2,24.0,2.0,O2,124265079.32750462,415557.3123168096,172156.16846301846,24.8583
c6in.12xlarge.znver2-O2.1.0,true,6,106,Intel,6.1.134-152.225.amzn2023.x86_64,6,1,134,amzn,2023,2023,znver2,24.0,2.0,O2,124265079.32750462,415557.3123168096,172156.16846301846,22.9533
c6in.12xlarge.znver2-O2.2.0,true,6,106,Intel,6.1.134-152.225.amzn2023.x86_64,6,1,134,amzn,2023,2023,znver2,24.0,2.0,O2,124265079.32750462,415557.3123168096,172156.16846301846,27.0405
c6in.12xlarge.btver2-O1.0.0,true,6,106,Intel,6.1.134-152.225.amzn2023.x86_64,6,1,134,amzn,2023,2023,btver2,24.0,2.0,O1,27478946.863273602,496933.06049348786,197711.53330208507,24.6811
c6in.12xlarge.btver2-O1.1.0,true,6,106,Intel,6.1.134-152.225.amzn2023.x86_64,6,1,134,amzn,2023,2023,btver2,24.0,2.0,O1,27478946.863273602,496933.06049348786,197711.53330208507,25.6281
c6in.12xlarge.btver2-O1.2.0,true,6,106,Intel,6.1.134-152.225.amzn2023.x86_64,6,1,134,amzn,2023,2023,btver2,24.0,2.0,O1,27478946.863273602,496933.06049348786,197711.53330208507,25.2809
c6in.12xlarge.sapphirerapids-O3.0.0,true,6,106,Intel,6.1.134-152.225.amzn2023.x86_64,6,1,134,amzn,2023,2023,sapphirerapids,24.0,2.0,O3,70629356.24647294,341726.0667641853,165320.2466135223,25.1735
c6in.12xlarge.sapphirerapids-O3.1.0,true,6,106,Intel,6.1.134-152.225.amzn2023.x86_64,6,1,134,amzn,2023,2023,sapphirerapids,24.0,2.0,O3,70629356.24647294,341726.0667641853,165320.2466135223,27.402
c6in.12xlarge.sapphirerapids-O3.2.0,true,6,106,Intel,6.1.134-152.225.amzn2023.x86_64,6,1,134,amzn,2023,2023,sapphirerapids,24.0,2.0,O3,70629356.24647294,341726.0667641853,165320.2466135223,27.2814
c6in.12xlarge.native-O1.0.0,true,6,106,Intel,6.1.134-152.225.amzn2023.x86_64,6,1,134,amzn,2023,2023,native,24.0,2.0,O1,117698890.09287351,528698.087264517,170991.83385814246,22.4812
c6in.12xlarge.native-O1.1.0,true,6,106,Intel,6.1.134-152.225.amzn2023.x86_64,6,1,134,amzn,2023,2023,native,24.0,2.0,O1,117698890.09287351,528698.087264517,170991.83385814246,25.6371
c6in.12xlarge.native-O1.2.0,true,6,106,Intel,6.1.134-152.225.amzn2023.x86_64,6,1,134,amzn,2023,2023,native,24.0,2.0,O1,117698890.09287351,528698.087264517,170991.83385814246,26.0129
c6in.12xlarge.broadwell-O3.0.0,true,6,106,Intel,6.1.134-152.225.amzn2023.x86_64,6,1,134,amzn,2023,2023,broadwell,24.0,2.0,O3,376862846.61447567,300598.0,4296.0,24.9599
c6in.12xlarge.broadwell-O3.1.0,true,6,106,Intel,6.1.134-152.225.amzn2023.x86_64,6,1,134,amzn,2023,2023,broadwell,24.0,2.0,O3,376862846.61447567,300598.0,4296.0,26.4301
c6in.12xlarge.broadwell-O3.2.0,true,6,106,Intel,6.1.134-152.225.amzn2023.x86_64,6,1,134,amzn,2023,2023,broadwell,24.0,2.0,O3,376862846.61447567,300598.0,4296.0,26.5058
c7g.16xlarge.cortex-a72-Og.0.0,false,31,54273,ARM,6.1.134-152.225.amzn2023.aarch64,6,1,134,amzn,2023,2023,cortex-a72,64.0,1.0,Og,6190.0,96265.20000000001,95394.0,40.4919
c7g.16xlarge.cortex-a72-Og.1.0,false,31,54273,ARM,6.1.134-152.225.amzn2023.aarch64,6,1,134,amzn,2023,2023,cortex-a72,64.0,1.0,Og,6190.0,96265.20000000001,95394.0,48.7331
c7g.16xlarge.cortex-a72-Og.2.0,false,31,54273,ARM,6.1.134-152.225.amzn2023.aarch64,6,1,134,amzn,2023,2023,cortex-a72,64.0,1.0,Og,6190.0,96265.20000000001,95394.0,49.231
c7g.16xlarge.neoverse-v2-O3.0.0,false,31,54273,ARM,6.1.134-152.225.amzn2023.aarch64,6,1,134,amzn,2023,2023,neoverse-v2,64.0,1.0,O3,6032.0,10888.5,6073.5,41.1918
c7g.16xlarge.neoverse-v2-O3.1.0,false,31,54273,ARM,6.1.134-152.225.amzn2023.aarch64,6,1,134,amzn,2023,2023,neoverse-v2,64.0,1.0,O3,6032.0,10888.5,6073.5,50.4995
c7g.16xlarge.neoverse-v2-O3.2.0,false,31,54273,ARM,6.1.134-152.225.amzn2023.aarch64,6,1,134,amzn,2023,2023,neoverse-v2,64.0,1.0,O3,6032.0,10888.5,6073.5,50.7627
c7g.16xlarge.cortex-x1-Og.0.0,false,31,54273,ARM,6.1.134-152.225.amzn2023.aarch64,6,1,134,amzn,2023,2023,cortex-x1,64.0,1.0,Og,5857.0,25446.0,479659.0,42.2267
c7g.16xlarge.cortex-x1-Og.1.0,false,31,54273,ARM,6.1.134-152.225.amzn2023.aarch64,6,1,134,amzn,2023,2023,cortex-x1,64.0,1.0,Og,5857.0,25446.0,479659.0,49.1187
c7g.16xlarge.cortex-x1-Og.2.0,false,31,54273,ARM,6.1.134-152.225.amzn2023.aarch64,6,1,134,amzn,2023,2023,cortex-x1,64.0,1.0,Og,5857.0,25446.0,479659.0,49.2172
c7g.16xlarge.cortex-a72-O2.0.0,false,31,54273,ARM,6.1.134-152.225.amzn2023.aarch64,6,1,134,amzn,2023,2023,cortex-a72,64.0,1.0,O2,6140.0,89514.0,89976.0,49.1701
c7g.16xlarge.cortex-a72-O2.1.0,false,31,54273,ARM,6.1.134-152.225.amzn2023.aarch64,6,1,134,amzn,2023,2023,cortex-a72,64.0,1.0,O2,6140.0,89514.0,89976.0,50.8458
c7g.16xlarge.cortex-a72-O2.2.0,false,31,54273,ARM,6.1.134-152.225.amzn2023.aarch64,6,1,134,amzn,2023,2023,cortex-a72,64.0,1.0,O2,6140.0,89514.0,89976.0,50.9593
c7g.16xlarge.neoverse-n2-O0.0.0,false,31,54273,ARM,6.1.134-152.225.amzn2023.aarch64,6,1,134,amzn,2023,2023,neoverse-n2,64.0,1.0,O0,5806.0,50600.0,53305.0,36.532
c7g.16xlarge.neoverse-n2-O0.1.0,false,31,54273,ARM,6.1.134-152.225.amzn2023.aarch64,6,1,134,amzn,2023,2023,neoverse-n2,64.0,1.0,O0,5806.0,50600.0,53305.0,38.7225
c7g.16xlarge.neoverse-n2-O0.2.0,false,31,54273,ARM,6.1.134-152.225.amzn2023.aarch64,6,1,134,amzn,2023,2023,neoverse-n2,64.0,1.0,O0,5806.0,50600.0,53305.0,38.7948
c7g.16xlarge.cortex-x1-O0.0.0,false,31,54273,ARM,6.1.134-152.225.amzn2023.aarch64,6,1,134,amzn,2023,2023,cortex-x1,64.0,1.0,O0,6154.0,127896.37037037036,82192.0,31.1921
c7g.16xlarge.cortex-x1-O0.1.0,false,31,54273,ARM,6.1.134-152.225.amzn2023.aarch64,6,1,134,amzn,2023,2023,cortex-x1,64.0,1.0,O0,6154.0,127896.37037037036,82192.0,39.9733
c7g.16xlarge.cortex-x1-O0.2.0,false,31,54273,ARM,6.1.134-152.225.amzn2023.aarch64,6,1,134,amzn,2023,2023,cortex-x1,64.0,1.0,O0,6154.0,127896.37037037036,82192.0,38.6523
c7g.16xlarge.cortex-a53-Os.0.0,false,31,54273,ARM,6.1.134-152.225.amzn2023.aarch64,6,1,134,amzn,2023,2023,cortex-a53,64.0,1.0,Os,5950.0,115812.0,83988.0,48.6544
c7g.16xlarge.cortex-a53-Os.1.0,false,31,54273,ARM,6.1.134-152.225.amzn2023.aarch64,6,1,134,amzn,2023,2023,cortex-a53,64.0,1.0,Os,5950.0,115812.0,83988.0,50.9213
c7g.16xlarge.cortex-a53-Os.2.0,false,31,54273,ARM,6.1.134-152.225.amzn2023.aarch64,6,1,134,amzn,2023,2023,cortex-a53,64.0,1.0,Os,5950.0,115812.0,83988.0,48.2731
c7g.16xlarge.neoverse-n2-O2.0.0,false,31,54273,ARM,6.1.134-152.225.amzn2023.aarch64,6,1,134,amzn,2023,2023,neoverse-n2,64.0,1.0,O2,6115.0,222792.0,1948616.0,48.3684
c7g.16xlarge.neoverse-n2-O2.1.0,false,31,54273,ARM,6.1.134-152.225.amzn2023.aarch64,6,1,134,amzn,2023,2023,neoverse-n2,64.0,1.0,O2,6115.0,222792.0,1948616.0,51.0599
c7g.16xlarge.neoverse-n2-O2.2.0,false,31,54273,ARM,6.1.134-152.225.amzn2023.aarch64,6,1,134,amzn,2023,2023,neoverse-n2,64.0,1.0,O2,6115.0,222792.0,1948616.0,51.1578
c7g.16xlarge.neoverse-n2-Ofast.0.0,false,31,54273,ARM,6.1.134-152.225.amzn2023.aarch64,6,1,134,amzn,2023,2023,neoverse-n2,64.0,1.0,Ofast,5615.0,45775.5,28663.5,47.7663
c7g.16xlarge.neoverse-n2-Ofast.1.0,false,31,54273,ARM,6.1.134-152.225.amzn2023.aarch64,6,1,134,amzn,2023,2023,neoverse-n2,64.0,1.0,Ofast,5615.0,45775.5,28663.5,50.0285
c7g.16xlarge.neoverse-n2-Ofast.2.0,false,31,54273,ARM,6.1.134-152.225.amzn2023.aarch64,6,1,134,amzn,2023,2023,neoverse-n2,64.0,1.0,Ofast,5615.0,45775.5,28663.5,49.2055
c7g.16xlarge.cortex-a57-Og.0.0,false,31,54273,ARM,6.1.134-152.225.amzn2023.aarch64,6,1,134,amzn,2023,2023,cortex-a57,64.0,1.0,Og,5901.0,70715.0,114485.0,47.2288
c7g.16xlarge.cortex-a57-Og.1.0,false,31,54273,ARM,6.1.134-152.225.amzn2023.aarch64,6,1,134,amzn,2023,2023,cortex-a57,64.0,1.0,Og,5901.0,70715.0,114485.0,48.9001
c7g.16xlarge.cortex-a57-Og.2.0,false,31,54273,ARM,6.1.134-152.225.amzn2023.aarch64,6,1,134,amzn,2023,2023,cortex-a57,64.0,1.0,Og,5901.0,70715.0,114485.0,49.0498
c7g.16xlarge.a64fx-Ofast.0.0,false,31,54273,ARM,6.1.134-152.225.amzn2023.aarch64,6,1,134,amzn,2023,2023,a64fx,64.0,1.0,Ofast,6166.0,94026.0,59622.0,46.6289
c7g.16xlarge.a64fx-Ofast.1.0,false,31,54273,ARM,6.1.134-152.225.amzn2023.aarch64,6,1,134,amzn,2023,2023,a64fx,64.0,1.0,Ofast,6166.0,94026.0,59622.0,43.8887
c7g.16xlarge.a64fx-Ofast.2.0,false,31,54273,ARM,6.1.134-152.225.amzn2023.aarch64,6,1,134,amzn,2023,2023,a64fx,64.0,1.0,Ofast,6166.0,94026.0,59622.0,49.2482
c7g.16xlarge.neoverse-v1-O0.0.0,false,31,54273,ARM,6.1.134-152.225.amzn2023.aarch64,6,1,134,amzn,2023,2023,neoverse-v1,64.0,1.0,O0,5716.0,65360.0,47376.0,31.9867
c7g.16xlarge.neoverse-v1-O0.1.0,false,31,54273,ARM,6.1.134-152.225.amzn2023.aarch64,6,1,134,amzn,2023,2023,neoverse-v1,64.0,1.0,O0,5716.0,65360.0,47376.0,39.6029
c7g.16xlarge.neoverse-v1-O0.2.0,false,31,54273,ARM,6.1.134-152.225.amzn2023.aarch64,6,1,134,amzn,2023,2023,neoverse-v1,64.0,1.0,O0,5716.0,65360.0,47376.0,38.7357
c7g.16xlarge.native-Os.0.0,false,31,54273,ARM,6.1.134-152.225.amzn2023.aarch64,6,1,134,amzn,2023,2023,native,64.0,1.0,Os,5966.0,160554.0,127500.0,44.2331
c7g.16xlarge.native-Os.1.0,false,31,54273,ARM,6.1.134-152.225.amzn2023.aarch64,6,1,134,amzn,2023,2023,native,64.0,1.0,Os,5966.0,160554.0,127500.0,38.6662
c7g.16xlarge.native-Os.2.0,false,31,54273,ARM,6.1.134-152.225.amzn2023.aarch64,6,1,134,amzn,2023,2023,native,64.0,1.0,Os,5966.0,160554.0,127500.0,49.1762
c7g.16xlarge.generic-O2.0.0,false,31,54273,ARM,6.1.134-152.225.amzn2023.aarch64,6,1,134,amzn,2023,2023,generic,64.0,1.0,O2,5746.0,6886.375,3796.375,43.4967
c7g.16xlarge.generic-O2.1.0,false,31,54273,ARM,6.1.134-152.225.amzn2023.aarch64,6,1,134,amzn,2023,2023,generic,64.0,1.0,O2,5746.0,6886.375,3796.375,50.6769
c7g.16xlarge.generic-O2.2.0,false,31,54273,ARM,6.1.134-152.225.amzn2023.aarch64,6,1,134,amzn,2023,2023,generic,64.0,1.0,O2,5746.0,6886.375,3796.375,50.873
c7g.16xlarge.cortex-a57-Ofast.0.0,false,31,54273,ARM,6.1.134-152.225.amzn2023.aarch64,6,1,134,amzn,2023,2023,cortex-a57,64.0,1.0,Ofast,6030.0,53028.75,21114.75,44.2797
c7g.16xlarge.cortex-a57-Ofast.1.0,false,31,54273,ARM,6.1.134-152.225.amzn2023.aarch64,6,1,134,amzn,2023,2023,cortex-a57,64.0,1.0,Ofast,6030.0,53028.75,21114.75,45.1669
c7g.16xlarge.cortex-a57-Ofast.2.0,false,31,54273,ARM,6.1.134-152.225.amzn2023.aarch64,6,1,134,amzn,2023,2023,cortex-a57,64.0,1.0,Ofast,6030.0,53028.75,21114.75,49.109
c7g.16xlarge.cortex-a72-O0.0.0,false,31,54273,ARM,6.1.134-152.225.amzn2023.aarch64,6,1,134,amzn,2023,2023,cortex-a72,64.0,1.0,O0,5886.0,48976.0,47516.0,34.0919
c7g.16xlarge.cortex-a72-O0.1.0,false,31,54273,ARM,6.1.134-152.225.amzn2023.aarch64,6,1,134,amzn,2023,2023,cortex-a72,64.0,1.0,O0,5886.0,48976.0,47516.0,32.5743
c7g.16xlarge.cortex-a72-O0.2.0,false,31,54273,ARM,6.1.134-152.225.amzn2023.aarch64,6,1,134,amzn,2023,2023,cortex-a72,64.0,1.0,O0,5886.0,48976.0,47516.0,39.9384
c7g.16xlarge.cortex-x1-Os.0.0,false,31,54273,ARM,6.1.134-152.225.amzn2023.aarch64,6,1,134,amzn,2023,2023,cortex-x1,64.0,1.0,Os,5791.0,90109.0,15074.0,42.1173
c7g.16xlarge.cortex-x1-Os.1.0,false,31,54273,ARM,6.1.134-152.225.amzn2023.aarch64,6,1,134,amzn,2023,2023,cortex-x1,64.0,1.0,Os,5791.0,90109.0,15074.0,48.9527
c7g.16xlarge.cortex-x1-Os.2.0,false,31,54273,ARM,6.1.134-152.225.amzn2023.aarch64,6,1,134,amzn,2023,2023,cortex-x1,64.0,1.0,Os,5791.0,90109.0,15074.0,49.7274
c7g.16xlarge.neoverse-n1-Os.0.0,false,31,54273,ARM,6.1.134-152.225.amzn2023.aarch64,6,1,134,amzn,2023,2023,neoverse-n1,64.0,1.0,Os,6246.0,48585.0,74775.0,46.3031
c7g.16xlarge.neoverse-n1-Os.1.0,false,31,54273,ARM,6.1.134-152.225.amzn2023.aarch64,6,1,134,amzn,2023,2023,neoverse-n1,64.0,1.0,Os,6246.0,48585.0,74775.0,48.8236
c7g.16xlarge.neoverse-n1-Os.2.0,false,31,54273,ARM,6.1.134-152.225.amzn2023.aarch64,6,1,134,amzn,2023,2023,neoverse-n1,64.0,1.0,Os,6246.0,48585.0,74775.0,48.8515
c7g.16xlarge.a64fx-O3.0.0,false,31,54273,ARM,6.1.134-152.225.amzn2023.aarch64,6,1,134,amzn,2023,2023,a64fx,64.0,1.0,O3,5857.0,67255.0,78625.0,46.6083
c7g.16xlarge.a64fx-O3.1.0,false,31,54273,ARM,6.1.134-152.225.amzn2023.aarch64,6,1,134,amzn,2023,2023,a64fx,64.0,1.0,O3,5857.0,67255.0,78625.0,48.4416
c7g.16xlarge.a64fx-O3.2.0,false,31,54273,ARM,6.1.134-152.225.amzn2023.aarch64,6,1,134,amzn,2023,2023,a64fx,64.0,1.0,O3,5857.0,67255.0,78625.0,49.1842
c7g.16xlarge.cortex-x1-O3.0.0,false,31,54273,ARM,6.1.134-152.225.amzn2023.aarch64,6,1,134,amzn,2023,2023,cortex-x1,64.0,1.0,O3,5710.0,70285.0,82515.0,41.6137
c7g.16xlarge.cortex-x1-O3.1.0,false,31,54273,ARM,6.1.134-152.225.amzn2023.aarch64,6,1,134,amzn,2023,2023,cortex-x1,64.0,1.0,O3,5710.0,70285.0,82515.0,49.0582
c7g.16xlarge.cortex-x1-O3.2.0,false,31,54273,ARM,6.1.134-152.225.amzn2023.aarch64,6,1,134,amzn,2023,2023,cortex-x1,64.0,1.0,O3,5710.0,70285.0,82515.0,48.4799
c7g.16xlarge.native-O1.0.0,false,31,54273,ARM,6.1.134-152.225.amzn2023.aarch64,6,1,134,amzn,2023,2023,native,64.0,1.0,O1,5659.0,79116.0,41076.0,47.0605
c7g.16xlarge.native-O1.1.0,false,31,54273,ARM,6.1.134-152.225.amzn2023.aarch64,6,1,134,amzn,2023,2023,native,64.0,1.0,O1,5659.0,79116.0,41076.0,48.9652
c7g.16xlarge.native-O1.2.0,false,31,54273,ARM,6.1.134-152.225.amzn2023.aarch64,6,1,134,amzn,2023,2023,native,64.0,1.0,O1,5659.0,79116.0,41076.0,49.2436
c7g.16xlarge.generic-O1.0.0,false,31,54273,ARM,6.1.134-152.225.amzn2023.aarch64,6,1,134,amzn,2023,2023,generic,64.0,1.0,O1,6237.0,9985.0,4618.625,46.5167
c7g.16xlarge.generic-O1.1.0,false,31,54273,ARM,6.1.134-152.225.amzn2023.aarch64,6,1,134,amzn,2023,2023,generic,64.0,1.0,O1,6237.0,9985.0,4618.625,43.4544
c7g.16xlarge.generic-O1.2.0,false,31,54273,ARM,6.1.134-152.225.amzn2023.aarch64,6,1,134,amzn,2023,2023,generic,64.0,1.0,O1,6237.0,9985.0,4618.625,49.1881
c7g.16xlarge.neoverse-v1-O1.0.0,false,31,54273,ARM,6.1.134-152.225.amzn2023.aarch64,6,1,134,amzn,2023,2023,neoverse-v1,64.0,1.0,O1,6098.0,25958.0,7937.0,42.7523
c7g.16xlarge.neoverse-v1-O1.1.0,false,31,54273,ARM,6.1.134-152.225.amzn2023.aarch64,6,1,134,amzn,2023,2023,neoverse-v1,64.0,1.0,O1,6098.0,25958.0,7937.0,48.0702
c7g.16xlarge.neoverse-v1-O1.2.0,false,31,54273,ARM,6.1.134-152.225.amzn2023.aarch64,6,1,134,amzn,2023,2023,neoverse-v1,64.0,1.0,O1,6098.0,25958.0,7937.0,49.1537
c7g.16xlarge.generic-Os.0.0,false,31,54273,ARM,6.1.134-152.225.amzn2023.aarch64,6,1,134,amzn,2023,2023,generic,64.0,1.0,Os,5580.0,46608.0,43704.0,41.1534
c7g.16xlarge.generic-Os.1.0,false,31,54273,ARM,6.1.134-152.225.amzn2023.aarch64,6,1,134,amzn,2023,2023,generic,64.0,1.0,Os,5580.0,46608.0,43704.0,48.7699
c7g.16xlarge.generic-Os.2.0,false,31,54273,ARM,6.1.134-152.225.amzn2023.aarch64,6,1,134,amzn,2023,2023,generic,64.0,1.0,Os,5580.0,46608.0,43704.0,49.1276
c7g.16xlarge.generic-O3.0.0,false,31,54273,ARM,6.1.134-152.225.amzn2023.aarch64,6,1,134,amzn,2023,2023,generic,64.0,1.0,O3,5430.0,103710.0,88824.0,47.206
c7g.16xlarge.generic-O3.1.0,false,31,54273,ARM,6.1.134-152.225.amzn2023.aarch64,6,1,134,amzn,2023,2023,generic,64.0,1.0,O3,5430.0,103710.0,88824.0,49.1678
c7g.16xlarge.generic-O3.2.0,false,31,54273,ARM,6.1.134-152.225.amzn2023.aarch64,6,1,134,amzn,2023,2023,generic,64.0,1.0,O3,5430.0,103710.0,88824.0,49.2563
c7g.16xlarge.cortex-a76-Ofast.0.0,false,31,54273,ARM,6.1.134-152.225.amzn2023.aarch64,6,1,134,amzn,2023,2023,cortex-a76,64.0,1.0,Ofast,5728.0,67360.0,49675.0,46.3371
c7g.16xlarge.cortex-a76-Ofast.1.0,false,31,54273,ARM,6.1.134-152.225.amzn2023.aarch64,6,1,134,amzn,2023,2023,cortex-a76,64.0,1.0,Ofast,5728.0,67360.0,49675.0,48.4439
c7g.16xlarge.cortex-a76-Ofast.2.0,false,31,54273,ARM,6.1.134-152.225.amzn2023.aarch64,6,1,134,amzn,2023,2023,cortex-a76,64.0,1.0,Ofast,5728.0,67360.0,49675.0,49.1719
c7g.16xlarge.cortex-a53-O2.0.0,false,31,54273,ARM,6.1.134-152.225.amzn2023.aarch64,6,1,134,amzn,2023,2023,cortex-a53,64.0,1.0,O2,5440.0,130232.0,89272.0,46.9676
c7g.16xlarge.cortex-a53-O2.1.0,false,31,54273,ARM,6.1.134-152.225.amzn2023.aarch64,6,1,134,amzn,2023,2023,cortex-a53,64.0,1.0,O2,5440.0,130232.0,89272.0,49.2226
c7g.16xlarge.cortex-a53-O2.2.0,false,31,54273,ARM,6.1.134-152.225.amzn2023.aarch64,6,1,134,amzn,2023,2023,cortex-a53,64.0,1.0,O2,5440.0,130232.0,89272.0,49.1136
c7g.16xlarge.neoverse-v2-Ofast.0.0,false,31,54273,ARM,6.1.134-152.225.amzn2023.aarch64,6,1,134,amzn,2023,2023,neoverse-v2,64.0,1.0,Ofast,5638.0,92826.0,95232.0,47.0064
c7g.16xlarge.neoverse-v2-Ofast.1.0,false,31,54273,ARM,6.1.134-152.225.amzn2023.aarch64,6,1,134,amzn,2023,2023,neoverse-v2,64.0,1.0,Ofast,5638.0,92826.0,95232.0,48.7655
c7g.16xlarge.neoverse-v2-Ofast.2.0,false,31,54273,ARM,6.1.134-152.225.amzn2023.aarch64,6,1,134,amzn,2023,2023,neoverse-v2,64.0,1.0,Ofast,5638.0,92826.0,95232.0,49.0382
c7g.16xlarge.ampere1-O3.0.0,false,31,54273,ARM,6.1.134-152.225.amzn2023.aarch64,6,1,134,amzn,2023,2023,ampere1,64.0,1.0,O3,6202.0,94470.0,83010.0,48.6668
c7g.16xlarge.ampere1-O3.1.0,false,31,54273,ARM,6.1.134-152.225.amzn2023.aarch64,6,1,134,amzn,2023,2023,ampere1,64.0,1.0,O3,6202.0,94470.0,83010.0,49.9692
c7g.16xlarge.ampere1-O3.2.0,false,31,54273,ARM,6.1.134-152.225.amzn2023.aarch64,6,1,134,amzn,2023,2023,ampere1,64.0,1.0,O3,6202.0,94470.0,83010.0,51.1175
c7g.16xlarge.ampere1-O2.0.0,false,31,54273,ARM,6.1.134-152.225.amzn2023.aarch64,6,1,134,amzn,2023,2023,ampere1,64.0,1.0,O2,6214.0,4178.125,1932.375,42.7251
c7g.16xlarge.ampere1-O2.1.0,false,31,54273,ARM,6.1.134-152.225.amzn2023.aarch64,6,1,134,amzn,2023,2023,ampere1,64.0,1.0,O2,6214.0,4178.125,1932.375,49.1738
c7g.16xlarge.ampere1-O2.2.0,false,31,54273,ARM,6.1.134-152.225.amzn2023.aarch64,6,1,134,amzn,2023,2023,ampere1,64.0,1.0,O2,6214.0,4178.125,1932.375,49.2638
c7g.16xlarge.cortex-a76-O0.0.0,false,31,54273,ARM,6.1.134-152.225.amzn2023.aarch64,6,1,134,amzn,2023,2023,cortex-a76,64.0,1.0,O0,5871.0,89195.0,48750.0,35.3565
c7g.16xlarge.cortex-a76-O0.1.0,false,31,54273,ARM,6.1.134-152.225.amzn2023.aarch64,6,1,134,amzn,2023,2023,cortex-a76,64.0,1.0,O0,5871.0,89195.0,48750.0,38.7149
c7g.16xlarge.cortex-a76-O0.2.0,false,31,54273,ARM,6.1.134-152.225.amzn2023.aarch64,6,1,134,amzn,2023,2023,cortex-a76,64.0,1.0,O0,5871.0,89195.0,48750.0,38.8606
c7g.16xlarge.generic-Ofast.0.0,false,31,54273,ARM,6.1.134-152.225.amzn2023.aarch64,6,1,134,amzn,2023,2023,generic,64.0,1.0,Ofast,5573.0,101525.0,90005.0,47.4386
c7g.16xlarge.generic-Ofast.1.0,false,31,54273,ARM,6.1.134-152.225.amzn2023.aarch64,6,1,134,amzn,2023,2023,generic,64.0,1.0,Ofast,5573.0,101525.0,90005.0,49.1674
c7g.16xlarge.generic-Ofast.2.0,false,31,54273,ARM,6.1.134-152.225.amzn2023.aarch64,6,1,134,amzn,2023,2023,generic,64.0,1.0,Ofast,5573.0,101525.0,90005.0,49.1673
c7g.16xlarge.cortex-a76-O2.0.0,false,31,54273,ARM,6.1.134-152.225.amzn2023.aarch64,6,1,134,amzn,2023,2023,cortex-a76,64.0,1.0,O2,6261.0,76916.0,80544.0,46.3365
c7g.16xlarge.cortex-a76-O2.1.0,false,31,54273,ARM,6.1.134-152.225.amzn2023.aarch64,6,1,134,amzn,2023,2023,cortex-a76,64.0,1.0,O2,6261.0,76916.0,80544.0,48.4477
c7g.16xlarge.cortex-a76-O2.2.0,false,31,54273,ARM,6.1.134-152.225.amzn2023.aarch64,6,1,134,amzn,2023,2023,cortex-a76,64.0,1.0,O2,6261.0,76916.0,80544.0,49.1421
c7g.16xlarge.cortex-a53-O0.0.0,false,31,54273,ARM,6.1.134-152.225.amzn2023.aarch64,6,1,134,amzn,2023,2023,cortex-a53,64.0,1.0,O0,6313.0,4912.0,2209.625,35.515
c7g.16xlarge.cortex-a53-O0.1.0,false,31,54273,ARM,6.1.134-152.225.amzn2023.aarch64,6,1,134,amzn,2023,2023,cortex-a53,64.0,1.0,O0,6313.0,4912.0,2209.625,38.348
c7g.16xlarge.cortex-a53-O0.2.0,false,31,54273,ARM,6.1.134-152.225.amzn2023.aarch64,6,1,134,amzn,2023,2023,cortex-a53,64.0,1.0,O0,6313.0,4912.0,2209.625,38.6043
c7g.16xlarge.neoverse-n2-Og.0.0,false,31,54273,ARM,6.1.134-152.225.amzn2023.aarch64,6,1,134,amzn,2023,2023,neoverse-n2,64.0,1.0,Og,5824.0,13296.25,6047.0,48.4218
c7g.16xlarge.neoverse-n2-Og.1.0,false,31,54273,ARM,6.1.134-152.225.amzn2023.aarch64,6,1,134,amzn,2023,2023,neoverse-n2,64.0,1.0,Og,5824.0,13296.25,6047.0,48.8126
c7g.16xlarge.neoverse-n2-Og.2.0,false,31,54273,ARM,6.1.134-152.225.amzn2023.aarch64,6,1,134,amzn,2023,2023,neoverse-n2,64.0,1.0,Og,5824.0,13296.25,6047.0,47.4413
c7g.16xlarge.generic-O0.0.0,false,31,54273,ARM,6.1.134-152.225.amzn2023.aarch64,6,1,134,amzn,2023,2023,generic,64.0,1.0,O0,5550.0,61815.0,40420.0,35.5802
c7g.16xlarge.generic-O0.1.0,false,31,54273,ARM,6.1.134-152.225.amzn2023.aarch64,6,1,134,amzn,2023,2023,generic,64.0,1.0,O0,5550.0,61815.0,40420.0,38.6802
c7g.16xlarge.generic-O0.2.0,false,31,54273,ARM,6.1.134-152.225.amzn2023.aarch64,6,1,134,amzn,2023,2023,generic,64.0,1.0,O0,5550.0,61815.0,40420.0,38.6702
c7g.16xlarge.native-Og.0.0,false,31,54273,ARM,6.1.134-152.225.amzn2023.aarch64,6,1,134,amzn,2023,2023,native,64.0,1.0,Og,5715.0,68230.0,80670.0,46.8563
c7g.16xlarge.native-Og.1.0,false,31,54273,ARM,6.1.134-152.225.amzn2023.aarch64,6,1,134,amzn,2023,2023,native,64.0,1.0,Og,5715.0,68230.0,80670.0,48.9953
c7g.16xlarge.native-Og.2.0,false,31,54273,ARM,6.1.134-152.225.amzn2023.aarch64,6,1,134,amzn,2023,2023,native,64.0,1.0,Og,5715.0,68230.0,80670.0,49.2791
c7g.16xlarge.ampere1-O0.0.0,false,31,54273,ARM,6.1.134-152.225.amzn2023.aarch64,6,1,134,amzn,2023,2023,ampere1,64.0,1.0,O0,5594.0,16393.428571428572,8535.714285714286,35.4359
c7g.16xlarge.ampere1-O0.1.0,false,31,54273,ARM,6.1.134-152.225.amzn2023.aarch64,6,1,134,amzn,2023,2023,ampere1,64.0,1.0,O0,5594.0,16393.428571428572,8535.714285714286,38.3136
c7g.16xlarge.ampere1-O0.2.0,false,31,54273,ARM,6.1.134-152.225.amzn2023.aarch64,6,1,134,amzn,2023,2023,ampere1,64.0,1.0,O0,5594.0,16393.428571428572,8535.714285714286,38.5949
c7g.16xlarge.cortex-a76-Og.0.0,false,31,54273,ARM,6.1.134-152.225.amzn2023.aarch64,6,1,134,amzn,2023,2023,cortex-a76,64.0,1.0,Og,6143.0,5771.25,2657.25,46.8921
c7g.16xlarge.cortex-a76-Og.1.0,false,31,54273,ARM,6.1.134-152.225.amzn2023.aarch64,6,1,134,amzn,2023,2023,cortex-a76,64.0,1.0,Og,6143.0,5771.25,2657.25,48.2888
c7g.16xlarge.cortex-a76-Og.2.0,false,31,54273,ARM,6.1.134-152.225.amzn2023.aarch64,6,1,134,amzn,2023,2023,cortex-a76,64.0,1.0,Og,6143.0,5771.25,2657.25,49.0428
c7g.16xlarge.cortex-a57-O3.0.0,false,31,54273,ARM,6.1.134-152.225.amzn2023.aarch64,6,1,134,amzn,2023,2023,cortex-a57,64.0,1.0,O3,6288.0,66450.0,14996.0,46.8259
c7g.16xlarge.cortex-a57-O3.1.0,false,31,54273,ARM,6.1.134-152.225.amzn2023.aarch64,6,1,134,amzn,2023,2023,cortex-a57,64.0,1.0,O3,6288.0,66450.0,14996.0,49.2669
c7g.16xlarge.cortex-a57-O3.2.0,false,31,54273,ARM,6.1.134-152.225.amzn2023.aarch64,6,1,134,amzn,2023,2023,cortex-a57,64.0,1.0,O3,6288.0,66450.0,14996.0,49.1756
c7g.16xlarge.neoverse-v2-Os.0.0,false,31,54273,ARM,6.1.134-152.225.amzn2023.aarch64,6,1,134,amzn,2023,2023,neoverse-v2,64.0,1.0,Os,5620.0,71932.0,63776.0,46.3336
c7g.16xlarge.neoverse-v2-Os.1.0,false,31,54273,ARM,6.1.134-152.225.amzn2023.aarch64,6,1,134,amzn,2023,2023,neoverse-v2,64.0,1.0,Os,5620.0,71932.0,63776.0,48.8688
c7g.16xlarge.neoverse-v2-Os.2.0,false,31,54273,ARM,6.1.134-152.225.amzn2023.aarch64,6,1,134,amzn,2023,2023,neoverse-v2,64.0,1.0,Os,5620.0,71932.0,63776.0,49.3194
c7g.16xlarge.neoverse-n1-O1.0.0,false,31,54273,ARM,6.1.134-152.225.amzn2023.aarch64,6,1,134,amzn,2023,2023,neoverse-n1,64.0,1.0,O1,6149.0,124831.0,81289.44444444444,46.2871
c7g.16xlarge.neoverse-n1-O1.1.0,false,31,54273,ARM,6.1.134-152.225.amzn2023.aarch64,6,1,134,amzn,2023,2023,neoverse-n1,64.0,1.0,O1,6149.0,124831.0,81289.44444444444,43.9118
c7g.16xlarge.neoverse-n1-O1.2.0,false,31,54273,ARM,6.1.134-152.225.amzn2023.aarch64,6,1,134,amzn,2023,2023,neoverse-n1,64.0,1.0,O1,6149.0,124831.0,81289.44444444444,49.0039
c7g.16xlarge.cortex-a72-Os.0.0,false,31,54273,ARM,6.1.134-152.225.amzn2023.aarch64,6,1,134,amzn,2023,2023,cortex-a72,64.0,1.0,Os,6161.0,28416.0,19303.0,47.0777
c7g.16xlarge.cortex-a72-Os.1.0,false,31,54273,ARM,6.1.134-152.225.amzn2023.aarch64,6,1,134,amzn,2023,2023,cortex-a72,64.0,1.0,Os,6161.0,28416.0,19303.0,48.5094
c7g.16xlarge.cortex-a72-Os.2.0,false,31,54273,ARM,6.1.134-152.225.amzn2023.aarch64,6,1,134,amzn,2023,2023,cortex-a72,64.0,1.0,Os,6161.0,28416.0,19303.0,48.958
c7g.16xlarge.cortex-a72-Ofast.0.0,false,31,54273,ARM,6.1.134-152.225.amzn2023.aarch64,6,1,134,amzn,2023,2023,cortex-a72,64.0,1.0,Ofast,5878.0,63676.0,45204.0,47.2878
c7g.16xlarge.cortex-a72-Ofast.1.0,false,31,54273,ARM,6.1.134-152.225.amzn2023.aarch64,6,1,134,amzn,2023,2023,cortex-a72,64.0,1.0,Ofast,5878.0,63676.0,45204.0,49.0456
c7g.16xlarge.cortex-a72-Ofast.2.0,false,31,54273,ARM,6.1.134-152.225.amzn2023.aarch64,6,1,134,amzn,2023,2023,cortex-a72,64.0,1.0,Ofast,5878.0,63676.0,45204.0,49.1637
c7g.16xlarge.a64fx-O2.0.0,false,31,54273,ARM,6.1.134-152.225.amzn2023.aarch64,6,1,134,amzn,2023,2023,a64fx,64.0,1.0,O2,5811.0,25089.0,579755.0,47.5842
c7g.16xlarge.a64fx-O2.1.0,false,31,54273,ARM,6.1.134-152.225.amzn2023.aarch64,6,1,134,amzn,2023,2023,a64fx,64.0,1.0,O2,5811.0,25089.0,579755.0,48.7534
c7g.16xlarge.a64fx-O2.2.0,false,31,54273,ARM,6.1.134-152.225.amzn2023.aarch64,6,1,134,amzn,2023,2023,a64fx,64.0,1.0,O2,5811.0,25089.0,579755.0,49.2309
c7g.16xlarge.native-Ofast.0.0,false,31,54273,ARM,6.1.134-152.225.amzn2023.aarch64,6,1,134,amzn,2023,2023,native,64.0,1.0,Ofast,5816.0,117952.33333333333,95116.0,41.8107
c7g.16xlarge.native-Ofast.1.0,false,31,54273,ARM,6.1.134-152.225.amzn2023.aarch64,6,1,134,amzn,2023,2023,native,64.0,1.0,Ofast,5816.0,117952.33333333333,95116.0,49.5559
c7g.16xlarge.native-Ofast.2.0,false,31,54273,ARM,6.1.134-152.225.amzn2023.aarch64,6,1,134,amzn,2023,2023,native,64.0,1.0,Ofast,5816.0,117952.33333333333,95116.0,49.2981
c7g.16xlarge.ampere1-Og.0.0,false,31,54273,ARM,6.1.134-152.225.amzn2023.aarch64,6,1,134,amzn,2023,2023,ampere1,64.0,1.0,Og,6049.0,106512.0,74298.0,46.8676
c7g.16xlarge.ampere1-Og.1.0,false,31,54273,ARM,6.1.134-152.225.amzn2023.aarch64,6,1,134,amzn,2023,2023,ampere1,64.0,1.0,Og,6049.0,106512.0,74298.0,49.0491
c7g.16xlarge.ampere1-Og.2.0,false,31,54273,ARM,6.1.134-152.225.amzn2023.aarch64,6,1,134,amzn,2023,2023,ampere1,64.0,1.0,Og,6049.0,106512.0,74298.0,49.0953
c7g.16xlarge.generic-Og.0.0,false,31,54273,ARM,6.1.134-152.225.amzn2023.aarch64,6,1,134,amzn,2023,2023,generic,64.0,1.0,Og,5362.0,84420.0,77721.0,44.0746
c7g.16xlarge.generic-Og.1.0,false,31,54273,ARM,6.1.134-152.225.amzn2023.aarch64,6,1,134,amzn,2023,2023,generic,64.0,1.0,Og,5362.0,84420.0,77721.0,41.2023
c7g.16xlarge.generic-Og.2.0,false,31,54273,ARM,6.1.134-152.225.amzn2023.aarch64,6,1,134,amzn,2023,2023,generic,64.0,1.0,Og,5362.0,84420.0,77721.0,48.2742
c7g.16xlarge.cortex-a76-O1.0.0,false,31,54273,ARM,6.1.134-152.225.amzn2023.aarch64,6,1,134,amzn,2023,2023,cortex-a76,64.0,1.0,O1,5589.0,88730.0,68960.0,46.5492
c7g.16xlarge.cortex-a76-O1.1.0,false,31,54273,ARM,6.1.134-152.225.amzn2023.aarch64,6,1,134,amzn,2023,2023,cortex-a76,64.0,1.0,O1,5589.0,88730.0,68960.0,48.862
c7g.16xlarge.cortex-a76-O1.2.0,false,31,54273,ARM,6.1.134-152.225.amzn2023.aarch64,6,1,134,amzn,2023,2023,cortex-a76,64.0,1.0,O1,5589.0,88730.0,68960.0,48.8802
c7g.16xlarge.neoverse-v1-O3.0.0,false,31,54273,ARM,6.1.134-152.225.amzn2023.aarch64,6,1,134,amzn,2023,2023,neoverse-v1,64.0,1.0,O3,6115.0,58599.0,35149.0,48.2174
c7g.16xlarge.neoverse-v1-O3.1.0,false,31,54273,ARM,6.1.134-152.225.amzn2023.aarch64,6,1,134,amzn,2023,2023,neoverse-v1,64.0,1.0,O3,6115.0,58599.0,35149.0,51.1468
c7g.16xlarge.neoverse-v1-O3.2.0,false,31,54273,ARM,6.1.134-152.225.amzn2023.aarch64,6,1,134,amzn,2023,2023,neoverse-v1,64.0,1.0,O3,6115.0,58599.0,35149.0,50.9029
c7g.16xlarge.neoverse-v2-Og.0.0,false,31,54273,ARM,6.1.134-152.225.amzn2023.aarch64,6,1,134,amzn,2023,2023,neoverse-v2,64.0,1.0,Og,5440.0,97136.0,39902.569444444445,46.5561
c7g.16xlarge.neoverse-v2-Og.1.0,false,31,54273,ARM,6.1.134-152.225.amzn2023.aarch64,6,1,134,amzn,2023,2023,neoverse-v2,64.0,1.0,Og,5440.0,97136.0,39902.569444444445,48.8769
c7g.16xlarge.neoverse-v2-Og.2.0,false,31,54273,ARM,6.1.134-152.225.amzn2023.aarch64,6,1,134,amzn,2023,2023,neoverse-v2,64.0,1.0,Og,5440.0,97136.0,39902.569444444445,49.1567
c7g.16xlarge.cortex-x1-O1.0.0,false,31,54273,ARM,6.1.134-152.225.amzn2023.aarch64,6,1,134,amzn,2023,2023,cortex-x1,64.0,1.0,O1,6148.0,61930.0,46560.0,40.78
c7g.16xlarge.cortex-x1-O1.1.0,false,31,54273,ARM,6.1.134-152.225.amzn2023.aarch64,6,1,134,amzn,2023,2023,cortex-x1,64.0,1.0,O1,6148.0,61930.0,46560.0,48.6332
c7g.16xlarge.cortex-x1-O1.2.0,false,31,54273,ARM,6.1.134-152.225.amzn2023.aarch64,6,1,134,amzn,2023,2023,cortex-x1,64.0,1.0,O1,6148.0,61930.0,46560.0,49.2327
c7g.16xlarge.native-O2.0.0,false,31,54273,ARM,6.1.134-152.225.amzn2023.aarch64,6,1,134,amzn,2023,2023,native,64.0,1.0,O2,6167.0,112626.0,101358.0,46.5054
c7g.16xlarge.native-O2.1.0,false,31,54273,ARM,6.1.134-152.225.amzn2023.aarch64,6,1,134,amzn,2023,2023,native,64.0,1.0,O2,6167.0,112626.0,101358.0,49.3698
c7g.16xlarge.native-O2.2.0,false,31,54273,ARM,6.1.134-152.225.amzn2023.aarch64,6,1,134,amzn,2023,2023,native,64.0,1.0,O2,6167.0,112626.0,101358.0,49.1606
c7g.16xlarge.neoverse-v2-O2.0.0,false,31,54273,ARM,6.1.134-152.225.amzn2023.aarch64,6,1,134,amzn,2023,2023,neoverse-v2,64.0,1.0,O2,6079.0,85542.0,104100.0,47.0687
c7g.16xlarge.neoverse-v2-O2.1.0,false,31,54273,ARM,6.1.134-152.225.amzn2023.aarch64,6,1,134,amzn,2023,2023,neoverse-v2,64.0,1.0,O2,6079.0,85542.0,104100.0,49.1507
c7g.16xlarge.neoverse-v2-O2.2.0,false,31,54273,ARM,6.1.134-152.225.amzn2023.aarch64,6,1,134,amzn,2023,2023,neoverse-v2,64.0,1.0,O2,6079.0,85542.0,104100.0,49.8091
c7g.16xlarge.neoverse-n1-Ofast.0.0,false,31,54273,ARM,6.1.134-152.225.amzn2023.aarch64,6,1,134,amzn,2023,2023,neoverse-n1,64.0,1.0,Ofast,5856.0,114191.0,92470.0,46.6921
c7g.16xlarge.neoverse-n1-Ofast.1.0,false,31,54273,ARM,6.1.134-152.225.amzn2023.aarch64,6,1,134,amzn,2023,2023,neoverse-n1,64.0,1.0,Ofast,5856.0,114191.0,92470.0,48.6643
c7g.16xlarge.neoverse-n1-Ofast.2.0,false,31,54273,ARM,6.1.134-152.225.amzn2023.aarch64,6,1,134,amzn,2023,2023,neoverse-n1,64.0,1.0,Ofast,5856.0,114191.0,92470.0,49.2186
c7g.16xlarge.cortex-a53-Ofast.0.0,false,31,54273,ARM,6.1.134-152.225.amzn2023.aarch64,6,1,134,amzn,2023,2023,cortex-a53,64.0,1.0,Ofast,6219.0,5140.0,2448.6,42.2506
c7g.16xlarge.cortex-a53-Ofast.1.0,false,31,54273,ARM,6.1.134-152.225.amzn2023.aarch64,6,1,134,amzn,2023,2023,cortex-a53,64.0,1.0,Ofast,6219.0,5140.0,2448.6,49.335
c7g.16xlarge.cortex-a53-Ofast.2.0,false,31,54273,ARM,6.1.134-152.225.amzn2023.aarch64,6,1,134,amzn,2023,2023,cortex-a53,64.0,1.0,Ofast,6219.0,5140.0,2448.6,49.0991
c7g.16xlarge.cortex-a57-O2.0.0,false,31,54273,ARM,6.1.134-152.225.amzn2023.aarch64,6,1,134,amzn,2023,2023,cortex-a57,64.0,1.0,O2,5806.0,50500.0,937805.0,42.1766
c7g.16xlarge.cortex-a57-O2.1.0,false,31,54273,ARM,6.1.134-152.225.amzn2023.aarch64,6,1,134,amzn,2023,2023,cortex-a57,64.0,1.0,O2,5806.0,50500.0,937805.0,49.5443
c7g.16xlarge.cortex-a57-O2.2.0,false,31,54273,ARM,6.1.134-152.225.amzn2023.aarch64,6,1,134,amzn,2023,2023,cortex-a57,64.0,1.0,O2,5806.0,50500.0,937805.0,49.399
c7g.16xlarge.native-O3.0.0,false,31,54273,ARM,6.1.134-152.225.amzn2023.aarch64,6,1,134,amzn,2023,2023,native,64.0,1.0,O3,5935.0,114846.0,88152.0,46.8388
c7g.16xlarge.native-O3.1.0,false,31,54273,ARM,6.1.134-152.225.amzn2023.aarch64,6,1,134,amzn,2023,2023,native,64.0,1.0,O3,5935.0,114846.0,88152.0,48.9459
c7g.16xlarge.native-O3.2.0,false,31,54273,ARM,6.1.134-152.225.amzn2023.aarch64,6,1,134,amzn,2023,2023,native,64.0,1.0,O3,5935.0,114846.0,88152.0,47.5003
c7g.16xlarge.neoverse-n1-Og.0.0,false,31,54273,ARM,6.1.134-152.225.amzn2023.aarch64,6,1,134,amzn,2023,2023,neoverse-n1,64.0,1.0,Og,5555.0,42977.5,21060.0,46.2936
c7g.16xlarge.neoverse-n1-Og.1.0,false,31,54273,ARM,6.1.134-152.225.amzn2023.aarch64,6,1,134,amzn,2023,2023,neoverse-n1,64.0,1.0,Og,5555.0,42977.5,21060.0,48.7364
c7g.16xlarge.neoverse-n1-Og.2.0,false,31,54273,ARM,6.1.134-152.225.amzn2023.aarch64,6,1,134,amzn,2023,2023,neoverse-n1,64.0,1.0,Og,5555.0,42977.5,21060.0,49.2179
c7g.16xlarge.cortex-x1-Ofast.0.0,false,31,54273,ARM,6.1.134-152.225.amzn2023.aarch64,6,1,134,amzn,2023,2023,cortex-x1,64.0,1.0,Ofast,5905.0,31517.0,4711.0,41.3162
c7g.16xlarge.cortex-x1-Ofast.1.0,false,31,54273,ARM,6.1.134-152.225.amzn2023.aarch64,6,1,134,amzn,2023,2023,cortex-x1,64.0,1.0,Ofast,5905.0,31517.0,4711.0,48.7959
c7g.16xlarge.cortex-x1-Ofast.2.0,false,31,54273,ARM,6.1.134-152.225.amzn2023.aarch64,6,1,134,amzn,2023,2023,cortex-x1,64.0,1.0,Ofast,5905.0,31517.0,4711.0,48.6065
c7g.16xlarge.neoverse-v1-Og.0.0,false,31,54273,ARM,6.1.134-152.225.amzn2023.aarch64,6,1,134,amzn,2023,2023,neoverse-v1,64.0,1.0,Og,5784.0,33628.0,5455.0,41.5855
c7g.16xlarge.neoverse-v1-Og.1.0,false,31,54273,ARM,6.1.134-152.225.amzn2023.aarch64,6,1,134,amzn,2023,2023,neoverse-v1,64.0,1.0,Og,5784.0,33628.0,5455.0,48.8075
c7g.16xlarge.neoverse-v1-Og.2.0,false,31,54273,ARM,6.1.134-152.225.amzn2023.aarch64,6,1,134,amzn,2023,2023,neoverse-v1,64.0,1.0,Og,5784.0,33628.0,5455.0,49.1501
c7g.16xlarge.neoverse-v1-Os.0.0,false,31,54273,ARM,6.1.134-152.225.amzn2023.aarch64,6,1,134,amzn,2023,2023,neoverse-v1,64.0,1.0,Os,6427.0,27244.0,507350.0,40.9551
c7g.16xlarge.neoverse-v1-Os.1.0,false,31,54273,ARM,6.1.134-152.225.amzn2023.aarch64,6,1,134,amzn,2023,2023,neoverse-v1,64.0,1.0,Os,6427.0,27244.0,507350.0,48.4886
c7g.16xlarge.neoverse-v1-Os.2.0,false,31,54273,ARM,6.1.134-152.225.amzn2023.aarch64,6,1,134,amzn,2023,2023,neoverse-v1,64.0,1.0,Os,6427.0,27244.0,507350.0,49.3597
c7g.16xlarge.cortex-x1-O2.0.0,false,31,54273,ARM,6.1.134-152.225.amzn2023.aarch64,6,1,134,amzn,2023,2023,cortex-x1,64.0,1.0,O2,6163.0,125500.0,950412.0,39.4029
c7g.16xlarge.cortex-x1-O2.1.0,false,31,54273,ARM,6.1.134-152.225.amzn2023.aarch64,6,1,134,amzn,2023,2023,cortex-x1,64.0,1.0,O2,6163.0,125500.0,950412.0,50.6354
c7g.16xlarge.cortex-x1-O2.2.0,false,31,54273,ARM,6.1.134-152.225.amzn2023.aarch64,6,1,134,amzn,2023,2023,cortex-x1,64.0,1.0,O2,6163.0,125500.0,950412.0,49.8528
c7g.16xlarge.neoverse-n2-Os.0.0,false,31,54273,ARM,6.1.134-152.225.amzn2023.aarch64,6,1,134,amzn,2023,2023,neoverse-n2,64.0,1.0,Os,5566.0,17762.125,4418.25,46.6007
c7g.16xlarge.neoverse-n2-Os.1.0,false,31,54273,ARM,6.1.134-152.225.amzn2023.aarch64,6,1,134,amzn,2023,2023,neoverse-n2,64.0,1.0,Os,5566.0,17762.125,4418.25,48.3183
c7g.16xlarge.neoverse-n2-Os.2.0,false,31,54273,ARM,6.1.134-152.225.amzn2023.aarch64,6,1,134,amzn,2023,2023,neoverse-n2,64.0,1.0,Os,5566.0,17762.125,4418.25,48.9082
c7g.16xlarge.a64fx-O1.0.0,false,31,54273,ARM,6.1.134-152.225.amzn2023.aarch64,6,1,134,amzn,2023,2023,a64fx,64.0,1.0,O1,5962.0,19805.0,7693.0,43.6118
c7g.16xlarge.a64fx-O1.1.0,false,31,54273,ARM,6.1.134-152.225.amzn2023.aarch64,6,1,134,amzn,2023,2023,a64fx,64.0,1.0,O1,5962.0,19805.0,7693.0,48.6298
c7g.16xlarge.a64fx-O1.2.0,false,31,54273,ARM,6.1.134-152.225.amzn2023.aarch64,6,1,134,amzn,2023,2023,a64fx,64.0,1.0,O1,5962.0,19805.0,7693.0,49.4106
c7g.16xlarge.a64fx-Os.0.0,false,31,54273,ARM,6.1.134-152.225.amzn2023.aarch64,6,1,134,amzn,2023,2023,a64fx,64.0,1.0,Os,6164.0,23788.0,327679.0,40.6021
c7g.16xlarge.a64fx-Os.1.0,false,31,54273,ARM,6.1.134-152.225.amzn2023.aarch64,6,1,134,amzn,2023,2023,a64fx,64.0,1.0,Os,6164.0,23788.0,327679.0,50.5657
c7g.16xlarge.a64fx-Os.2.0,false,31,54273,ARM,6.1.134-152.225.amzn2023.aarch64,6,1,134,amzn,2023,2023,a64fx,64.0,1.0,Os,6164.0,23788.0,327679.0,50.8431
c7g.16xlarge.cortex-a57-Os.0.0,false,31,54273,ARM,6.1.134-152.225.amzn2023.aarch64,6,1,134,amzn,2023,2023,cortex-a57,64.0,1.0,Os,6163.0,8963.625,4088.75,46.7693
c7g.16xlarge.cortex-a57-Os.1.0,false,31,54273,ARM,6.1.134-152.225.amzn2023.aarch64,6,1,134,amzn,2023,2023,cortex-a57,64.0,1.0,Os,6163.0,8963.625,4088.75,48.5136
c7g.16xlarge.cortex-a57-Os.2.0,false,31,54273,ARM,6.1.134-152.225.amzn2023.aarch64,6,1,134,amzn,2023,2023,cortex-a57,64.0,1.0,Os,6163.0,8963.625,4088.75,49.7484
c7g.16xlarge.cortex-a53-O1.0.0,false,31,54273,ARM,6.1.134-152.225.amzn2023.aarch64,6,1,134,amzn,2023,2023,cortex-a53,64.0,1.0,O1,6041.0,8226.0,3118.0,42.3216
c7g.16xlarge.cortex-a53-O1.1.0,false,31,54273,ARM,6.1.134-152.225.amzn2023.aarch64,6,1,134,amzn,2023,2023,cortex-a53,64.0,1.0,O1,6041.0,8226.0,3118.0,48.9938
c7g.16xlarge.cortex-a53-O1.2.0,false,31,54273,ARM,6.1.134-152.225.amzn2023.aarch64,6,1,134,amzn,2023,2023,cortex-a53,64.0,1.0,O1,6041.0,8226.0,3118.0,48.9426
c7g.16xlarge.neoverse-v1-O2.0.0,false,31,54273,ARM,6.1.134-152.225.amzn2023.aarch64,6,1,134,amzn,2023,2023,neoverse-v1,64.0,1.0,O2,6233.0,72020.0,73145.0,43.5754
c7g.16xlarge.neoverse-v1-O2.1.0,false,31,54273,ARM,6.1.134-152.225.amzn2023.aarch64,6,1,134,amzn,2023,2023,neoverse-v1,64.0,1.0,O2,6233.0,72020.0,73145.0,48.6602
c7g.16xlarge.neoverse-v1-O2.2.0,false,31,54273,ARM,6.1.134-152.225.amzn2023.aarch64,6,1,134,amzn,2023,2023,neoverse-v1,64.0,1.0,O2,6233.0,72020.0,73145.0,49.0602
c7g.16xlarge.ampere1-O1.0.0,false,31,54273,ARM,6.1.134-152.225.amzn2023.aarch64,6,1,134,amzn,2023,2023,ampere1,64.0,1.0,O1,6168.0,105665.0,87864.0,43.4843
c7g.16xlarge.ampere1-O1.1.0,false,31,54273,ARM,6.1.134-152.225.amzn2023.aarch64,6,1,134,amzn,2023,2023,ampere1,64.0,1.0,O1,6168.0,105665.0,87864.0,44.6331
c7g.16xlarge.ampere1-O1.2.0,false,31,54273,ARM,6.1.134-152.225.amzn2023.aarch64,6,1,134,amzn,2023,2023,ampere1,64.0,1.0,O1,6168.0,105665.0,87864.0,50.0009
c7g.16xlarge.neoverse-n2-O3.0.0,false,31,54273,ARM,6.1.134-152.225.amzn2023.aarch64,6,1,134,amzn,2023,2023,neoverse-n2,64.0,1.0,O3,5937.0,9829.5,4351.0,46.3427
c7g.16xlarge.neoverse-n2-O3.1.0,false,31,54273,ARM,6.1.134-152.225.amzn2023.aarch64,6,1,134,amzn,2023,2023,neoverse-n2,64.0,1.0,O3,5937.0,9829.5,4351.0,48.8942
c7g.16xlarge.neoverse-n2-O3.2.0,false,31,54273,ARM,6.1.134-152.225.amzn2023.aarch64,6,1,134,amzn,2023,2023,neoverse-n2,64.0,1.0,O3,5937.0,9829.5,4351.0,49.1945
c7g.16xlarge.neoverse-n2-O1.0.0,false,31,54273,ARM,6.1.134-152.225.amzn2023.aarch64,6,1,134,amzn,2023,2023,neoverse-n2,64.0,1.0,O1,5745.0,75350.0,54060.0,47.9259
c7g.16xlarge.neoverse-n2-O1.1.0,false,31,54273,ARM,6.1.134-152.225.amzn2023.aarch64,6,1,134,amzn,2023,2023,neoverse-n2,64.0,1.0,O1,5745.0,75350.0,54060.0,49.1096
c7g.16xlarge.neoverse-n2-O1.2.0,false,31,54273,ARM,6.1.134-152.225.amzn2023.aarch64,6,1,134,amzn,2023,2023,neoverse-n2,64.0,1.0,O1,5745.0,75350.0,54060.0,49.3244
c7g.16xlarge.neoverse-v2-O0.0.0,false,31,54273,ARM,6.1.134-152.225.amzn2023.aarch64,6,1,134,amzn,2023,2023,neoverse-v2,64.0,1.0,O0,6032.0,76930.0,45410.0,32.4552
c7g.16xlarge.neoverse-v2-O0.1.0,false,31,54273,ARM,6.1.134-152.225.amzn2023.aarch64,6,1,134,amzn,2023,2023,neoverse-v2,64.0,1.0,O0,6032.0,76930.0,45410.0,34.3911
c7g.16xlarge.neoverse-v2-O0.2.0,false,31,54273,ARM,6.1.134-152.225.amzn2023.aarch64,6,1,134,amzn,2023,2023,neoverse-v2,64.0,1.0,O0,6032.0,76930.0,45410.0,39.5718
c7g.16xlarge.ampere1-Os.0.0,false,31,54273,ARM,6.1.134-152.225.amzn2023.aarch64,6,1,134,amzn,2023,2023,ampere1,64.0,1.0,Os,6262.0,275752.52025449264,149306.38405786426,42.3947
c7g.16xlarge.ampere1-Os.1.0,false,31,54273,ARM,6.1.134-152.225.amzn2023.aarch64,6,1,134,amzn,2023,2023,ampere1,64.0,1.0,Os,6262.0,275752.52025449264,149306.38405786426,48.7047
c7g.16xlarge.ampere1-Os.2.0,false,31,54273,ARM,6.1.134-152.225.amzn2023.aarch64,6,1,134,amzn,2023,2023,ampere1,64.0,1.0,Os,6262.0,275752.52025449264,149306.38405786426,49.0996
c7g.16xlarge.cortex-a76-O3.0.0,false,31,54273,ARM,6.1.134-152.225.amzn2023.aarch64,6,1,134,amzn,2023,2023,cortex-a76,64.0,1.0,O3,5472.0,75118.0,52184.0,47.0872
c7g.16xlarge.cortex-a76-O3.1.0,false,31,54273,ARM,6.1.134-152.225.amzn2023.aarch64,6,1,134,amzn,2023,2023,cortex-a76,64.0,1.0,O3,5472.0,75118.0,52184.0,48.1386
c7g.16xlarge.cortex-a76-O3.2.0,false,31,54273,ARM,6.1.134-152.225.amzn2023.aarch64,6,1,134,amzn,2023,2023,cortex-a76,64.0,1.0,O3,5472.0,75118.0,52184.0,49.1851
c7g.16xlarge.a64fx-O0.0.0,false,31,54273,ARM,6.1.134-152.225.amzn2023.aarch64,6,1,134,amzn,2023,2023,a64fx,64.0,1.0,O0,6130.0,64010.0,54425.0,35.2244
c7g.16xlarge.a64fx-O0.1.0,false,31,54273,ARM,6.1.134-152.225.amzn2023.aarch64,6,1,134,amzn,2023,2023,a64fx,64.0,1.0,O0,6130.0,64010.0,54425.0,38.7085
c7g.16xlarge.a64fx-O0.2.0,false,31,54273,ARM,6.1.134-152.225.amzn2023.aarch64,6,1,134,amzn,2023,2023,a64fx,64.0,1.0,O0,6130.0,64010.0,54425.0,39.4288
c7g.16xlarge.cortex-a53-Og.0.0,false,31,54273,ARM,6.1.134-152.225.amzn2023.aarch64,6,1,134,amzn,2023,2023,cortex-a53,64.0,1.0,Og,5909.0,23550.375,4808.875,44.2525
c7g.16xlarge.cortex-a53-Og.1.0,false,31,54273,ARM,6.1.134-152.225.amzn2023.aarch64,6,1,134,amzn,2023,2023,cortex-a53,64.0,1.0,Og,5909.0,23550.375,4808.875,45.268
c7g.16xlarge.cortex-a53-Og.2.0,false,31,54273,ARM,6.1.134-152.225.amzn2023.aarch64,6,1,134,amzn,2023,2023,cortex-a53,64.0,1.0,Og,5909.0,23550.375,4808.875,50.6927
c7g.16xlarge.neoverse-n1-O0.0.0,false,31,54273,ARM,6.1.134-152.225.amzn2023.aarch64,6,1,134,amzn,2023,2023,neoverse-n1,64.0,1.0,O0,5794.0,64524.0,67260.0,33.3327
c7g.16xlarge.neoverse-n1-O0.1.0,false,31,54273,ARM,6.1.134-152.225.amzn2023.aarch64,6,1,134,amzn,2023,2023,neoverse-n1,64.0,1.0,O0,5794.0,64524.0,67260.0,41.2438
c7g.16xlarge.neoverse-n1-O0.2.0,false,31,54273,ARM,6.1.134-152.225.amzn2023.aarch64,6,1,134,amzn,2023,2023,neoverse-n1,64.0,1.0,O0,5794.0,64524.0,67260.0,39.2296
c7g.16xlarge.cortex-a72-O3.0.0,false,31,54273,ARM,6.1.134-152.225.amzn2023.aarch64,6,1,134,amzn,2023,2023,cortex-a72,64.0,1.0,O3,5948.0,32003.428571428572,15235.714285714286,40.3109
c7g.16xlarge.cortex-a72-O3.1.0,false,31,54273,ARM,6.1.134-152.225.amzn2023.aarch64,6,1,134,amzn,2023,2023,cortex-a72,64.0,1.0,O3,5948.0,32003.428571428572,15235.714285714286,50.7996
c7g.16xlarge.cortex-a72-O3.2.0,false,31,54273,ARM,6.1.134-152.225.amzn2023.aarch64,6,1,134,amzn,2023,2023,cortex-a72,64.0,1.0,O3,5948.0,32003.428571428572,15235.714285714286,50.7148
c7g.16xlarge.neoverse-v1-Ofast.0.0,false,31,54273,ARM,6.1.134-152.225.amzn2023.aarch64,6,1,134,amzn,2023,2023,neoverse-v1,64.0,1.0,Ofast,6322.0,35580.0,6956.0,39.5049
c7g.16xlarge.neoverse-v1-Ofast.1.0,false,31,54273,ARM,6.1.134-152.225.amzn2023.aarch64,6,1,134,amzn,2023,2023,neoverse-v1,64.0,1.0,Ofast,6322.0,35580.0,6956.0,50.7253
c7g.16xlarge.neoverse-v1-Ofast.2.0,false,31,54273,ARM,6.1.134-152.225.amzn2023.aarch64,6,1,134,amzn,2023,2023,neoverse-v1,64.0,1.0,Ofast,6322.0,35580.0,6956.0,50.7046
c7g.16xlarge.cortex-a53-O3.0.0,false,31,54273,ARM,6.1.134-152.225.amzn2023.aarch64,6,1,134,amzn,2023,2023,cortex-a53,64.0,1.0,O3,5831.0,16436.333333333332,17140.666666666668,43.5663
c7g.16xlarge.cortex-a53-O3.1.0,false,31,54273,ARM,6.1.134-152.225.amzn2023.aarch64,6,1,134,amzn,2023,2023,cortex-a53,64.0,1.0,O3,5831.0,16436.333333333332,17140.666666666668,46.1848
c7g.16xlarge.cortex-a53-O3.2.0,false,31,54273,ARM,6.1.134-152.225.amzn2023.aarch64,6,1,134,amzn,2023,2023,cortex-a53,64.0,1.0,O3,5831.0,16436.333333333332,17140.666666666668,50.7235
c7g.16xlarge.cortex-a72-O1.0.0,false,31,54273,ARM,6.1.134-152.225.amzn2023.aarch64,6,1,134,amzn,2023,2023,cortex-a72,64.0,1.0,O1,6120.0,9923.625,4324.0,41.0016
c7g.16xlarge.cortex-a72-O1.1.0,false,31,54273,ARM,6.1.134-152.225.amzn2023.aarch64,6,1,134,amzn,2023,2023,cortex-a72,64.0,1.0,O1,6120.0,9923.625,4324.0,50.7216
c7g.16xlarge.cortex-a72-O1.2.0,false,31,54273,ARM,6.1.134-152.225.amzn2023.aarch64,6,1,134,amzn,2023,2023,cortex-a72,64.0,1.0,O1,6120.0,9923.625,4324.0,50.5303
c7g.16xlarge.a64fx-Og.0.0,false,31,54273,ARM,6.1.134-152.225.amzn2023.aarch64,6,1,134,amzn,2023,2023,a64fx,64.0,1.0,Og,5852.0,36879.5,19207.5,46.3391
c7g.16xlarge.a64fx-Og.1.0,false,31,54273,ARM,6.1.134-152.225.amzn2023.aarch64,6,1,134,amzn,2023,2023,a64fx,64.0,1.0,Og,5852.0,36879.5,19207.5,47.8528
c7g.16xlarge.a64fx-Og.2.0,false,31,54273,ARM,6.1.134-152.225.amzn2023.aarch64,6,1,134,amzn,2023,2023,a64fx,64.0,1.0,Og,5852.0,36879.5,19207.5,49.207
c7g.16xlarge.ampere1-Ofast.0.0,false,31,54273,ARM,6.1.134-152.225.amzn2023.aarch64,6,1,134,amzn,2023,2023,ampere1,64.0,1.0,Ofast,5876.0,119010.0,79584.0,43.4779
c7g.16xlarge.ampere1-Ofast.1.0,false,31,54273,ARM,6.1.134-152.225.amzn2023.aarch64,6,1,134,amzn,2023,2023,ampere1,64.0,1.0,Ofast,5876.0,119010.0,79584.0,42.8085
c7g.16xlarge.ampere1-Ofast.2.0,false,31,54273,ARM,6.1.134-152.225.amzn2023.aarch64,6,1,134,amzn,2023,2023,ampere1,64.0,1.0,Ofast,5876.0,119010.0,79584.0,50.7527
c7g.16xlarge.cortex-a76-Os.0.0,false,31,54273,ARM,6.1.134-152.225.amzn2023.aarch64,6,1,134,amzn,2023,2023,cortex-a76,64.0,1.0,Os,6246.0,13008.333333333334,4038.6666666666665,46.5366
c7g.16xlarge.cortex-a76-Os.1.0,false,31,54273,ARM,6.1.134-152.225.amzn2023.aarch64,6,1,134,amzn,2023,2023,cortex-a76,64.0,1.0,Os,6246.0,13008.333333333334,4038.6666666666665,48.3121
c7g.16xlarge.cortex-a76-Os.2.0,false,31,54273,ARM,6.1.134-152.225.amzn2023.aarch64,6,1,134,amzn,2023,2023,cortex-a76,64.0,1.0,Os,6246.0,13008.333333333334,4038.6666666666665,48.8577
c7g.16xlarge.neoverse-n1-O2.0.0,false,31,54273,ARM,6.1.134-152.225.amzn2023.aarch64,6,1,134,amzn,2023,2023,neoverse-n1,64.0,1.0,O2,6078.0,141256.0,105369.55555555555,49.2773
c7g.16xlarge.neoverse-n1-O2.1.0,false,31,54273,ARM,6.1.134-152.225.amzn2023.aarch64,6,1,134,amzn,2023,2023,neoverse-n1,64.0,1.0,O2,6078.0,141256.0,105369.55555555555,49.5595
c7g.16xlarge.neoverse-n1-O2.2.0,false,31,54273,ARM,6.1.134-152.225.amzn2023.aarch64,6,1,134,amzn,2023,2023,neoverse-n1,64.0,1.0,O2,6078.0,141256.0,105369.55555555555,51.0552
c7g.16xlarge.native-O0.0.0,false,31,54273,ARM,6.1.134-152.225.amzn2023.aarch64,6,1,134,amzn,2023,2023,native,64.0,1.0,O0,6143.0,27332.0,454589.0,32.9326
c7g.16xlarge.native-O0.1.0,false,31,54273,ARM,6.1.134-152.225.amzn2023.aarch64,6,1,134,amzn,2023,2023,native,64.0,1.0,O0,6143.0,27332.0,454589.0,38.4745
c7g.16xlarge.native-O0.2.0,false,31,54273,ARM,6.1.134-152.225.amzn2023.aarch64,6,1,134,amzn,2023,2023,native,64.0,1.0,O0,6143.0,27332.0,454589.0,38.6325
c7g.16xlarge.cortex-a57-O0.0.0,false,31,54273,ARM,6.1.134-152.225.amzn2023.aarch64,6,1,134,amzn,2023,2023,cortex-a57,64.0,1.0,O0,5809.0,61439.0,567174.0,30.6799
c7g.16xlarge.cortex-a57-O0.1.0,false,31,54273,ARM,6.1.134-152.225.amzn2023.aarch64,6,1,134,amzn,2023,2023,cortex-a57,64.0,1.0,O0,5809.0,61439.0,567174.0,38.5474
c7g.16xlarge.cortex-a57-O0.2.0,false,31,54273,ARM,6.1.134-152.225.amzn2023.aarch64,6,1,134,amzn,2023,2023,cortex-a57,64.0,1.0,O0,5809.0,61439.0,567174.0,38.8308
c7g.16xlarge.cortex-a57-O1.0.0,false,31,54273,ARM,6.1.134-152.225.amzn2023.aarch64,6,1,134,amzn,2023,2023,cortex-a57,64.0,1.0,O1,5348.0,87132.0,83940.0,46.618
c7g.16xlarge.cortex-a57-O1.1.0,false,31,54273,ARM,6.1.134-152.225.amzn2023.aarch64,6,1,134,amzn,2023,2023,cortex-a57,64.0,1.0,O1,5348.0,87132.0,83940.0,48.8422
c7g.16xlarge.cortex-a57-O1.2.0,false,31,54273,ARM,6.1.134-152.225.amzn2023.aarch64,6,1,134,amzn,2023,2023,cortex-a57,64.0,1.0,O1,5348.0,87132.0,83940.0,49.1647
c7g.16xlarge.neoverse-v2-O1.0.0,false,31,54273,ARM,6.1.134-152.225.amzn2023.aarch64,6,1,134,amzn,2023,2023,neoverse-v2,64.0,1.0,O1,5787.0,75856.0,29970.0,43.8448
c7g.16xlarge.neoverse-v2-O1.1.0,false,31,54273,ARM,6.1.134-152.225.amzn2023.aarch64,6,1,134,amzn,2023,2023,neoverse-v2,64.0,1.0,O1,5787.0,75856.0,29970.0,44.0698
c7g.16xlarge.neoverse-v2-O1.2.0,false,31,54273,ARM,6.1.134-152.225.amzn2023.aarch64,6,1,134,amzn,2023,2023,neoverse-v2,64.0,1.0,O1,5787.0,75856.0,29970.0,50.2167
c7g.16xlarge.neoverse-n1-O3.0.0,false,31,54273,ARM,6.1.134-152.225.amzn2023.aarch64,6,1,134,amzn,2023,2023,neoverse-n1,64.0,1.0,O3,6404.0,133472.0,98008.0,46.4029
c7g.16xlarge.neoverse-n1-O3.1.0,false,31,54273,ARM,6.1.134-152.225.amzn2023.aarch64,6,1,134,amzn,2023,2023,neoverse-n1,64.0,1.0,O3,6404.0,133472.0,98008.0,48.992
c7g.16xlarge.neoverse-n1-O3.2.0,false,31,54273,ARM,6.1.134-152.225.amzn2023.aarch64,6,1,134,amzn,2023,2023,neoverse-n1,64.0,1.0,O3,6404.0,133472.0,98008.0,49.5486
r7iz.8xlarge.znver3-Os.0.0,true,6,143,Intel,6.1.134-152.225.amzn2023.x86_64,6,1,134,amzn,2023,2023,znver3,16.0,2.0,Os,268669710.86883855,158562.13333333333,54396.489,30.4515
r7iz.8xlarge.znver3-Os.1.0,true,6,143,Intel,6.1.134-152.225.amzn2023.x86_64,6,1,134,amzn,2023,2023,znver3,16.0,2.0,Os,268669710.86883855,158562.13333333333,54396.489,31.9353
r7iz.8xlarge.znver3-Os.2.0,true,6,143,Intel,6.1.134-152.225.amzn2023.x86_64,6,1,134,amzn,2023,2023,znver3,16.0,2.0,Os,268669710.86883855,158562.13333333333,54396.489,33.3322
r7iz.8xlarge.znver2-Os.0.0,true,6,143,Intel,6.1.134-152.225.amzn2023.x86_64,6,1,134,amzn,2023,2023,znver2,16.0,2.0,Os,235075253.96573034,325221.4593037518,92995.78944203944,31.1354
r7iz.8xlarge.znver2-Os.1.0,true,6,143,Intel,6.1.134-152.225.amzn2023.x86_64,6,1,134,amzn,2023,2023,znver2,16.0,2.0,Os,235075253.96573034,325221.4593037518,92995.78944203944,32.6577
r7iz.8xlarge.znver2-Os.2.0,true,6,143,Intel,6.1.134-152.225.amzn2023.x86_64,6,1,134,amzn,2023,2023,znver2,16.0,2.0,Os,235075253.96573034,325221.4593037518,92995.78944203944,33.4801
r7iz.8xlarge.znver3-Ofast.0.0,true,6,143,Intel,6.1.134-152.225.amzn2023.x86_64,6,1,134,amzn,2023,2023,znver3,16.0,2.0,Ofast,300896183.4346484,130214.0,2170.0,33.5686
r7iz.8xlarge.znver3-Ofast.1.0,true,6,143,Intel,6.1.134-152.225.amzn2023.x86_64,6,1,134,amzn,2023,2023,znver3,16.0,2.0,Ofast,300896183.4346484,130214.0,2170.0,35.496
r7iz.8xlarge.znver3-Ofast.2.0,true,6,143,Intel,6.1.134-152.225.amzn2023.x86_64,6,1,134,amzn,2023,2023,znver3,16.0,2.0,Ofast,300896183.4346484,130214.0,2170.0,36.3305
r7iz.8xlarge.znver3-O3.0.0,true,6,143,Intel,6.1.134-152.225.amzn2023.x86_64,6,1,134,amzn,2023,2023,znver3,16.0,2.0,O3,397132471.659282,95536.0,39608.0,28.9207
r7iz.8xlarge.znver3-O3.1.0,true,6,143,Intel,6.1.134-152.225.amzn2023.x86_64,6,1,134,amzn,2023,2023,znver3,16.0,2.0,O3,397132471.659282,95536.0,39608.0,34.3212
r7iz.8xlarge.znver3-O3.2.0,true,6,143,Intel,6.1.134-152.225.amzn2023.x86_64,6,1,134,amzn,2023,2023,znver3,16.0,2.0,O3,397132471.659282,95536.0,39608.0,34.4131
r7iz.8xlarge.znver3-O2.0.0,true,6,143,Intel,6.1.134-152.225.amzn2023.x86_64,6,1,134,amzn,2023,2023,znver3,16.0,2.0,O2,557162671.2848663,254138.46264999054,91391.70000000001,31.089
r7iz.8xlarge.znver3-O2.1.0,true,6,143,Intel,6.1.134-152.225.amzn2023.x86_64,6,1,134,amzn,2023,2023,znver3,16.0,2.0,O2,557162671.2848663,254138.46264999054,91391.70000000001,30.335
r7iz.8xlarge.znver3-O2.2.0,true,6,143,Intel,6.1.134-152.225.amzn2023.x86_64,6,1,134,amzn,2023,2023,znver3,16.0,2.0,O2,557162671.2848663,254138.46264999054,91391.70000000001,33.9594
d3.4xlarge.icelake-server-Og.0.0,true,6,85,Intel,6.1.134-152.225.amzn2023.x86_64,6,1,134,amzn,2023,2023,icelake-server,8.0,2.0,Og,798281570.8939103,1102406.9666666666,80825.0,10.7438
d3.4xlarge.icelake-server-Og.1.0,true,6,85,Intel,6.1.134-152.225.amzn2023.x86_64,6,1,134,amzn,2023,2023,icelake-server,8.0,2.0,Og,798281570.8939103,1102406.9666666666,80825.0,11.5818
d3.4xlarge.icelake-server-Og.2.0,true,6,85,Intel,6.1.134-152.225.amzn2023.x86_64,6,1,134,amzn,2023,2023,icelake-server,8.0,2.0,Og,798281570.8939103,1102406.9666666666,80825.0,11.6531
d3.4xlarge.skylake-Og.0.0,true,6,85,Intel,6.1.134-152.225.amzn2023.x86_64,6,1,134,amzn,2023,2023,skylake,8.0,2.0,Og,837250848.56336,5144982.44845788,157070.55054053466,11.6679
d3.4xlarge.skylake-Og.1.0,true,6,85,Intel,6.1.134-152.225.amzn2023.x86_64,6,1,134,amzn,2023,2023,skylake,8.0,2.0,Og,837250848.56336,5144982.44845788,157070.55054053466,9.09634
d3.4xlarge.skylake-Og.2.0,true,6,85,Intel,6.1.134-152.225.amzn2023.x86_64,6,1,134,amzn,2023,2023,skylake,8.0,2.0,Og,837250848.56336,5144982.44845788,157070.55054053466,11.0171
d3.4xlarge.znver3-Os.0.0,true,6,85,Intel,6.1.134-152.225.amzn2023.x86_64,6,1,134,amzn,2023,2023,znver3,8.0,2.0,Os,398580922.29080296,10193.0,119745.0,11.3274
d3.4xlarge.znver3-Os.1.0,true,6,85,Intel,6.1.134-152.225.amzn2023.x86_64,6,1,134,amzn,2023,2023,znver3,8.0,2.0,Os,398580922.29080296,10193.0,119745.0,11.9221
d3.4xlarge.znver3-Os.2.0,true,6,85,Intel,6.1.134-152.225.amzn2023.x86_64,6,1,134,amzn,2023,2023,znver3,8.0,2.0,Os,398580922.29080296,10193.0,119745.0,11.6683
d3.4xlarge.btver2-Os.0.0,true,6,85,Intel,6.1.134-152.225.amzn2023.x86_64,6,1,134,amzn,2023,2023,btver2,8.0,2.0,Os,769372863.125734,3389301.9552565617,115451.28989571246,10.8056
d3.4xlarge.btver2-Os.1.0,true,6,85,Intel,6.1.134-152.225.amzn2023.x86_64,6,1,134,amzn,2023,2023,btver2,8.0,2.0,Os,769372863.125734,3389301.9552565617,115451.28989571246,11.6441
d3.4xlarge.btver2-Os.2.0,true,6,85,Intel,6.1.134-152.225.amzn2023.x86_64,6,1,134,amzn,2023,2023,btver2,8.0,2.0,Os,769372863.125734,3389301.9552565617,115451.28989571246,11.3969
d3.4xlarge.znver3-Ofast.0.0,true,6,85,Intel,6.1.134-152.225.amzn2023.x86_64,6,1,134,amzn,2023,2023,znver3,8.0,2.0,Ofast,492708136.33957976,4034950.0241269837,197408.00657949634,10.1672
d3.4xlarge.znver3-Ofast.1.0,true,6,85,Intel,6.1.134-152.225.amzn2023.x86_64,6,1,134,amzn,2023,2023,znver3,8.0,2.0,Ofast,492708136.33957976,4034950.0241269837,197408.00657949634,13.1473
d3.4xlarge.znver3-Ofast.2.0,true,6,85,Intel,6.1.134-152.225.amzn2023.x86_64,6,1,134,amzn,2023,2023,znver3,8.0,2.0,Ofast,492708136.33957976,4034950.0241269837,197408.00657949634,13.0861
d3.4xlarge.znver3-O3.0.0,true,6,85,Intel,6.1.134-152.225.amzn2023.x86_64,6,1,134,amzn,2023,2023,znver3,8.0,2.0,O3,738214136.5711284,3265249.503799632,184408.95707302034,11.7003
d3.4xlarge.znver3-O3.1.0,true,6,85,Intel,6.1.134-152.225.amzn2023.x86_64,6,1,134,amzn,2023,2023,znver3,8.0,2.0,O3,738214136.5711284,3265249.503799632,184408.95707302034,11.8832
d3.4xlarge.znver3-O3.2.0,true,6,85,Intel,6.1.134-152.225.amzn2023.x86_64,6,1,134,amzn,2023,2023,znver3,8.0,2.0,O3,738214136.5711284,3265249.503799632,184408.95707302034,11.9181
d3.4xlarge.btver2-O3.0.0,true,6,85,Intel,6.1.134-152.225.amzn2023.x86_64,6,1,134,amzn,2023,2023,btver2,8.0,2.0,O3,879898788.6861322,3136233.8934821435,112266.64052763079,10.0018
d3.4xlarge.btver2-O3.1.0,true,6,85,Intel,6.1.134-152.225.amzn2023.x86_64,6,1,134,amzn,2023,2023,btver2,8.0,2.0,O3,879898788.6861322,3136233.8934821435,112266.64052763079,9.75936
d3.4xlarge.btver2-O3.2.0,true,6,85,Intel,6.1.134-152.225.amzn2023.x86_64,6,1,134,amzn,2023,2023,btver2,8.0,2.0,O3,879898788.6861322,3136233.8934821435,112266.64052763079,11.9622
d3.4xlarge.znver2-O1.0.0,true,6,85,Intel,6.1.134-152.225.amzn2023.x86_64,6,1,134,amzn,2023,2023,znver2,8.0,2.0,O1,522642287.426729,2317984.313883745,116481.34050925924,11.1692
d3.4xlarge.znver2-O1.1.0,true,6,85,Intel,6.1.134-152.225.amzn2023.x86_64,6,1,134,amzn,2023,2023,znver2,8.0,2.0,O1,522642287.426729,2317984.313883745,116481.34050925924,11.297
d3.4xlarge.znver2-O1.2.0,true,6,85,Intel,6.1.134-152.225.amzn2023.x86_64,6,1,134,amzn,2023,2023,znver2,8.0,2.0,O1,522642287.426729,2317984.313883745,116481.34050925924,11.476
d3.4xlarge.znver3-Og.0.0,true,6,85,Intel,6.1.134-152.225.amzn2023.x86_64,6,1,134,amzn,2023,2023,znver3,8.0,2.0,Og,456390507.54436177,3568769.810387731,117329.47882463173,7.83375
d3.4xlarge.znver3-Og.1.0,true,6,85,Intel,6.1.134-152.225.amzn2023.x86_64,6,1,134,amzn,2023,2023,znver3,8.0,2.0,Og,456390507.54436177,3568769.810387731,117329.47882463173,12.3739
d3.4xlarge.znver3-Og.2.0,true,6,85,Intel,6.1.134-152.225.amzn2023.x86_64,6,1,134,amzn,2023,2023,znver3,8.0,2.0,Og,456390507.54436177,3568769.810387731,117329.47882463173,11.5632
d3.4xlarge.skylake-O3.0.0,true,6,85,Intel,6.1.134-152.225.amzn2023.x86_64,6,1,134,amzn,2023,2023,skylake,8.0,2.0,O3,788147206.4461448,2510714.983479106,103608.88888888889,11.2082
d3.4xlarge.skylake-O3.1.0,true,6,85,Intel,6.1.134-152.225.amzn2023.x86_64,6,1,134,amzn,2023,2023,skylake,8.0,2.0,O3,788147206.4461448,2510714.983479106,103608.88888888889,12.0999
d3.4xlarge.skylake-O3.2.0,true,6,85,Intel,6.1.134-152.225.amzn2023.x86_64,6,1,134,amzn,2023,2023,skylake,8.0,2.0,O3,788147206.4461448,2510714.983479106,103608.88888888889,12.0524
d3.4xlarge.znver3-O2.0.0,true,6,85,Intel,6.1.134-152.225.amzn2023.x86_64,6,1,134,amzn,2023,2023,znver3,8.0,2.0,O2,862405060.6495608,3095914.896157582,138394.38025061716,11.0746
d3.4xlarge.znver3-O2.1.0,true,6,85,Intel,6.1.134-152.225.amzn2023.x86_64,6,1,134,amzn,2023,2023,znver3,8.0,2.0,O2,862405060.6495608,3095914.896157582,138394.38025061716,11.9318
d3.4xlarge.znver3-O2.2.0,true,6,85,Intel,6.1.134-152.225.amzn2023.x86_64,6,1,134,amzn,2023,2023,znver3,8.0,2.0,O2,862405060.6495608,3095914.896157582,138394.38025061716,12.1491
d3.4xlarge.btver2-O2.0.0,true,6,85,Intel,6.1.134-152.225.amzn2023.x86_64,6,1,134,amzn,2023,2023,btver2,8.0,2.0,O2,882866108.307662,2394244.5779583333,113737.07532407407,11.1565
d3.4xlarge.btver2-O2.1.0,true,6,85,Intel,6.1.134-152.225.amzn2023.x86_64,6,1,134,amzn,2023,2023,btver2,8.0,2.0,O2,882866108.307662,2394244.5779583333,113737.07532407407,11.7865
d3.4xlarge.btver2-O2.2.0,true,6,85,Intel,6.1.134-152.225.amzn2023.x86_64,6,1,134,amzn,2023,2023,btver2,8.0,2.0,O2,882866108.307662,2394244.5779583333,113737.07532407407,11.871
d3.4xlarge.skylake-avx512-O1.0.0,true,6,85,Intel,6.1.134-152.225.amzn2023.x86_64,6,1,134,amzn,2023,2023,skylake-avx512,8.0,2.0,O1,366934052.8980915,2407348.8,101769.04444444444,11.257
d3.4xlarge.skylake-avx512-O1.1.0,true,6,85,Intel,6.1.134-152.225.amzn2023.x86_64,6,1,134,amzn,2023,2023,skylake-avx512,8.0,2.0,O1,366934052.8980915,2407348.8,101769.04444444444,12.3677
d3.4xlarge.skylake-avx512-O1.2.0,true,6,85,Intel,6.1.134-152.225.amzn2023.x86_64,6,1,134,amzn,2023,2023,skylake-avx512,8.0,2.0,O1,366934052.8980915,2407348.8,101769.04444444444,11.8396
d3.4xlarge.znver2-O2.0.0,true,6,85,Intel,6.1.134-152.225.amzn2023.x86_64,6,1,134,amzn,2023,2023,znver2,8.0,2.0,O2,502909606.10614204,1699813.930914588,81062.33333333333,10.9982
d3.4xlarge.znver2-O2.1.0,true,6,85,Intel,6.1.134-152.225.amzn2023.x86_64,6,1,134,amzn,2023,2023,znver2,8.0,2.0,O2,502909606.10614204,1699813.930914588,81062.33333333333,11.894
d3.4xlarge.znver2-O2.2.0,true,6,85,Intel,6.1.134-152.225.amzn2023.x86_64,6,1,134,amzn,2023,2023,znver2,8.0,2.0,O2,502909606.10614204,1699813.930914588,81062.33333333333,12.4593
d3.4xlarge.sapphirerapids-O3.0.0,true,6,85,Intel,6.1.134-152.225.amzn2023.x86_64,6,1,134,amzn,2023,2023,sapphirerapids,8.0,2.0,O3,785566295.30783,1646905.0,199025.9185855263,10.3157
d3.4xlarge.sapphirerapids-O3.1.0,true,6,85,Intel,6.1.134-152.225.amzn2023.x86_64,6,1,134,amzn,2023,2023,sapphirerapids,8.0,2.0,O3,785566295.30783,1646905.0,199025.9185855263,10.8062
d3.4xlarge.sapphirerapids-O3.2.0,true,6,85,Intel,6.1.134-152.225.amzn2023.x86_64,6,1,134,amzn,2023,2023,sapphirerapids,8.0,2.0,O3,785566295.30783,1646905.0,199025.9185855263,12.1058
m6id.12xlarge.znver4-Og.0.0,true,6,106,Intel,6.1.134-152.225.amzn2023.x86_64,6,1,134,amzn,2023,2023,znver4,24.0,2.0,Og,45452282.55998987,225106.5620502646,84708.65135030865,24.6302
m6id.12xlarge.znver4-Og.1.0,true,6,106,Intel,6.1.134-152.225.amzn2023.x86_64,6,1,134,amzn,2023,2023,znver4,24.0,2.0,Og,45452282.55998987,225106.5620502646,84708.65135030865,24.7228
m6id.12xlarge.znver4-Og.2.0,true,6,106,Intel,6.1.134-152.225.amzn2023.x86_64,6,1,134,amzn,2023,2023,znver4,24.0,2.0,Og,45452282.55998987,225106.5620502646,84708.65135030865,25.4206
m6id.12xlarge.haswell-O0.0.0,true,6,106,Intel,6.1.134-152.225.amzn2023.x86_64,6,1,134,amzn,2023,2023,haswell,24.0,2.0,O0,1993222505.932156,390908.5404038472,168027.2210367097,16.2135
m6id.12xlarge.haswell-O0.1.0,true,6,106,Intel,6.1.134-152.225.amzn2023.x86_64,6,1,134,amzn,2023,2023,haswell,24.0,2.0,O0,1993222505.932156,390908.5404038472,168027.2210367097,16.3186
m6id.12xlarge.haswell-O0.2.0,true,6,106,Intel,6.1.134-152.225.amzn2023.x86_64,6,1,134,amzn,2023,2023,haswell,24.0,2.0,O0,1993222505.932156,390908.5404038472,168027.2210367097,16.6442
m6id.12xlarge.znver1-O0.0.0,true,6,106,Intel,6.1.134-152.225.amzn2023.x86_64,6,1,134,amzn,2023,2023,znver1,24.0,2.0,O0,2885399232.4729857,522862.4326425303,216486.39773117146,14.8615
m6id.12xlarge.znver1-O0.1.0,true,6,106,Intel,6.1.134-152.225.amzn2023.x86_64,6,1,134,amzn,2023,2023,znver1,24.0,2.0,O0,2885399232.4729857,522862.4326425303,216486.39773117146,14.4427
m6id.12xlarge.znver1-O0.2.0,true,6,106,Intel,6.1.134-152.225.amzn2023.x86_64,6,1,134,amzn,2023,2023,znver1,24.0,2.0,O0,2885399232.4729857,522862.4326425303,216486.39773117146,17.0387
m6id.12xlarge.skylake-O1.0.0,true,6,106,Intel,6.1.134-152.225.amzn2023.x86_64,6,1,134,amzn,2023,2023,skylake,24.0,2.0,O1,44634399.52924124,495944.72220656136,220665.57472817195,25.2019
m6id.12xlarge.skylake-O1.1.0,true,6,106,Intel,6.1.134-152.225.amzn2023.x86_64,6,1,134,amzn,2023,2023,skylake,24.0,2.0,O1,44634399.52924124,495944.72220656136,220665.57472817195,26.1939
m6id.12xlarge.skylake-O1.2.0,true,6,106,Intel,6.1.134-152.225.amzn2023.x86_64,6,1,134,amzn,2023,2023,skylake,24.0,2.0,O1,44634399.52924124,495944.72220656136,220665.57472817195,26.6532
m6id.12xlarge.ivybridge-Os.0.0,true,6,106,Intel,6.1.134-152.225.amzn2023.x86_64,6,1,134,amzn,2023,2023,ivybridge,24.0,2.0,Os,237572130.6371142,75131.0,262310.0,24.7656
m6id.12xlarge.ivybridge-Os.1.0,true,6,106,Intel,6.1.134-152.225.amzn2023.x86_64,6,1,134,amzn,2023,2023,ivybridge,24.0,2.0,Os,237572130.6371142,75131.0,262310.0,26.2961
m6id.12xlarge.ivybridge-Os.2.0,true,6,106,Intel,6.1.134-152.225.amzn2023.x86_64,6,1,134,amzn,2023,2023,ivybridge,24.0,2.0,Os,237572130.6371142,75131.0,262310.0,26.2486
m6id.12xlarge.sapphirerapids-Ofast.0.0,true,6,106,Intel,6.1.134-152.225.amzn2023.x86_64,6,1,134,amzn,2023,2023,sapphirerapids,24.0,2.0,Ofast,109568898.17607388,701275.6173326882,177697.1723934603,26.3395
m6id.12xlarge.sapphirerapids-Ofast.1.0,true,6,106,Intel,6.1.134-152.225.amzn2023.x86_64,6,1,134,amzn,2023,2023,sapphirerapids,24.0,2.0,Ofast,109568898.17607388,701275.6173326882,177697.1723934603,27.9923
m6id.12xlarge.sapphirerapids-Ofast.2.0,true,6,106,Intel,6.1.134-152.225.amzn2023.x86_64,6,1,134,amzn,2023,2023,sapphirerapids,24.0,2.0,Ofast,109568898.17607388,701275.6173326882,177697.1723934603,28.0854
m6id.12xlarge.haswell-Ofast.0.0,true,6,106,Intel,6.1.134-152.225.amzn2023.x86_64,6,1,134,amzn,2023,2023,haswell,24.0,2.0,Ofast,251878188.55521047,183956.03692515436,94674.20920303155,23.765
m6id.12xlarge.haswell-Ofast.1.0,true,6,106,Intel,6.1.134-152.225.amzn2023.x86_64,6,1,134,amzn,2023,2023,haswell,24.0,2.0,Ofast,251878188.55521047,183956.03692515436,94674.20920303155,27.5619
m6id.12xlarge.haswell-Ofast.2.0,true,6,106,Intel,6.1.134-152.225.amzn2023.x86_64,6,1,134,amzn,2023,2023,haswell,24.0,2.0,Ofast,251878188.55521047,183956.03692515436,94674.20920303155,28.6365
m6id.12xlarge.x86-64-v4-O3.0.0,true,6,106,Intel,6.1.134-152.225.amzn2023.x86_64,6,1,134,amzn,2023,2023,x86-64-v4,24.0,2.0,O3,88505046.79507792,504972.448864583,228193.02778530653,22.5951
m6id.12xlarge.x86-64-v4-O3.1.0,true,6,106,Intel,6.1.134-152.225.amzn2023.x86_64,6,1,134,amzn,2023,2023,x86-64-v4,24.0,2.0,O3,88505046.79507792,504972.448864583,228193.02778530653,25.0096
m6id.12xlarge.x86-64-v4-O3.2.0,true,6,106,Intel,6.1.134-152.225.amzn2023.x86_64,6,1,134,amzn,2023,2023,x86-64-v4,24.0,2.0,O3,88505046.79507792,504972.448864583,228193.02778530653,25.3191
m6id.12xlarge.znver2-O3.0.0,true,6,106,Intel,6.1.134-152.225.amzn2023.x86_64,6,1,134,amzn,2023,2023,znver2,24.0,2.0,O3,43307574.60900577,560210.5812768211,280545.4380262183,24.1438
m6id.12xlarge.znver2-O3.1.0,true,6,106,Intel,6.1.134-152.225.amzn2023.x86_64,6,1,134,amzn,2023,2023,znver2,24.0,2.0,O3,43307574.60900577,560210.5812768211,280545.4380262183,25.1785
m6id.12xlarge.znver2-O3.2.0,true,6,106,Intel,6.1.134-152.225.amzn2023.x86_64,6,1,134,amzn,2023,2023,znver2,24.0,2.0,O3,43307574.60900577,560210.5812768211,280545.4380262183,25.0592
m6id.12xlarge.skylake-avx512-Ofast.0.0,true,6,106,Intel,6.1.134-152.225.amzn2023.x86_64,6,1,134,amzn,2023,2023,skylake-avx512,24.0,2.0,Ofast,166908898.86678335,520394.55248545716,247180.0618249005,22.7017
m6id.12xlarge.skylake-avx512-Ofast.1.0,true,6,106,Intel,6.1.134-152.225.amzn2023.x86_64,6,1,134,amzn,2023,2023,skylake-avx512,24.0,2.0,Ofast,166908898.86678335,520394.55248545716,247180.0618249005,27.2484
m6id.12xlarge.skylake-avx512-Ofast.2.0,true,6,106,Intel,6.1.134-152.225.amzn2023.x86_64,6,1,134,amzn,2023,2023,skylake-avx512,24.0,2.0,Ofast,166908898.86678335,520394.55248545716,247180.0618249005,27.2142
m6id.12xlarge.skylake-avx512-O3.0.0,true,6,106,Intel,6.1.134-152.225.amzn2023.x86_64,6,1,134,amzn,2023,2023,skylake-avx512,24.0,2.0,O3,110363258.89105864,556278.8312004887,257507.26690326436,25.7333
m6id.12xlarge.skylake-avx512-O3.1.0,true,6,106,Intel,6.1.134-152.225.amzn2023.x86_64,6,1,134,amzn,2023,2023,skylake-avx512,24.0,2.0,O3,110363258.89105864,556278.8312004887,257507.26690326436,26.8242
m6id.12xlarge.skylake-avx512-O3.2.0,true,6,106,Intel,6.1.134-152.225.amzn2023.x86_64,6,1,134,amzn,2023,2023,skylake-avx512,24.0,2.0,O3,110363258.89105864,556278.8312004887,257507.26690326436,25.9047
m6id.12xlarge.x86-64-v3-Os.0.0,true,6,106,Intel,6.1.134-152.225.amzn2023.x86_64,6,1,134,amzn,2023,2023,x86-64-v3,24.0,2.0,Os,224219269.51261625,392689.3884179646,172464.18127628177,23.1549
m6id.12xlarge.x86-64-v3-Os.1.0,true,6,106,Intel,6.1.134-152.225.amzn2023.x86_64,6,1,134,amzn,2023,2023,x86-64-v3,24.0,2.0,Os,224219269.51261625,392689.3884179646,172464.18127628177,22.315
m6id.12xlarge.x86-64-v3-Os.2.0,true,6,106,Intel,6.1.134-152.225.amzn2023.x86_64,6,1,134,amzn,2023,2023,x86-64-v3,24.0,2.0,Os,224219269.51261625,392689.3884179646,172464.18127628177,25.7321
m6id.12xlarge.icelake-server-Og.0.0,true,6,106,Intel,6.1.134-152.225.amzn2023.x86_64,6,1,134,amzn,2023,2023,icelake-server,24.0,2.0,Og,35643890.596246704,564470.5998813431,203960.17817508528,23.9895
m6id.12xlarge.icelake-server-Og.1.0,true,6,106,Intel,6.1.134-152.225.amzn2023.x86_64,6,1,134,amzn,2023,2023,icelake-server,24.0,2.0,Og,35643890.596246704,564470.5998813431,203960.17817508528,25.2432
m6id.12xlarge.icelake-server-Og.2.0,true,6,106,Intel,6.1.134-152.225.amzn2023.x86_64,6,1,134,amzn,2023,2023,icelake-server,24.0,2.0,Og,35643890.596246704,564470.5998813431,203960.17817508528,25.3761
m6id.12xlarge.znver3-O1.0.0,true,6,106,Intel,6.1.134-152.225.amzn2023.x86_64,6,1,134,amzn,2023,2023,znver3,24.0,2.0,O1,492682390.5491854,440261.79738692526,206963.2579888884,23.4344
m6id.12xlarge.znver3-O1.1.0,true,6,106,Intel,6.1.134-152.225.amzn2023.x86_64,6,1,134,amzn,2023,2023,znver3,24.0,2.0,O1,492682390.5491854,440261.79738692526,206963.2579888884,22.1434
m6id.12xlarge.znver3-O1.2.0,true,6,106,Intel,6.1.134-152.225.amzn2023.x86_64,6,1,134,amzn,2023,2023,znver3,24.0,2.0,O1,492682390.5491854,440261.79738692526,206963.2579888884,26.5192
m6id.12xlarge.haswell-O2.0.0,true,6,106,Intel,6.1.134-152.225.amzn2023.x86_64,6,1,134,amzn,2023,2023,haswell,24.0,2.0,O2,352894362.9551592,609483.6104531931,179341.00299993448,25.2277
m6id.12xlarge.haswell-O2.1.0,true,6,106,Intel,6.1.134-152.225.amzn2023.x86_64,6,1,134,amzn,2023,2023,haswell,24.0,2.0,O2,352894362.9551592,609483.6104531931,179341.00299993448,26.8848
m6id.12xlarge.haswell-O2.2.0,true,6,106,Intel,6.1.134-152.225.amzn2023.x86_64,6,1,134,amzn,2023,2023,haswell,24.0,2.0,O2,352894362.9551592,609483.6104531931,179341.00299993448,26.7058
m6id.12xlarge.x86-64-v4-Ofast.0.0,true,6,106,Intel,6.1.134-152.225.amzn2023.x86_64,6,1,134,amzn,2023,2023,x86-64-v4,24.0,2.0,Ofast,52546958.597619765,512537.7122316292,165237.27693014123,25.183
m6id.12xlarge.x86-64-v4-Ofast.1.0,true,6,106,Intel,6.1.134-152.225.amzn2023.x86_64,6,1,134,amzn,2023,2023,x86-64-v4,24.0,2.0,Ofast,52546958.597619765,512537.7122316292,165237.27693014123,27.1061
m6id.12xlarge.x86-64-v4-Ofast.2.0,true,6,106,Intel,6.1.134-152.225.amzn2023.x86_64,6,1,134,amzn,2023,2023,x86-64-v4,24.0,2.0,Ofast,52546958.597619765,512537.7122316292,165237.27693014123,26.2643
m6id.12xlarge.haswell-Os.0.0,true,6,106,Intel,6.1.134-152.225.amzn2023.x86_64,6,1,134,amzn,2023,2023,haswell,24.0,2.0,Os,171018704.0159175,1013205.178445349,434817.57203154627,23.51
m6id.12xlarge.haswell-Os.1.0,true,6,106,Intel,6.1.134-152.225.amzn2023.x86_64,6,1,134,amzn,2023,2023,haswell,24.0,2.0,Os,171018704.0159175,1013205.178445349,434817.57203154627,26.9026
m6id.12xlarge.haswell-Os.2.0,true,6,106,Intel,6.1.134-152.225.amzn2023.x86_64,6,1,134,amzn,2023,2023,haswell,24.0,2.0,Os,171018704.0159175,1013205.178445349,434817.57203154627,26.2125
m6id.12xlarge.x86-64-v3-O3.0.0,true,6,106,Intel,6.1.134-152.225.amzn2023.x86_64,6,1,134,amzn,2023,2023,x86-64-v3,24.0,2.0,O3,28716176.10977262,335864.0,6091.0,22.0559
m6id.12xlarge.x86-64-v3-O3.1.0,true,6,106,Intel,6.1.134-152.225.amzn2023.x86_64,6,1,134,amzn,2023,2023,x86-64-v3,24.0,2.0,O3,28716176.10977262,335864.0,6091.0,26.4248
m6id.12xlarge.x86-64-v3-O3.2.0,true,6,106,Intel,6.1.134-152.225.amzn2023.x86_64,6,1,134,amzn,2023,2023,x86-64-v3,24.0,2.0,O3,28716176.10977262,335864.0,6091.0,27.2772
m6id.12xlarge.znver1-Os.0.0,true,6,106,Intel,6.1.134-152.225.amzn2023.x86_64,6,1,134,amzn,2023,2023,znver1,24.0,2.0,Os,59280972.32521297,525467.3071217906,227646.29545693478,24.8207
m6id.12xlarge.znver1-Os.1.0,true,6,106,Intel,6.1.134-152.225.amzn2023.x86_64,6,1,134,amzn,2023,2023,znver1,24.0,2.0,Os,59280972.32521297,525467.3071217906,227646.29545693478,25.6811
m6id.12xlarge.znver1-Os.2.0,true,6,106,Intel,6.1.134-152.225.amzn2023.x86_64,6,1,134,amzn,2023,2023,znver1,24.0,2.0,Os,59280972.32521297,525467.3071217906,227646.29545693478,25.5839
m6id.12xlarge.sandybridge-O1.0.0,true,6,106,Intel,6.1.134-152.225.amzn2023.x86_64,6,1,134,amzn,2023,2023,sandybridge,24.0,2.0,O1,61298842.461299025,355314.0,7298.0,24.8558
m6id.12xlarge.sandybridge-O1.1.0,true,6,106,Intel,6.1.134-152.225.amzn2023.x86_64,6,1,134,amzn,2023,2023,sandybridge,24.0,2.0,O1,61298842.461299025,355314.0,7298.0,26.4468
m6id.12xlarge.sandybridge-O1.2.0,true,6,106,Intel,6.1.134-152.225.amzn2023.x86_64,6,1,134,amzn,2023,2023,sandybridge,24.0,2.0,O1,61298842.461299025,355314.0,7298.0,27.1598
m6id.12xlarge.x86-64-v2-O0.0.0,true,6,106,Intel,6.1.134-152.225.amzn2023.x86_64,6,1,134,amzn,2023,2023,x86-64-v2,24.0,2.0,O0,1824132753.731659,393355.5453778237,181279.75816795375,15.843
m6id.12xlarge.x86-64-v2-O0.1.0,true,6,106,Intel,6.1.134-152.225.amzn2023.x86_64,6,1,134,amzn,2023,2023,x86-64-v2,24.0,2.0,O0,1824132753.731659,393355.5453778237,181279.75816795375,16.8351
m6id.12xlarge.x86-64-v2-O0.2.0,true,6,106,Intel,6.1.134-152.225.amzn2023.x86_64,6,1,134,amzn,2023,2023,x86-64-v2,24.0,2.0,O0,1824132753.731659,393355.5453778237,181279.75816795375,16.8273
m6id.12xlarge.skylake-Og.0.0,true,6,106,Intel,6.1.134-152.225.amzn2023.x86_64,6,1,134,amzn,2023,2023,skylake,24.0,2.0,Og,260250700.5234519,343541.2612926921,153664.00008635127,25.2717
m6id.12xlarge.skylake-Og.1.0,true,6,106,Intel,6.1.134-152.225.amzn2023.x86_64,6,1,134,amzn,2023,2023,skylake,24.0,2.0,Og,260250700.5234519,343541.2612926921,153664.00008635127,25.4345
m6id.12xlarge.skylake-Og.2.0,true,6,106,Intel,6.1.134-152.225.amzn2023.x86_64,6,1,134,amzn,2023,2023,skylake,24.0,2.0,Og,260250700.5234519,343541.2612926921,153664.00008635127,25.9691
m6id.12xlarge.ivybridge-O3.0.0,true,6,106,Intel,6.1.134-152.225.amzn2023.x86_64,6,1,134,amzn,2023,2023,ivybridge,24.0,2.0,O3,52304214.30927755,440476.5231064084,197266.35648217663,24.9529
m6id.12xlarge.ivybridge-O3.1.0,true,6,106,Intel,6.1.134-152.225.amzn2023.x86_64,6,1,134,amzn,2023,2023,ivybridge,24.0,2.0,O3,52304214.30927755,440476.5231064084,197266.35648217663,23.3239
m6id.12xlarge.ivybridge-O3.2.0,true,6,106,Intel,6.1.134-152.225.amzn2023.x86_64,6,1,134,amzn,2023,2023,ivybridge,24.0,2.0,O3,52304214.30927755,440476.5231064084,197266.35648217663,27.147
m6id.12xlarge.broadwell-Ofast.0.0,true,6,106,Intel,6.1.134-152.225.amzn2023.x86_64,6,1,134,amzn,2023,2023,broadwell,24.0,2.0,Ofast,117845023.65519252,655239.8346154419,278895.3554056502,27.3671
m6id.12xlarge.broadwell-Ofast.1.0,true,6,106,Intel,6.1.134-152.225.amzn2023.x86_64,6,1,134,amzn,2023,2023,broadwell,24.0,2.0,Ofast,117845023.65519252,655239.8346154419,278895.3554056502,28.0253
m6id.12xlarge.broadwell-Ofast.2.0,true,6,106,Intel,6.1.134-152.225.amzn2023.x86_64,6,1,134,amzn,2023,2023,broadwell,24.0,2.0,Ofast,117845023.65519252,655239.8346154419,278895.3554056502,28.0683
m6id.12xlarge.native-O2.0.0,true,6,106,Intel,6.1.134-152.225.amzn2023.x86_64,6,1,134,amzn,2023,2023,native,24.0,2.0,O2,45380310.791763075,525706.7304479154,253472.97241659713,20.4381
m6id.12xlarge.native-O2.1.0,true,6,106,Intel,6.1.134-152.225.amzn2023.x86_64,6,1,134,amzn,2023,2023,native,24.0,2.0,O2,45380310.791763075,525706.7304479154,253472.97241659713,25.7934
m6id.12xlarge.native-O2.2.0,true,6,106,Intel,6.1.134-152.225.amzn2023.x86_64,6,1,134,amzn,2023,2023,native,24.0,2.0,O2,45380310.791763075,525706.7304479154,253472.97241659713,24.9486
m6id.12xlarge.znver4-O2.0.0,true,6,106,Intel,6.1.134-152.225.amzn2023.x86_64,6,1,134,amzn,2023,2023,znver4,24.0,2.0,O2,72189302.93866803,30712.0,342544.0,22.7926
m6id.12xlarge.znver4-O2.1.0,true,6,106,Intel,6.1.134-152.225.amzn2023.x86_64,6,1,134,amzn,2023,2023,znver4,24.0,2.0,O2,72189302.93866803,30712.0,342544.0,26.9383
m6id.12xlarge.znver4-O2.2.0,true,6,106,Intel,6.1.134-152.225.amzn2023.x86_64,6,1,134,amzn,2023,2023,znver4,24.0,2.0,O2,72189302.93866803,30712.0,342544.0,26.1934
m6id.12xlarge.znver3-Os.0.0,true,6,106,Intel,6.1.134-152.225.amzn2023.x86_64,6,1,134,amzn,2023,2023,znver3,24.0,2.0,Os,75714076.08828263,419628.79620134167,124447.7134671349,25.0337
m6id.12xlarge.znver3-Os.1.0,true,6,106,Intel,6.1.134-152.225.amzn2023.x86_64,6,1,134,amzn,2023,2023,znver3,24.0,2.0,Os,75714076.08828263,419628.79620134167,124447.7134671349,25.2992
m6id.12xlarge.znver3-Os.2.0,true,6,106,Intel,6.1.134-152.225.amzn2023.x86_64,6,1,134,amzn,2023,2023,znver3,24.0,2.0,Os,75714076.08828263,419628.79620134167,124447.7134671349,25.3519
m6id.12xlarge.znver1-O1.0.0,true,6,106,Intel,6.1.134-152.225.amzn2023.x86_64,6,1,134,amzn,2023,2023,znver1,24.0,2.0,O1,249410716.5089968,340469.634917323,172797.89964356218,23.4029
m6id.12xlarge.znver1-O1.1.0,true,6,106,Intel,6.1.134-152.225.amzn2023.x86_64,6,1,134,amzn,2023,2023,znver1,24.0,2.0,O1,249410716.5089968,340469.634917323,172797.89964356218,21.8636
m6id.12xlarge.znver1-O1.2.0,true,6,106,Intel,6.1.134-152.225.amzn2023.x86_64,6,1,134,amzn,2023,2023,znver1,24.0,2.0,O1,249410716.5089968,340469.634917323,172797.89964356218,26.1854
m6id.12xlarge.sandybridge-Os.0.0,true,6,106,Intel,6.1.134-152.225.amzn2023.x86_64,6,1,134,amzn,2023,2023,sandybridge,24.0,2.0,Os,216815382.60518706,485399.76440897584,216430.6802724762,21.7023
m6id.12xlarge.sandybridge-Os.1.0,true,6,106,Intel,6.1.134-152.225.amzn2023.x86_64,6,1,134,amzn,2023,2023,sandybridge,24.0,2.0,Os,216815382.60518706,485399.76440897584,216430.6802724762,25.9537
m6id.12xlarge.sandybridge-Os.2.0,true,6,106,Intel,6.1.134-152.225.amzn2023.x86_64,6,1,134,amzn,2023,2023,sandybridge,24.0,2.0,Os,216815382.60518706,485399.76440897584,216430.6802724762,26.3342
m6id.12xlarge.btver2-Os.0.0,true,6,106,Intel,6.1.134-152.225.amzn2023.x86_64,6,1,134,amzn,2023,2023,btver2,24.0,2.0,Os,331889193.3419121,218446.0,7132.0,23.094
m6id.12xlarge.btver2-Os.1.0,true,6,106,Intel,6.1.134-152.225.amzn2023.x86_64,6,1,134,amzn,2023,2023,btver2,24.0,2.0,Os,331889193.3419121,218446.0,7132.0,23.1769
m6id.12xlarge.btver2-Os.2.0,true,6,106,Intel,6.1.134-152.225.amzn2023.x86_64,6,1,134,amzn,2023,2023,btver2,24.0,2.0,Os,331889193.3419121,218446.0,7132.0,26.0893
m6id.12xlarge.znver2-Os.0.0,true,6,106,Intel,6.1.134-152.225.amzn2023.x86_64,6,1,134,amzn,2023,2023,znver2,24.0,2.0,Os,110803095.07807471,371189.2004445629,171114.7185994517,24.6433
m6id.12xlarge.znver2-Os.1.0,true,6,106,Intel,6.1.134-152.225.amzn2023.x86_64,6,1,134,amzn,2023,2023,znver2,24.0,2.0,Os,110803095.07807471,371189.2004445629,171114.7185994517,25.633
m6id.12xlarge.znver2-Os.2.0,true,6,106,Intel,6.1.134-152.225.amzn2023.x86_64,6,1,134,amzn,2023,2023,znver2,24.0,2.0,Os,110803095.07807471,371189.2004445629,171114.7185994517,25.7651
m6id.12xlarge.znver3-Ofast.0.0,true,6,106,Intel,6.1.134-152.225.amzn2023.x86_64,6,1,134,amzn,2023,2023,znver3,24.0,2.0,Ofast,206174691.0534802,630054.0524056252,147928.56143308236,25.9354
m6id.12xlarge.znver3-Ofast.1.0,true,6,106,Intel,6.1.134-152.225.amzn2023.x86_64,6,1,134,amzn,2023,2023,znver3,24.0,2.0,Ofast,206174691.0534802,630054.0524056252,147928.56143308236,26.7672
m6id.12xlarge.znver3-Ofast.2.0,true,6,106,Intel,6.1.134-152.225.amzn2023.x86_64,6,1,134,amzn,2023,2023,znver3,24.0,2.0,Ofast,206174691.0534802,630054.0524056252,147928.56143308236,27.0799
m6id.12xlarge.broadwell-Os.0.0,true,6,106,Intel,6.1.134-152.225.amzn2023.x86_64,6,1,134,amzn,2023,2023,broadwell,24.0,2.0,Os,161412300.85759985,564981.4787124387,160922.9104564015,24.4783
m6id.12xlarge.broadwell-Os.1.0,true,6,106,Intel,6.1.134-152.225.amzn2023.x86_64,6,1,134,amzn,2023,2023,broadwell,24.0,2.0,Os,161412300.85759985,564981.4787124387,160922.9104564015,25.9053
m6id.12xlarge.broadwell-Os.2.0,true,6,106,Intel,6.1.134-152.225.amzn2023.x86_64,6,1,134,amzn,2023,2023,broadwell,24.0,2.0,Os,161412300.85759985,564981.4787124387,160922.9104564015,26.0484
m6id.12xlarge.znver3-O3.0.0,true,6,106,Intel,6.1.134-152.225.amzn2023.x86_64,6,1,134,amzn,2023,2023,znver3,24.0,2.0,O3,32332594.985643897,292648.0,5367.0,21.3435
m6id.12xlarge.znver3-O3.1.0,true,6,106,Intel,6.1.134-152.225.amzn2023.x86_64,6,1,134,amzn,2023,2023,znver3,24.0,2.0,O3,32332594.985643897,292648.0,5367.0,25.8314
m6id.12xlarge.znver3-O3.2.0,true,6,106,Intel,6.1.134-152.225.amzn2023.x86_64,6,1,134,amzn,2023,2023,znver3,24.0,2.0,O3,32332594.985643897,292648.0,5367.0,26.4333
m6id.12xlarge.haswell-O3.0.0,true,6,106,Intel,6.1.134-152.225.amzn2023.x86_64,6,1,134,amzn,2023,2023,haswell,24.0,2.0,O3,272354257.04958904,244336.0,7711.0,25.1756
m6id.12xlarge.haswell-O3.1.0,true,6,106,Intel,6.1.134-152.225.amzn2023.x86_64,6,1,134,amzn,2023,2023,haswell,24.0,2.0,O3,272354257.04958904,244336.0,7711.0,27.3831
m6id.12xlarge.haswell-O3.2.0,true,6,106,Intel,6.1.134-152.225.amzn2023.x86_64,6,1,134,amzn,2023,2023,haswell,24.0,2.0,O3,272354257.04958904,244336.0,7711.0,27.0945
m6id.12xlarge.znver3-O0.0.0,true,6,106,Intel,6.1.134-152.225.amzn2023.x86_64,6,1,134,amzn,2023,2023,znver3,24.0,2.0,O0,2807870910.702193,435963.23062884936,209088.40164171185,13.8148
m6id.12xlarge.znver3-O0.1.0,true,6,106,Intel,6.1.134-152.225.amzn2023.x86_64,6,1,134,amzn,2023,2023,znver3,24.0,2.0,O0,2807870910.702193,435963.23062884936,209088.40164171185,16.4676
m6id.12xlarge.znver3-O0.2.0,true,6,106,Intel,6.1.134-152.225.amzn2023.x86_64,6,1,134,amzn,2023,2023,znver3,24.0,2.0,O0,2807870910.702193,435963.23062884936,209088.40164171185,16.3027
m6id.12xlarge.sapphirerapids-O0.0.0,true,6,106,Intel,6.1.134-152.225.amzn2023.x86_64,6,1,134,amzn,2023,2023,sapphirerapids,24.0,2.0,O0,2589532718.2923465,47385.0,7843.0,16.5442
m6id.12xlarge.sapphirerapids-O0.1.0,true,6,106,Intel,6.1.134-152.225.amzn2023.x86_64,6,1,134,amzn,2023,2023,sapphirerapids,24.0,2.0,O0,2589532718.2923465,47385.0,7843.0,16.8235
m6id.12xlarge.sapphirerapids-O0.2.0,true,6,106,Intel,6.1.134-152.225.amzn2023.x86_64,6,1,134,amzn,2023,2023,sapphirerapids,24.0,2.0,O0,2589532718.2923465,47385.0,7843.0,17.231
m6id.12xlarge.haswell-Og.0.0,true,6,106,Intel,6.1.134-152.225.amzn2023.x86_64,6,1,134,amzn,2023,2023,haswell,24.0,2.0,Og,201024074.0737549,285306.0,3687.0,20.9526
m6id.12xlarge.haswell-Og.1.0,true,6,106,Intel,6.1.134-152.225.amzn2023.x86_64,6,1,134,amzn,2023,2023,haswell,24.0,2.0,Og,201024074.0737549,285306.0,3687.0,25.2083
m6id.12xlarge.haswell-Og.2.0,true,6,106,Intel,6.1.134-152.225.amzn2023.x86_64,6,1,134,amzn,2023,2023,haswell,24.0,2.0,Og,201024074.0737549,285306.0,3687.0,25.943
m6id.12xlarge.znver1-Og.0.0,true,6,106,Intel,6.1.134-152.225.amzn2023.x86_64,6,1,134,amzn,2023,2023,znver1,24.0,2.0,Og,22559870.71707057,337505.0420889096,139416.43252067475,24.2993
m6id.12xlarge.znver1-Og.1.0,true,6,106,Intel,6.1.134-152.225.amzn2023.x86_64,6,1,134,amzn,2023,2023,znver1,24.0,2.0,Og,22559870.71707057,337505.0420889096,139416.43252067475,21.0442
m6id.12xlarge.znver1-Og.2.0,true,6,106,Intel,6.1.134-152.225.amzn2023.x86_64,6,1,134,amzn,2023,2023,znver1,24.0,2.0,Og,22559870.71707057,337505.0420889096,139416.43252067475,26.2016
m6id.12xlarge.ivybridge-Ofast.0.0,true,6,106,Intel,6.1.134-152.225.amzn2023.x86_64,6,1,134,amzn,2023,2023,ivybridge,24.0,2.0,Ofast,177772086.937991,416702.48129250185,187981.1945763824,25.482
m6id.12xlarge.ivybridge-Ofast.1.0,true,6,106,Intel,6.1.134-152.225.amzn2023.x86_64,6,1,134,amzn,2023,2023,ivybridge,24.0,2.0,Ofast,177772086.937991,416702.48129250185,187981.1945763824,25.7882
m6id.12xlarge.ivybridge-Ofast.2.0,true,6,106,Intel,6.1.134-152.225.amzn2023.x86_64,6,1,134,amzn,2023,2023,ivybridge,24.0,2.0,Ofast,177772086.937991,416702.48129250185,187981.1945763824,26.3938
m6id.12xlarge.znver1-Ofast.0.0,true,6,106,Intel,6.1.134-152.225.amzn2023.x86_64,6,1,134,amzn,2023,2023,znver1,24.0,2.0,Ofast,62708838.744296975,347787.1673513581,176523.79133633777,20.3573
m6id.12xlarge.znver1-Ofast.1.0,true,6,106,Intel,6.1.134-152.225.amzn2023.x86_64,6,1,134,amzn,2023,2023,znver1,24.0,2.0,Ofast,62708838.744296975,347787.1673513581,176523.79133633777,26.8915
m6id.12xlarge.znver1-Ofast.2.0,true,6,106,Intel,6.1.134-152.225.amzn2023.x86_64,6,1,134,amzn,2023,2023,znver1,24.0,2.0,Ofast,62708838.744296975,347787.1673513581,176523.79133633777,26.8493
m6id.12xlarge.btver2-Ofast.0.0,true,6,106,Intel,6.1.134-152.225.amzn2023.x86_64,6,1,134,amzn,2023,2023,btver2,24.0,2.0,Ofast,145382080.9307139,404464.870554627,200661.05779464904,26.3522
m6id.12xlarge.btver2-Ofast.1.0,true,6,106,Intel,6.1.134-152.225.amzn2023.x86_64,6,1,134,amzn,2023,2023,btver2,24.0,2.0,Ofast,145382080.9307139,404464.870554627,200661.05779464904,26.9619
m6id.12xlarge.btver2-Ofast.2.0,true,6,106,Intel,6.1.134-152.225.amzn2023.x86_64,6,1,134,amzn,2023,2023,btver2,24.0,2.0,Ofast,145382080.9307139,404464.870554627,200661.05779464904,27.4519
m6id.12xlarge.native-Ofast.0.0,true,6,106,Intel,6.1.134-152.225.amzn2023.x86_64,6,1,134,amzn,2023,2023,native,24.0,2.0,Ofast,199552196.58127487,323896.8245439101,167298.02086242207,26.4265
m6id.12xlarge.native-Ofast.1.0,true,6,106,Intel,6.1.134-152.225.amzn2023.x86_64,6,1,134,amzn,2023,2023,native,24.0,2.0,Ofast,199552196.58127487,323896.8245439101,167298.02086242207,26.9462
m6id.12xlarge.native-Ofast.2.0,true,6,106,Intel,6.1.134-152.225.amzn2023.x86_64,6,1,134,amzn,2023,2023,native,24.0,2.0,Ofast,199552196.58127487,323896.8245439101,167298.02086242207,28.3945
m6id.12xlarge.znver4-Ofast.0.0,true,6,106,Intel,6.1.134-152.225.amzn2023.x86_64,6,1,134,amzn,2023,2023,znver4,24.0,2.0,Ofast,109658109.96260582,307364.1071924603,61158.05510562538,22.5006
m6id.12xlarge.znver4-Ofast.1.0,true,6,106,Intel,6.1.134-152.225.amzn2023.x86_64,6,1,134,amzn,2023,2023,znver4,24.0,2.0,Ofast,109658109.96260582,307364.1071924603,61158.05510562538,26.8507
m6id.12xlarge.znver4-Ofast.2.0,true,6,106,Intel,6.1.134-152.225.amzn2023.x86_64,6,1,134,amzn,2023,2023,znver4,24.0,2.0,Ofast,109658109.96260582,307364.1071924603,61158.05510562538,26.4513
m6id.12xlarge.skylake-Ofast.0.0,true,6,106,Intel,6.1.134-152.225.amzn2023.x86_64,6,1,134,amzn,2023,2023,skylake,24.0,2.0,Ofast,193072119.64031014,356080.0,5922.0,26.5158
m6id.12xlarge.skylake-Ofast.1.0,true,6,106,Intel,6.1.134-152.225.amzn2023.x86_64,6,1,134,amzn,2023,2023,skylake,24.0,2.0,Ofast,193072119.64031014,356080.0,5922.0,27.2943
m6id.12xlarge.skylake-Ofast.2.0,true,6,106,Intel,6.1.134-152.225.amzn2023.x86_64,6,1,134,amzn,2023,2023,skylake,24.0,2.0,Ofast,193072119.64031014,356080.0,5922.0,26.7222
m6id.12xlarge.x86-64-v3-O2.0.0,true,6,106,Intel,6.1.134-152.225.amzn2023.x86_64,6,1,134,amzn,2023,2023,x86-64-v3,24.0,2.0,O2,140586607.99361828,503550.29446612933,231419.55321613926,24.8333
m6id.12xlarge.x86-64-v3-O2.1.0,true,6,106,Intel,6.1.134-152.225.amzn2023.x86_64,6,1,134,amzn,2023,2023,x86-64-v3,24.0,2.0,O2,140586607.99361828,503550.29446612933,231419.55321613926,26.0116
m6id.12xlarge.x86-64-v3-O2.2.0,true,6,106,Intel,6.1.134-152.225.amzn2023.x86_64,6,1,134,amzn,2023,2023,x86-64-v3,24.0,2.0,O2,140586607.99361828,503550.29446612933,231419.55321613926,26.5133
m6id.12xlarge.x86-64-v3-Ofast.0.0,true,6,106,Intel,6.1.134-152.225.amzn2023.x86_64,6,1,134,amzn,2023,2023,x86-64-v3,24.0,2.0,Ofast,196602780.4742348,487733.85073081614,213972.68691409408,25.1519
m6id.12xlarge.x86-64-v3-Ofast.1.0,true,6,106,Intel,6.1.134-152.225.amzn2023.x86_64,6,1,134,amzn,2023,2023,x86-64-v3,24.0,2.0,Ofast,196602780.4742348,487733.85073081614,213972.68691409408,25.9257
m6id.12xlarge.x86-64-v3-Ofast.2.0,true,6,106,Intel,6.1.134-152.225.amzn2023.x86_64,6,1,134,amzn,2023,2023,x86-64-v3,24.0,2.0,Ofast,196602780.4742348,487733.85073081614,213972.68691409408,26.496
m6id.12xlarge.znver4-O0.0.0,true,6,106,Intel,6.1.134-152.225.amzn2023.x86_64,6,1,134,amzn,2023,2023,znver4,24.0,2.0,O0,2931439763.331058,460427.82484744594,219542.15365565772,14.9522
m6id.12xlarge.znver4-O0.1.0,true,6,106,Intel,6.1.134-152.225.amzn2023.x86_64,6,1,134,amzn,2023,2023,znver4,24.0,2.0,O0,2931439763.331058,460427.82484744594,219542.15365565772,16.8874
m6id.12xlarge.znver4-O0.2.0,true,6,106,Intel,6.1.134-152.225.amzn2023.x86_64,6,1,134,amzn,2023,2023,znver4,24.0,2.0,O0,2931439763.331058,460427.82484744594,219542.15365565772,16.8752
m6id.12xlarge.znver4-Os.0.0,true,6,106,Intel,6.1.134-152.225.amzn2023.x86_64,6,1,134,amzn,2023,2023,znver4,24.0,2.0,Os,172723304.92159742,526290.7940865675,228140.12351579624,25.2388
m6id.12xlarge.znver4-Os.1.0,true,6,106,Intel,6.1.134-152.225.amzn2023.x86_64,6,1,134,amzn,2023,2023,znver4,24.0,2.0,Os,172723304.92159742,526290.7940865675,228140.12351579624,26.7893
m6id.12xlarge.znver4-Os.2.0,true,6,106,Intel,6.1.134-152.225.amzn2023.x86_64,6,1,134,amzn,2023,2023,znver4,24.0,2.0,Os,172723304.92159742,526290.7940865675,228140.12351579624,26.1415
m6id.12xlarge.skylake-O2.0.0,true,6,106,Intel,6.1.134-152.225.amzn2023.x86_64,6,1,134,amzn,2023,2023,skylake,24.0,2.0,O2,376464074.76863444,490483.33656493586,220213.70694458272,23.9516
m6id.12xlarge.skylake-O2.1.0,true,6,106,Intel,6.1.134-152.225.amzn2023.x86_64,6,1,134,amzn,2023,2023,skylake,24.0,2.0,O2,376464074.76863444,490483.33656493586,220213.70694458272,23.9373
m6id.12xlarge.skylake-O2.2.0,true,6,106,Intel,6.1.134-152.225.amzn2023.x86_64,6,1,134,amzn,2023,2023,skylake,24.0,2.0,O2,376464074.76863444,490483.33656493586,220213.70694458272,26.8323
m6id.12xlarge.native-O0.0.0,true,6,106,Intel,6.1.134-152.225.amzn2023.x86_64,6,1,134,amzn,2023,2023,native,24.0,2.0,O0,2951561321.839337,507298.7395017031,252039.8126981922,14.0224
m6id.12xlarge.native-O0.1.0,true,6,106,Intel,6.1.134-152.225.amzn2023.x86_64,6,1,134,amzn,2023,2023,native,24.0,2.0,O0,2951561321.839337,507298.7395017031,252039.8126981922,17.0126
m6id.12xlarge.native-O0.2.0,true,6,106,Intel,6.1.134-152.225.amzn2023.x86_64,6,1,134,amzn,2023,2023,native,24.0,2.0,O0,2951561321.839337,507298.7395017031,252039.8126981922,17.0013
m6id.12xlarge.x86-64-v4-Og.0.0,true,6,106,Intel,6.1.134-152.225.amzn2023.x86_64,6,1,134,amzn,2023,2023,x86-64-v4,24.0,2.0,Og,28118760.67175257,448276.86014444917,224196.5510843353,24.7604
m6id.12xlarge.x86-64-v4-Og.1.0,true,6,106,Intel,6.1.134-152.225.amzn2023.x86_64,6,1,134,amzn,2023,2023,x86-64-v4,24.0,2.0,Og,28118760.67175257,448276.86014444917,224196.5510843353,25.4229
m6id.12xlarge.x86-64-v4-Og.2.0,true,6,106,Intel,6.1.134-152.225.amzn2023.x86_64,6,1,134,amzn,2023,2023,x86-64-v4,24.0,2.0,Og,28118760.67175257,448276.86014444917,224196.5510843353,26.7073
m6id.12xlarge.sandybridge-O3.0.0,true,6,106,Intel,6.1.134-152.225.amzn2023.x86_64,6,1,134,amzn,2023,2023,sandybridge,24.0,2.0,O3,30148844.286358353,448575.0,5858.0,25.1347
m6id.12xlarge.sandybridge-O3.1.0,true,6,106,Intel,6.1.134-152.225.amzn2023.x86_64,6,1,134,amzn,2023,2023,sandybridge,24.0,2.0,O3,30148844.286358353,448575.0,5858.0,26.0641
m6id.12xlarge.sandybridge-O3.2.0,true,6,106,Intel,6.1.134-152.225.amzn2023.x86_64,6,1,134,amzn,2023,2023,sandybridge,24.0,2.0,O3,30148844.286358353,448575.0,5858.0,26.2317
m6id.12xlarge.skylake-Os.0.0,true,6,106,Intel,6.1.134-152.225.amzn2023.x86_64,6,1,134,amzn,2023,2023,skylake,24.0,2.0,Os,105694136.52812506,393856.4922488978,171872.53996421729,23.0724
m6id.12xlarge.skylake-Os.1.0,true,6,106,Intel,6.1.134-152.225.amzn2023.x86_64,6,1,134,amzn,2023,2023,skylake,24.0,2.0,Os,105694136.52812506,393856.4922488978,171872.53996421729,27.4498
m6id.12xlarge.skylake-Os.2.0,true,6,106,Intel,6.1.134-152.225.amzn2023.x86_64,6,1,134,amzn,2023,2023,skylake,24.0,2.0,Os,105694136.52812506,393856.4922488978,171872.53996421729,27.4953
m6id.12xlarge.znver4-O3.0.0,true,6,106,Intel,6.1.134-152.225.amzn2023.x86_64,6,1,134,amzn,2023,2023,znver4,24.0,2.0,O3,299948232.7139549,462614.7504981419,225432.9995046867,25.0994
m6id.12xlarge.znver4-O3.1.0,true,6,106,Intel,6.1.134-152.225.amzn2023.x86_64,6,1,134,amzn,2023,2023,znver4,24.0,2.0,O3,299948232.7139549,462614.7504981419,225432.9995046867,25.7239
m6id.12xlarge.znver4-O3.2.0,true,6,106,Intel,6.1.134-152.225.amzn2023.x86_64,6,1,134,amzn,2023,2023,znver4,24.0,2.0,O3,299948232.7139549,462614.7504981419,225432.9995046867,26.3465
m6id.12xlarge.btver2-O3.0.0,true,6,106,Intel,6.1.134-152.225.amzn2023.x86_64,6,1,134,amzn,2023,2023,btver2,24.0,2.0,O3,28597312.34496866,393940.8956061563,194199.0364703545,21.3703
m6id.12xlarge.btver2-O3.1.0,true,6,106,Intel,6.1.134-152.225.amzn2023.x86_64,6,1,134,amzn,2023,2023,btver2,24.0,2.0,O3,28597312.34496866,393940.8956061563,194199.0364703545,27.1278
m6id.12xlarge.btver2-O3.2.0,true,6,106,Intel,6.1.134-152.225.amzn2023.x86_64,6,1,134,amzn,2023,2023,btver2,24.0,2.0,O3,28597312.34496866,393940.8956061563,194199.0364703545,24.7745
m6id.12xlarge.znver2-Ofast.0.0,true,6,106,Intel,6.1.134-152.225.amzn2023.x86_64,6,1,134,amzn,2023,2023,znver2,24.0,2.0,Ofast,28245990.99361451,686402.803037397,192602.72342200167,24.2978
m6id.12xlarge.znver2-Ofast.1.0,true,6,106,Intel,6.1.134-152.225.amzn2023.x86_64,6,1,134,amzn,2023,2023,znver2,24.0,2.0,Ofast,28245990.99361451,686402.803037397,192602.72342200167,25.7204
m6id.12xlarge.znver2-Ofast.2.0,true,6,106,Intel,6.1.134-152.225.amzn2023.x86_64,6,1,134,amzn,2023,2023,znver2,24.0,2.0,Ofast,28245990.99361451,686402.803037397,192602.72342200167,26.5646
m6id.12xlarge.skylake-avx512-O2.0.0,true,6,106,Intel,6.1.134-152.225.amzn2023.x86_64,6,1,134,amzn,2023,2023,skylake-avx512,24.0,2.0,O2,379403649.13843596,389130.8295363719,152093.6242727582,23.1614
m6id.12xlarge.skylake-avx512-O2.1.0,true,6,106,Intel,6.1.134-152.225.amzn2023.x86_64,6,1,134,amzn,2023,2023,skylake-avx512,24.0,2.0,O2,379403649.13843596,389130.8295363719,152093.6242727582,26.7523
m6id.12xlarge.skylake-avx512-O2.2.0,true,6,106,Intel,6.1.134-152.225.amzn2023.x86_64,6,1,134,amzn,2023,2023,skylake-avx512,24.0,2.0,O2,379403649.13843596,389130.8295363719,152093.6242727582,26.5878
m6id.12xlarge.x86-64-v4-O0.0.0,true,6,106,Intel,6.1.134-152.225.amzn2023.x86_64,6,1,134,amzn,2023,2023,x86-64-v4,24.0,2.0,O0,1862643807.0964868,239680.0,6325.0,16.1517
m6id.12xlarge.x86-64-v4-O0.1.0,true,6,106,Intel,6.1.134-152.225.amzn2023.x86_64,6,1,134,amzn,2023,2023,x86-64-v4,24.0,2.0,O0,1862643807.0964868,239680.0,6325.0,16.2873
m6id.12xlarge.x86-64-v4-O0.2.0,true,6,106,Intel,6.1.134-152.225.amzn2023.x86_64,6,1,134,amzn,2023,2023,x86-64-v4,24.0,2.0,O0,1862643807.0964868,239680.0,6325.0,16.808
m6id.12xlarge.sapphirerapids-Os.0.0,true,6,106,Intel,6.1.134-152.225.amzn2023.x86_64,6,1,134,amzn,2023,2023,sapphirerapids,24.0,2.0,Os,396986216.17585844,392735.97469844774,184008.26323068803,23.8788
m6id.12xlarge.sapphirerapids-Os.1.0,true,6,106,Intel,6.1.134-152.225.amzn2023.x86_64,6,1,134,amzn,2023,2023,sapphirerapids,24.0,2.0,Os,396986216.17585844,392735.97469844774,184008.26323068803,22.0737
m6id.12xlarge.sapphirerapids-Os.2.0,true,6,106,Intel,6.1.134-152.225.amzn2023.x86_64,6,1,134,amzn,2023,2023,sapphirerapids,24.0,2.0,Os,396986216.17585844,392735.97469844774,184008.26323068803,26.6963
m6id.12xlarge.x86-64-v3-O0.0.0,true,6,106,Intel,6.1.134-152.225.amzn2023.x86_64,6,1,134,amzn,2023,2023,x86-64-v3,24.0,2.0,O0,2788510254.907546,459849.4159018913,214413.8979578597,16.4514
m6id.12xlarge.x86-64-v3-O0.1.0,true,6,106,Intel,6.1.134-152.225.amzn2023.x86_64,6,1,134,amzn,2023,2023,x86-64-v3,24.0,2.0,O0,2788510254.907546,459849.4159018913,214413.8979578597,17.1796
m6id.12xlarge.x86-64-v3-O0.2.0,true,6,106,Intel,6.1.134-152.225.amzn2023.x86_64,6,1,134,amzn,2023,2023,x86-64-v3,24.0,2.0,O0,2788510254.907546,459849.4159018913,214413.8979578597,17.2165
m6id.12xlarge.x86-64-v2-Ofast.0.0,true,6,106,Intel,6.1.134-152.225.amzn2023.x86_64,6,1,134,amzn,2023,2023,x86-64-v2,24.0,2.0,Ofast,87101631.44605054,569970.2769114916,242638.19368463347,25.9191
m6id.12xlarge.x86-64-v2-Ofast.1.0,true,6,106,Intel,6.1.134-152.225.amzn2023.x86_64,6,1,134,amzn,2023,2023,x86-64-v2,24.0,2.0,Ofast,87101631.44605054,569970.2769114916,242638.19368463347,26.2166
m6id.12xlarge.x86-64-v2-Ofast.2.0,true,6,106,Intel,6.1.134-152.225.amzn2023.x86_64,6,1,134,amzn,2023,2023,x86-64-v2,24.0,2.0,Ofast,87101631.44605054,569970.2769114916,242638.19368463347,27.2861
m6id.12xlarge.icelake-server-Ofast.0.0,true,6,106,Intel,6.1.134-152.225.amzn2023.x86_64,6,1,134,amzn,2023,2023,icelake-server,24.0,2.0,Ofast,66965549.23435266,471753.002653475,198190.43978712076,24.4104
m6id.12xlarge.icelake-server-Ofast.1.0,true,6,106,Intel,6.1.134-152.225.amzn2023.x86_64,6,1,134,amzn,2023,2023,icelake-server,24.0,2.0,Ofast,66965549.23435266,471753.002653475,198190.43978712076,23.1951
m6id.12xlarge.icelake-server-Ofast.2.0,true,6,106,Intel,6.1.134-152.225.amzn2023.x86_64,6,1,134,amzn,2023,2023,icelake-server,24.0,2.0,Ofast,66965549.23435266,471753.002653475,198190.43978712076,25.5529
m6id.12xlarge.znver2-O1.0.0,true,6,106,Intel,6.1.134-152.225.amzn2023.x86_64,6,1,134,amzn,2023,2023,znver2,24.0,2.0,O1,57492586.01190441,682891.2554474275,204604.60266591783,26.0544
m6id.12xlarge.znver2-O1.1.0,true,6,106,Intel,6.1.134-152.225.amzn2023.x86_64,6,1,134,amzn,2023,2023,znver2,24.0,2.0,O1,57492586.01190441,682891.2554474275,204604.60266591783,26.4371
m6id.12xlarge.znver2-O1.2.0,true,6,106,Intel,6.1.134-152.225.amzn2023.x86_64,6,1,134,amzn,2023,2023,znver2,24.0,2.0,O1,57492586.01190441,682891.2554474275,204604.60266591783,27.2232
m6id.12xlarge.broadwell-Og.0.0,true,6,106,Intel,6.1.134-152.225.amzn2023.x86_64,6,1,134,amzn,2023,2023,broadwell,24.0,2.0,Og,48505037.19845194,510308.73645324516,146087.9084200198,24.4776
m6id.12xlarge.broadwell-Og.1.0,true,6,106,Intel,6.1.134-152.225.amzn2023.x86_64,6,1,134,amzn,2023,2023,broadwell,24.0,2.0,Og,48505037.19845194,510308.73645324516,146087.9084200198,26.7958
m6id.12xlarge.broadwell-Og.2.0,true,6,106,Intel,6.1.134-152.225.amzn2023.x86_64,6,1,134,amzn,2023,2023,broadwell,24.0,2.0,Og,48505037.19845194,510308.73645324516,146087.9084200198,26.9896
m6id.12xlarge.icelake-server-O0.0.0,true,6,106,Intel,6.1.134-152.225.amzn2023.x86_64,6,1,134,amzn,2023,2023,icelake-server,24.0,2.0,O0,2142838214.9161718,392819.17089407524,183406.58898052314,15.8222
m6id.12xlarge.icelake-server-O0.1.0,true,6,106,Intel,6.1.134-152.225.amzn2023.x86_64,6,1,134,amzn,2023,2023,icelake-server,24.0,2.0,O0,2142838214.9161718,392819.17089407524,183406.58898052314,16.9669
m6id.12xlarge.icelake-server-O0.2.0,true,6,106,Intel,6.1.134-152.225.amzn2023.x86_64,6,1,134,amzn,2023,2023,icelake-server,24.0,2.0,O0,2142838214.9161718,392819.17089407524,183406.58898052314,16.5887
m6id.12xlarge.x86-64-v3-O1.0.0,true,6,106,Intel,6.1.134-152.225.amzn2023.x86_64,6,1,134,amzn,2023,2023,x86-64-v3,24.0,2.0,O1,43715730.421132505,324124.8172521066,105842.52783206571,21.314
m6id.12xlarge.x86-64-v3-O1.1.0,true,6,106,Intel,6.1.134-152.225.amzn2023.x86_64,6,1,134,amzn,2023,2023,x86-64-v3,24.0,2.0,O1,43715730.421132505,324124.8172521066,105842.52783206571,25.6001
m6id.12xlarge.x86-64-v3-O1.2.0,true,6,106,Intel,6.1.134-152.225.amzn2023.x86_64,6,1,134,amzn,2023,2023,x86-64-v3,24.0,2.0,O1,43715730.421132505,324124.8172521066,105842.52783206571,25.4833
m6id.12xlarge.x86-64-v4-O1.0.0,true,6,106,Intel,6.1.134-152.225.amzn2023.x86_64,6,1,134,amzn,2023,2023,x86-64-v4,24.0,2.0,O1,87132937.5626418,532234.90500737,178264.85252117363,24.503
m6id.12xlarge.x86-64-v4-O1.1.0,true,6,106,Intel,6.1.134-152.225.amzn2023.x86_64,6,1,134,amzn,2023,2023,x86-64-v4,24.0,2.0,O1,87132937.5626418,532234.90500737,178264.85252117363,25.3689
m6id.12xlarge.x86-64-v4-O1.2.0,true,6,106,Intel,6.1.134-152.225.amzn2023.x86_64,6,1,134,amzn,2023,2023,x86-64-v4,24.0,2.0,O1,87132937.5626418,532234.90500737,178264.85252117363,25.7288
m6id.12xlarge.skylake-O0.0.0,true,6,106,Intel,6.1.134-152.225.amzn2023.x86_64,6,1,134,amzn,2023,2023,skylake,24.0,2.0,O0,1571157827.678732,310983.05642433127,135482.6617020372,14.7422
m6id.12xlarge.skylake-O0.1.0,true,6,106,Intel,6.1.134-152.225.amzn2023.x86_64,6,1,134,amzn,2023,2023,skylake,24.0,2.0,O0,1571157827.678732,310983.05642433127,135482.6617020372,16.5972
m6id.12xlarge.skylake-O0.2.0,true,6,106,Intel,6.1.134-152.225.amzn2023.x86_64,6,1,134,amzn,2023,2023,skylake,24.0,2.0,O0,1571157827.678732,310983.05642433127,135482.6617020372,16.6177
m6id.12xlarge.bdver4-O1.0.0,true,6,106,Intel,6.1.134-152.225.amzn2023.x86_64,6,1,134,amzn,2023,2023,bdver4,24.0,2.0,O1,95952355.33760251,80020.0,12936.0,22.5067
m6id.12xlarge.bdver4-O1.1.0,true,6,106,Intel,6.1.134-152.225.amzn2023.x86_64,6,1,134,amzn,2023,2023,bdver4,24.0,2.0,O1,95952355.33760251,80020.0,12936.0,26.2962
m6id.12xlarge.bdver4-O1.2.0,true,6,106,Intel,6.1.134-152.225.amzn2023.x86_64,6,1,134,amzn,2023,2023,bdver4,24.0,2.0,O1,95952355.33760251,80020.0,12936.0,26.2269
m6id.12xlarge.x86-64-v2-O3.0.0,true,6,106,Intel,6.1.134-152.225.amzn2023.x86_64,6,1,134,amzn,2023,2023,x86-64-v2,24.0,2.0,O3,124026488.92515086,673914.3237053774,249650.38651201193,23.3809
m6id.12xlarge.x86-64-v2-O3.1.0,true,6,106,Intel,6.1.134-152.225.amzn2023.x86_64,6,1,134,amzn,2023,2023,x86-64-v2,24.0,2.0,O3,124026488.92515086,673914.3237053774,249650.38651201193,26.1918
m6id.12xlarge.x86-64-v2-O3.2.0,true,6,106,Intel,6.1.134-152.225.amzn2023.x86_64,6,1,134,amzn,2023,2023,x86-64-v2,24.0,2.0,O3,124026488.92515086,673914.3237053774,249650.38651201193,26.1589
m6id.12xlarge.skylake-avx512-O0.0.0,true,6,106,Intel,6.1.134-152.225.amzn2023.x86_64,6,1,134,amzn,2023,2023,skylake-avx512,24.0,2.0,O0,2877442783.029533,544138.1828735177,214871.42984649335,16.0588
m6id.12xlarge.skylake-avx512-O0.1.0,true,6,106,Intel,6.1.134-152.225.amzn2023.x86_64,6,1,134,amzn,2023,2023,skylake-avx512,24.0,2.0,O0,2877442783.029533,544138.1828735177,214871.42984649335,14.7398
m6id.12xlarge.skylake-avx512-O0.2.0,true,6,106,Intel,6.1.134-152.225.amzn2023.x86_64,6,1,134,amzn,2023,2023,skylake-avx512,24.0,2.0,O0,2877442783.029533,544138.1828735177,214871.42984649335,16.4966
m6id.12xlarge.broadwell-O2.0.0,true,6,106,Intel,6.1.134-152.225.amzn2023.x86_64,6,1,134,amzn,2023,2023,broadwell,24.0,2.0,O2,176899629.37468234,523331.01939737133,254152.86175693027,26.3511
m6id.12xlarge.broadwell-O2.1.0,true,6,106,Intel,6.1.134-152.225.amzn2023.x86_64,6,1,134,amzn,2023,2023,broadwell,24.0,2.0,O2,176899629.37468234,523331.01939737133,254152.86175693027,26.0497
m6id.12xlarge.broadwell-O2.2.0,true,6,106,Intel,6.1.134-152.225.amzn2023.x86_64,6,1,134,amzn,2023,2023,broadwell,24.0,2.0,O2,176899629.37468234,523331.01939737133,254152.86175693027,26.7704
m6id.12xlarge.znver3-Og.0.0,true,6,106,Intel,6.1.134-152.225.amzn2023.x86_64,6,1,134,amzn,2023,2023,znver3,24.0,2.0,Og,23347340.60490669,496969.1536949988,249969.6669512919,20.7988
m6id.12xlarge.znver3-Og.1.0,true,6,106,Intel,6.1.134-152.225.amzn2023.x86_64,6,1,134,amzn,2023,2023,znver3,24.0,2.0,Og,23347340.60490669,496969.1536949988,249969.6669512919,25.4562
m6id.12xlarge.znver3-Og.2.0,true,6,106,Intel,6.1.134-152.225.amzn2023.x86_64,6,1,134,amzn,2023,2023,znver3,24.0,2.0,Og,23347340.60490669,496969.1536949988,249969.6669512919,25.6456
m6id.12xlarge.sandybridge-O0.0.0,true,6,106,Intel,6.1.134-152.225.amzn2023.x86_64,6,1,134,amzn,2023,2023,sandybridge,24.0,2.0,O0,2761426750.9753137,439892.8704252818,212084.78236269174,15.1384
m6id.12xlarge.sandybridge-O0.1.0,true,6,106,Intel,6.1.134-152.225.amzn2023.x86_64,6,1,134,amzn,2023,2023,sandybridge,24.0,2.0,O0,2761426750.9753137,439892.8704252818,212084.78236269174,15.51
m6id.12xlarge.sandybridge-O0.2.0,true,6,106,Intel,6.1.134-152.225.amzn2023.x86_64,6,1,134,amzn,2023,2023,sandybridge,24.0,2.0,O0,2761426750.9753137,439892.8704252818,212084.78236269174,16.9331
m6id.12xlarge.skylake-O3.0.0,true,6,106,Intel,6.1.134-152.225.amzn2023.x86_64,6,1,134,amzn,2023,2023,skylake,24.0,2.0,O3,77005993.51611379,431537.9367441054,206789.7477078624,25.3804
m6id.12xlarge.skylake-O3.1.0,true,6,106,Intel,6.1.134-152.225.amzn2023.x86_64,6,1,134,amzn,2023,2023,skylake,24.0,2.0,O3,77005993.51611379,431537.9367441054,206789.7477078624,27.6619
m6id.12xlarge.skylake-O3.2.0,true,6,106,Intel,6.1.134-152.225.amzn2023.x86_64,6,1,134,amzn,2023,2023,skylake,24.0,2.0,O3,77005993.51611379,431537.9367441054,206789.7477078624,27.2598
m6id.12xlarge.x86-64-v4-O2.0.0,true,6,106,Intel,6.1.134-152.225.amzn2023.x86_64,6,1,134,amzn,2023,2023,x86-64-v4,24.0,2.0,O2,74386163.18524167,303536.46013132116,152388.2640252938,23.0961
m6id.12xlarge.x86-64-v4-O2.1.0,true,6,106,Intel,6.1.134-152.225.amzn2023.x86_64,6,1,134,amzn,2023,2023,x86-64-v4,24.0,2.0,O2,74386163.18524167,303536.46013132116,152388.2640252938,22.3082
m6id.12xlarge.x86-64-v4-O2.2.0,true,6,106,Intel,6.1.134-152.225.amzn2023.x86_64,6,1,134,amzn,2023,2023,x86-64-v4,24.0,2.0,O2,74386163.18524167,303536.46013132116,152388.2640252938,24.7086
m6id.12xlarge.sapphirerapids-O2.0.0,true,6,106,Intel,6.1.134-152.225.amzn2023.x86_64,6,1,134,amzn,2023,2023,sapphirerapids,24.0,2.0,O2,60568845.54508188,455560.7607953402,200562.81398911838,26.2592
m6id.12xlarge.sapphirerapids-O2.1.0,true,6,106,Intel,6.1.134-152.225.amzn2023.x86_64,6,1,134,amzn,2023,2023,sapphirerapids,24.0,2.0,O2,60568845.54508188,455560.7607953402,200562.81398911838,27.3132
m6id.12xlarge.sapphirerapids-O2.2.0,true,6,106,Intel,6.1.134-152.225.amzn2023.x86_64,6,1,134,amzn,2023,2023,sapphirerapids,24.0,2.0,O2,60568845.54508188,455560.7607953402,200562.81398911838,27.7109
m6id.12xlarge.ivybridge-O2.0.0,true,6,106,Intel,6.1.134-152.225.amzn2023.x86_64,6,1,134,amzn,2023,2023,ivybridge,24.0,2.0,O2,52831882.53207369,529008.1665466257,230749.73904059283,21.6466
m6id.12xlarge.ivybridge-O2.1.0,true,6,106,Intel,6.1.134-152.225.amzn2023.x86_64,6,1,134,amzn,2023,2023,ivybridge,24.0,2.0,O2,52831882.53207369,529008.1665466257,230749.73904059283,25.9786
m6id.12xlarge.ivybridge-O2.2.0,true,6,106,Intel,6.1.134-152.225.amzn2023.x86_64,6,1,134,amzn,2023,2023,ivybridge,24.0,2.0,O2,52831882.53207369,529008.1665466257,230749.73904059283,25.9723
m6id.12xlarge.znver4-O1.0.0,true,6,106,Intel,6.1.134-152.225.amzn2023.x86_64,6,1,134,amzn,2023,2023,znver4,24.0,2.0,O1,87863845.8284907,189120.0,3429.0,22.1568
m6id.12xlarge.znver4-O1.1.0,true,6,106,Intel,6.1.134-152.225.amzn2023.x86_64,6,1,134,amzn,2023,2023,znver4,24.0,2.0,O1,87863845.8284907,189120.0,3429.0,28.2025
m6id.12xlarge.znver4-O1.2.0,true,6,106,Intel,6.1.134-152.225.amzn2023.x86_64,6,1,134,amzn,2023,2023,znver4,24.0,2.0,O1,87863845.8284907,189120.0,3429.0,26.8133
m6id.12xlarge.sapphirerapids-Og.0.0,true,6,106,Intel,6.1.134-152.225.amzn2023.x86_64,6,1,134,amzn,2023,2023,sapphirerapids,24.0,2.0,Og,34036928.20092234,526782.6181820373,216303.77754717934,21.0199
m6id.12xlarge.sapphirerapids-Og.1.0,true,6,106,Intel,6.1.134-152.225.amzn2023.x86_64,6,1,134,amzn,2023,2023,sapphirerapids,24.0,2.0,Og,34036928.20092234,526782.6181820373,216303.77754717934,25.6748
m6id.12xlarge.sapphirerapids-Og.2.0,true,6,106,Intel,6.1.134-152.225.amzn2023.x86_64,6,1,134,amzn,2023,2023,sapphirerapids,24.0,2.0,Og,34036928.20092234,526782.6181820373,216303.77754717934,25.0254
m6id.12xlarge.ivybridge-O0.0.0,true,6,106,Intel,6.1.134-152.225.amzn2023.x86_64,6,1,134,amzn,2023,2023,ivybridge,24.0,2.0,O0,2771190418.8217645,395656.61700710654,195605.0638017868,15.706
m6id.12xlarge.ivybridge-O0.1.0,true,6,106,Intel,6.1.134-152.225.amzn2023.x86_64,6,1,134,amzn,2023,2023,ivybridge,24.0,2.0,O0,2771190418.8217645,395656.61700710654,195605.0638017868,16.8282
m6id.12xlarge.ivybridge-O0.2.0,true,6,106,Intel,6.1.134-152.225.amzn2023.x86_64,6,1,134,amzn,2023,2023,ivybridge,24.0,2.0,O0,2771190418.8217645,395656.61700710654,195605.0638017868,16.9134
m6id.12xlarge.znver3-O2.0.0,true,6,106,Intel,6.1.134-152.225.amzn2023.x86_64,6,1,134,amzn,2023,2023,znver3,24.0,2.0,O2,64153787.42134147,121508.0,943.0,24.6595
m6id.12xlarge.znver3-O2.1.0,true,6,106,Intel,6.1.134-152.225.amzn2023.x86_64,6,1,134,amzn,2023,2023,znver3,24.0,2.0,O2,64153787.42134147,121508.0,943.0,24.478
m6id.12xlarge.znver3-O2.2.0,true,6,106,Intel,6.1.134-152.225.amzn2023.x86_64,6,1,134,amzn,2023,2023,znver3,24.0,2.0,O2,64153787.42134147,121508.0,943.0,25.7845
m6id.12xlarge.znver1-O3.0.0,true,6,106,Intel,6.1.134-152.225.amzn2023.x86_64,6,1,134,amzn,2023,2023,znver1,24.0,2.0,O3,112211406.8155615,507122.48351092055,241480.17210102853,24.2748
m6id.12xlarge.znver1-O3.1.0,true,6,106,Intel,6.1.134-152.225.amzn2023.x86_64,6,1,134,amzn,2023,2023,znver1,24.0,2.0,O3,112211406.8155615,507122.48351092055,241480.17210102853,25.732
m6id.12xlarge.znver1-O3.2.0,true,6,106,Intel,6.1.134-152.225.amzn2023.x86_64,6,1,134,amzn,2023,2023,znver1,24.0,2.0,O3,112211406.8155615,507122.48351092055,241480.17210102853,25.7184
m6id.12xlarge.znver2-O0.0.0,true,6,106,Intel,6.1.134-152.225.amzn2023.x86_64,6,1,134,amzn,2023,2023,znver2,24.0,2.0,O0,2428436139.2428827,488068.06644666195,222477.4532793462,15.7946
m6id.12xlarge.znver2-O0.1.0,true,6,106,Intel,6.1.134-152.225.amzn2023.x86_64,6,1,134,amzn,2023,2023,znver2,24.0,2.0,O0,2428436139.2428827,488068.06644666195,222477.4532793462,16.1397
m6id.12xlarge.znver2-O0.2.0,true,6,106,Intel,6.1.134-152.225.amzn2023.x86_64,6,1,134,amzn,2023,2023,znver2,24.0,2.0,O0,2428436139.2428827,488068.06644666195,222477.4532793462,16.5216
m6id.12xlarge.x86-64-v2-Os.0.0,true,6,106,Intel,6.1.134-152.225.amzn2023.x86_64,6,1,134,amzn,2023,2023,x86-64-v2,24.0,2.0,Os,129003033.88009161,421176.8558121437,827147.7543982149,22.998
m6id.12xlarge.x86-64-v2-Os.1.0,true,6,106,Intel,6.1.134-152.225.amzn2023.x86_64,6,1,134,amzn,2023,2023,x86-64-v2,24.0,2.0,Os,129003033.88009161,421176.8558121437,827147.7543982149,23.1059
m6id.12xlarge.x86-64-v2-Os.2.0,true,6,106,Intel,6.1.134-152.225.amzn2023.x86_64,6,1,134,amzn,2023,2023,x86-64-v2,24.0,2.0,Os,129003033.88009161,421176.8558121437,827147.7543982149,25.0483
m6id.12xlarge.bdver4-Og.0.0,true,6,106,Intel,6.1.134-152.225.amzn2023.x86_64,6,1,134,amzn,2023,2023,bdver4,24.0,2.0,Og,32121228.22997671,409305.3270298772,146720.55804698772,24.6908
m6id.12xlarge.bdver4-Og.1.0,true,6,106,Intel,6.1.134-152.225.amzn2023.x86_64,6,1,134,amzn,2023,2023,bdver4,24.0,2.0,Og,32121228.22997671,409305.3270298772,146720.55804698772,25.9557
m6id.12xlarge.bdver4-Og.2.0,true,6,106,Intel,6.1.134-152.225.amzn2023.x86_64,6,1,134,amzn,2023,2023,bdver4,24.0,2.0,Og,32121228.22997671,409305.3270298772,146720.55804698772,26.9481
m6id.12xlarge.native-Os.0.0,true,6,106,Intel,6.1.134-152.225.amzn2023.x86_64,6,1,134,amzn,2023,2023,native,24.0,2.0,Os,109565523.4221587,578998.2409252193,219209.04915370335,23.0027
m6id.12xlarge.native-Os.1.0,true,6,106,Intel,6.1.134-152.225.amzn2023.x86_64,6,1,134,amzn,2023,2023,native,24.0,2.0,Os,109565523.4221587,578998.2409252193,219209.04915370335,22.4119
m6id.12xlarge.native-Os.2.0,true,6,106,Intel,6.1.134-152.225.amzn2023.x86_64,6,1,134,amzn,2023,2023,native,24.0,2.0,Os,109565523.4221587,578998.2409252193,219209.04915370335,25.7983
m6id.12xlarge.btver2-O0.0.0,true,6,106,Intel,6.1.134-152.225.amzn2023.x86_64,6,1,134,amzn,2023,2023,btver2,24.0,2.0,O0,2792261972.770027,522726.4697012524,231567.68121616496,14.9694
m6id.12xlarge.btver2-O0.1.0,true,6,106,Intel,6.1.134-152.225.amzn2023.x86_64,6,1,134,amzn,2023,2023,btver2,24.0,2.0,O0,2792261972.770027,522726.4697012524,231567.68121616496,14.2998
m6id.12xlarge.btver2-O0.2.0,true,6,106,Intel,6.1.134-152.225.amzn2023.x86_64,6,1,134,amzn,2023,2023,btver2,24.0,2.0,O0,2792261972.770027,522726.4697012524,231567.68121616496,16.9845
m6id.12xlarge.skylake-avx512-Os.0.0,true,6,106,Intel,6.1.134-152.225.amzn2023.x86_64,6,1,134,amzn,2023,2023,skylake-avx512,24.0,2.0,Os,185989112.67620894,348665.2776147544,192226.91375984345,26.2771
m6id.12xlarge.skylake-avx512-Os.1.0,true,6,106,Intel,6.1.134-152.225.amzn2023.x86_64,6,1,134,amzn,2023,2023,skylake-avx512,24.0,2.0,Os,185989112.67620894,348665.2776147544,192226.91375984345,26.4059
m6id.12xlarge.skylake-avx512-Os.2.0,true,6,106,Intel,6.1.134-152.225.amzn2023.x86_64,6,1,134,amzn,2023,2023,skylake-avx512,24.0,2.0,Os,185989112.67620894,348665.2776147544,192226.91375984345,26.4839
m6id.12xlarge.icelake-server-Os.0.0,true,6,106,Intel,6.1.134-152.225.amzn2023.x86_64,6,1,134,amzn,2023,2023,icelake-server,24.0,2.0,Os,90665585.83044207,185657.0,3483.0,24.7912
m6id.12xlarge.icelake-server-Os.1.0,true,6,106,Intel,6.1.134-152.225.amzn2023.x86_64,6,1,134,amzn,2023,2023,icelake-server,24.0,2.0,Os,90665585.83044207,185657.0,3483.0,27.2951
m6id.12xlarge.icelake-server-Os.2.0,true,6,106,Intel,6.1.134-152.225.amzn2023.x86_64,6,1,134,amzn,2023,2023,icelake-server,24.0,2.0,Os,90665585.83044207,185657.0,3483.0,27.1237
m6id.12xlarge.znver1-O2.0.0,true,6,106,Intel,6.1.134-152.225.amzn2023.x86_64,6,1,134,amzn,2023,2023,znver1,24.0,2.0,O2,232035514.90815037,560838.3667573892,176711.89582566032,24.6205
m6id.12xlarge.znver1-O2.1.0,true,6,106,Intel,6.1.134-152.225.amzn2023.x86_64,6,1,134,amzn,2023,2023,znver1,24.0,2.0,O2,232035514.90815037,560838.3667573892,176711.89582566032,26.1454
m6id.12xlarge.znver1-O2.2.0,true,6,106,Intel,6.1.134-152.225.amzn2023.x86_64,6,1,134,amzn,2023,2023,znver1,24.0,2.0,O2,232035514.90815037,560838.3667573892,176711.89582566032,26.2519
m6id.12xlarge.sandybridge-O2.0.0,true,6,106,Intel,6.1.134-152.225.amzn2023.x86_64,6,1,134,amzn,2023,2023,sandybridge,24.0,2.0,O2,114417368.63202845,387503.18032897316,163933.94910012136,25.2073
m6id.12xlarge.sandybridge-O2.1.0,true,6,106,Intel,6.1.134-152.225.amzn2023.x86_64,6,1,134,amzn,2023,2023,sandybridge,24.0,2.0,O2,114417368.63202845,387503.18032897316,163933.94910012136,26.644
m6id.12xlarge.sandybridge-O2.2.0,true,6,106,Intel,6.1.134-152.225.amzn2023.x86_64,6,1,134,amzn,2023,2023,sandybridge,24.0,2.0,O2,114417368.63202845,387503.18032897316,163933.94910012136,27.1374
m6id.12xlarge.haswell-O1.0.0,true,6,106,Intel,6.1.134-152.225.amzn2023.x86_64,6,1,134,amzn,2023,2023,haswell,24.0,2.0,O1,133322859.55325203,562704.5557660046,237677.429835728,25.8792
m6id.12xlarge.haswell-O1.1.0,true,6,106,Intel,6.1.134-152.225.amzn2023.x86_64,6,1,134,amzn,2023,2023,haswell,24.0,2.0,O1,133322859.55325203,562704.5557660046,237677.429835728,25.8085
m6id.12xlarge.haswell-O1.2.0,true,6,106,Intel,6.1.134-152.225.amzn2023.x86_64,6,1,134,amzn,2023,2023,haswell,24.0,2.0,O1,133322859.55325203,562704.5557660046,237677.429835728,26.1928
m6id.12xlarge.native-Og.0.0,true,6,106,Intel,6.1.134-152.225.amzn2023.x86_64,6,1,134,amzn,2023,2023,native,24.0,2.0,Og,38415432.93719476,520831.1239749871,244440.51518901938,24.2289
m6id.12xlarge.native-Og.1.0,true,6,106,Intel,6.1.134-152.225.amzn2023.x86_64,6,1,134,amzn,2023,2023,native,24.0,2.0,Og,38415432.93719476,520831.1239749871,244440.51518901938,26.4522
m6id.12xlarge.native-Og.2.0,true,6,106,Intel,6.1.134-152.225.amzn2023.x86_64,6,1,134,amzn,2023,2023,native,24.0,2.0,Og,38415432.93719476,520831.1239749871,244440.51518901938,26.0209
m6id.12xlarge.icelake-server-O3.0.0,true,6,106,Intel,6.1.134-152.225.amzn2023.x86_64,6,1,134,amzn,2023,2023,icelake-server,24.0,2.0,O3,50428507.15639704,547858.1907214273,254824.53896667238,24.7503
m6id.12xlarge.icelake-server-O3.1.0,true,6,106,Intel,6.1.134-152.225.amzn2023.x86_64,6,1,134,amzn,2023,2023,icelake-server,24.0,2.0,O3,50428507.15639704,547858.1907214273,254824.53896667238,25.4984
m6id.12xlarge.icelake-server-O3.2.0,true,6,106,Intel,6.1.134-152.225.amzn2023.x86_64,6,1,134,amzn,2023,2023,icelake-server,24.0,2.0,O3,50428507.15639704,547858.1907214273,254824.53896667238,26.9377
m6id.12xlarge.x86-64-v3-Og.0.0,true,6,106,Intel,6.1.134-152.225.amzn2023.x86_64,6,1,134,amzn,2023,2023,x86-64-v3,24.0,2.0,Og,12209814.882558834,316438.0,2934.0,22.0479
m6id.12xlarge.x86-64-v3-Og.1.0,true,6,106,Intel,6.1.134-152.225.amzn2023.x86_64,6,1,134,amzn,2023,2023,x86-64-v3,24.0,2.0,Og,12209814.882558834,316438.0,2934.0,26.5464
m6id.12xlarge.x86-64-v3-Og.2.0,true,6,106,Intel,6.1.134-152.225.amzn2023.x86_64,6,1,134,amzn,2023,2023,x86-64-v3,24.0,2.0,Og,12209814.882558834,316438.0,2934.0,26.5
m6id.12xlarge.icelake-server-O1.0.0,true,6,106,Intel,6.1.134-152.225.amzn2023.x86_64,6,1,134,amzn,2023,2023,icelake-server,24.0,2.0,O1,152382552.87132326,441707.91135319223,182328.70225757308,23.8728
m6id.12xlarge.icelake-server-O1.1.0,true,6,106,Intel,6.1.134-152.225.amzn2023.x86_64,6,1,134,amzn,2023,2023,icelake-server,24.0,2.0,O1,152382552.87132326,441707.91135319223,182328.70225757308,23.5739
m6id.12xlarge.icelake-server-O1.2.0,true,6,106,Intel,6.1.134-152.225.amzn2023.x86_64,6,1,134,amzn,2023,2023,icelake-server,24.0,2.0,O1,152382552.87132326,441707.91135319223,182328.70225757308,26.8059
m6id.12xlarge.x86-64-v4-Os.0.0,true,6,106,Intel,6.1.134-152.225.amzn2023.x86_64,6,1,134,amzn,2023,2023,x86-64-v4,24.0,2.0,Os,364142730.2107486,467972.77794191276,200970.7446801458,23.1557
m6id.12xlarge.x86-64-v4-Os.1.0,true,6,106,Intel,6.1.134-152.225.amzn2023.x86_64,6,1,134,amzn,2023,2023,x86-64-v4,24.0,2.0,Os,364142730.2107486,467972.77794191276,200970.7446801458,26.3874
m6id.12xlarge.x86-64-v4-Os.2.0,true,6,106,Intel,6.1.134-152.225.amzn2023.x86_64,6,1,134,amzn,2023,2023,x86-64-v4,24.0,2.0,Os,364142730.2107486,467972.77794191276,200970.7446801458,26.571
m6id.12xlarge.x86-64-v2-O2.0.0,true,6,106,Intel,6.1.134-152.225.amzn2023.x86_64,6,1,134,amzn,2023,2023,x86-64-v2,24.0,2.0,O2,178794717.61291358,566957.5404382996,179405.14338999082,24.3651
m6id.12xlarge.x86-64-v2-O2.1.0,true,6,106,Intel,6.1.134-152.225.amzn2023.x86_64,6,1,134,amzn,2023,2023,x86-64-v2,24.0,2.0,O2,178794717.61291358,566957.5404382996,179405.14338999082,26.0374
m6id.12xlarge.x86-64-v2-O2.2.0,true,6,106,Intel,6.1.134-152.225.amzn2023.x86_64,6,1,134,amzn,2023,2023,x86-64-v2,24.0,2.0,O2,178794717.61291358,566957.5404382996,179405.14338999082,26.1118
m6id.12xlarge.sapphirerapids-O1.0.0,true,6,106,Intel,6.1.134-152.225.amzn2023.x86_64,6,1,134,amzn,2023,2023,sapphirerapids,24.0,2.0,O1,195447432.4397493,512779.95811413164,236026.3326548118,25.0991
m6id.12xlarge.sapphirerapids-O1.1.0,true,6,106,Intel,6.1.134-152.225.amzn2023.x86_64,6,1,134,amzn,2023,2023,sapphirerapids,24.0,2.0,O1,195447432.4397493,512779.95811413164,236026.3326548118,26.1285
m6id.12xlarge.sapphirerapids-O1.2.0,true,6,106,Intel,6.1.134-152.225.amzn2023.x86_64,6,1,134,amzn,2023,2023,sapphirerapids,24.0,2.0,O1,195447432.4397493,512779.95811413164,236026.3326548118,26.2559
m6id.12xlarge.sandybridge-Og.0.0,true,6,106,Intel,6.1.134-152.225.amzn2023.x86_64,6,1,134,amzn,2023,2023,sandybridge,24.0,2.0,Og,257599152.13963985,497941.3209279215,234591.62614051954,23.1727
m6id.12xlarge.sandybridge-Og.1.0,true,6,106,Intel,6.1.134-152.225.amzn2023.x86_64,6,1,134,amzn,2023,2023,sandybridge,24.0,2.0,Og,257599152.13963985,497941.3209279215,234591.62614051954,22.3983
m6id.12xlarge.sandybridge-Og.2.0,true,6,106,Intel,6.1.134-152.225.amzn2023.x86_64,6,1,134,amzn,2023,2023,sandybridge,24.0,2.0,Og,257599152.13963985,497941.3209279215,234591.62614051954,25.6502
m6id.12xlarge.ivybridge-Og.0.0,true,6,106,Intel,6.1.134-152.225.amzn2023.x86_64,6,1,134,amzn,2023,2023,ivybridge,24.0,2.0,Og,37182556.56908412,456985.7058065851,220362.5341682611,23.0771
m6id.12xlarge.ivybridge-Og.1.0,true,6,106,Intel,6.1.134-152.225.amzn2023.x86_64,6,1,134,amzn,2023,2023,ivybridge,24.0,2.0,Og,37182556.56908412,456985.7058065851,220362.5341682611,26.7976
m6id.12xlarge.ivybridge-Og.2.0,true,6,106,Intel,6.1.134-152.225.amzn2023.x86_64,6,1,134,amzn,2023,2023,ivybridge,24.0,2.0,Og,37182556.56908412,456985.7058065851,220362.5341682611,26.9709
m6id.12xlarge.btver2-O2.0.0,true,6,106,Intel,6.1.134-152.225.amzn2023.x86_64,6,1,134,amzn,2023,2023,btver2,24.0,2.0,O2,84567347.26125357,454471.39708172396,201630.61927423728,24.4159
m6id.12xlarge.btver2-O2.1.0,true,6,106,Intel,6.1.134-152.225.amzn2023.x86_64,6,1,134,amzn,2023,2023,btver2,24.0,2.0,O2,84567347.26125357,454471.39708172396,201630.61927423728,25.7735
m6id.12xlarge.btver2-O2.2.0,true,6,106,Intel,6.1.134-152.225.amzn2023.x86_64,6,1,134,amzn,2023,2023,btver2,24.0,2.0,O2,84567347.26125357,454471.39708172396,201630.61927423728,25.2453
m6id.12xlarge.broadwell-O1.0.0,true,6,106,Intel,6.1.134-152.225.amzn2023.x86_64,6,1,134,amzn,2023,2023,broadwell,24.0,2.0,O1,168553573.0887055,392734.7474618826,196310.70751726144,23.1879
m6id.12xlarge.broadwell-O1.1.0,true,6,106,Intel,6.1.134-152.225.amzn2023.x86_64,6,1,134,amzn,2023,2023,broadwell,24.0,2.0,O1,168553573.0887055,392734.7474618826,196310.70751726144,23.1969
m6id.12xlarge.broadwell-O1.2.0,true,6,106,Intel,6.1.134-152.225.amzn2023.x86_64,6,1,134,amzn,2023,2023,broadwell,24.0,2.0,O1,168553573.0887055,392734.7474618826,196310.70751726144,26.2664
m6id.12xlarge.ivybridge-O1.0.0,true,6,106,Intel,6.1.134-152.225.amzn2023.x86_64,6,1,134,amzn,2023,2023,ivybridge,24.0,2.0,O1,191531891.99123973,597118.5218979013,270259.0814059081,21.9808
m6id.12xlarge.ivybridge-O1.1.0,true,6,106,Intel,6.1.134-152.225.amzn2023.x86_64,6,1,134,amzn,2023,2023,ivybridge,24.0,2.0,O1,191531891.99123973,597118.5218979013,270259.0814059081,26.1566
m6id.12xlarge.ivybridge-O1.2.0,true,6,106,Intel,6.1.134-152.225.amzn2023.x86_64,6,1,134,amzn,2023,2023,ivybridge,24.0,2.0,O1,191531891.99123973,597118.5218979013,270259.0814059081,26.3236
m6id.12xlarge.bdver4-O0.0.0,true,6,106,Intel,6.1.134-152.225.amzn2023.x86_64,6,1,134,amzn,2023,2023,bdver4,24.0,2.0,O0,2596747965.23362,455009.11923689715,195791.38204479858,16.0495
m6id.12xlarge.bdver4-O0.1.0,true,6,106,Intel,6.1.134-152.225.amzn2023.x86_64,6,1,134,amzn,2023,2023,bdver4,24.0,2.0,O0,2596747965.23362,455009.11923689715,195791.38204479858,16.3229
m6id.12xlarge.bdver4-O0.2.0,true,6,106,Intel,6.1.134-152.225.amzn2023.x86_64,6,1,134,amzn,2023,2023,bdver4,24.0,2.0,O0,2596747965.23362,455009.11923689715,195791.38204479858,16.6618
m6id.12xlarge.x86-64-v2-Og.0.0,true,6,106,Intel,6.1.134-152.225.amzn2023.x86_64,6,1,134,amzn,2023,2023,x86-64-v2,24.0,2.0,Og,129633588.03006712,329974.0,19550.0,24.1015
m6id.12xlarge.x86-64-v2-Og.1.0,true,6,106,Intel,6.1.134-152.225.amzn2023.x86_64,6,1,134,amzn,2023,2023,x86-64-v2,24.0,2.0,Og,129633588.03006712,329974.0,19550.0,25.7824
m6id.12xlarge.x86-64-v2-Og.2.0,true,6,106,Intel,6.1.134-152.225.amzn2023.x86_64,6,1,134,amzn,2023,2023,x86-64-v2,24.0,2.0,Og,129633588.03006712,329974.0,19550.0,26.7264
m6id.12xlarge.sandybridge-Ofast.0.0,true,6,106,Intel,6.1.134-152.225.amzn2023.x86_64,6,1,134,amzn,2023,2023,sandybridge,24.0,2.0,Ofast,180459683.66227633,437736.7891995979,194818.17281283566,22.7233
m6id.12xlarge.sandybridge-Ofast.1.0,true,6,106,Intel,6.1.134-152.225.amzn2023.x86_64,6,1,134,amzn,2023,2023,sandybridge,24.0,2.0,Ofast,180459683.66227633,437736.7891995979,194818.17281283566,27.2554
m6id.12xlarge.sandybridge-Ofast.2.0,true,6,106,Intel,6.1.134-152.225.amzn2023.x86_64,6,1,134,amzn,2023,2023,sandybridge,24.0,2.0,Ofast,180459683.66227633,437736.7891995979,194818.17281283566,27.4269
m6id.12xlarge.znver2-Og.0.0,true,6,106,Intel,6.1.134-152.225.amzn2023.x86_64,6,1,134,amzn,2023,2023,znver2,24.0,2.0,Og,25011323.385177147,564118.9458830202,258777.6338811986,24.3847
m6id.12xlarge.znver2-Og.1.0,true,6,106,Intel,6.1.134-152.225.amzn2023.x86_64,6,1,134,amzn,2023,2023,znver2,24.0,2.0,Og,25011323.385177147,564118.9458830202,258777.6338811986,25.2514
m6id.12xlarge.znver2-Og.2.0,true,6,106,Intel,6.1.134-152.225.amzn2023.x86_64,6,1,134,amzn,2023,2023,znver2,24.0,2.0,Og,25011323.385177147,564118.9458830202,258777.6338811986,25.3776
m6id.12xlarge.x86-64-v2-O1.0.0,true,6,106,Intel,6.1.134-152.225.amzn2023.x86_64,6,1,134,amzn,2023,2023,x86-64-v2,24.0,2.0,O1,33383726.13230357,528618.2326104669,250475.90924785787,23.6143
m6id.12xlarge.x86-64-v2-O1.1.0,true,6,106,Intel,6.1.134-152.225.amzn2023.x86_64,6,1,134,amzn,2023,2023,x86-64-v2,24.0,2.0,O1,33383726.13230357,528618.2326104669,250475.90924785787,25.6612
m6id.12xlarge.x86-64-v2-O1.2.0,true,6,106,Intel,6.1.134-152.225.amzn2023.x86_64,6,1,134,amzn,2023,2023,x86-64-v2,24.0,2.0,O1,33383726.13230357,528618.2326104669,250475.90924785787,26.9309
m6id.12xlarge.btver2-Og.0.0,true,6,106,Intel,6.1.134-152.225.amzn2023.x86_64,6,1,134,amzn,2023,2023,btver2,24.0,2.0,Og,96392411.29196703,330656.43674402614,164461.73821038354,25.7796
m6id.12xlarge.btver2-Og.1.0,true,6,106,Intel,6.1.134-152.225.amzn2023.x86_64,6,1,134,amzn,2023,2023,btver2,24.0,2.0,Og,96392411.29196703,330656.43674402614,164461.73821038354,25.8839
m6id.12xlarge.btver2-Og.2.0,true,6,106,Intel,6.1.134-152.225.amzn2023.x86_64,6,1,134,amzn,2023,2023,btver2,24.0,2.0,Og,96392411.29196703,330656.43674402614,164461.73821038354,26.1171
m6id.12xlarge.icelake-server-O2.0.0,true,6,106,Intel,6.1.134-152.225.amzn2023.x86_64,6,1,134,amzn,2023,2023,icelake-server,24.0,2.0,O2,28010090.015042707,343117.7008730159,100490.8303695501,24.8279
m6id.12xlarge.icelake-server-O2.1.0,true,6,106,Intel,6.1.134-152.225.amzn2023.x86_64,6,1,134,amzn,2023,2023,icelake-server,24.0,2.0,O2,28010090.015042707,343117.7008730159,100490.8303695501,25.8314
m6id.12xlarge.icelake-server-O2.2.0,true,6,106,Intel,6.1.134-152.225.amzn2023.x86_64,6,1,134,amzn,2023,2023,icelake-server,24.0,2.0,O2,28010090.015042707,343117.7008730159,100490.8303695501,26.3117
m6id.12xlarge.native-O3.0.0,true,6,106,Intel,6.1.134-152.225.amzn2023.x86_64,6,1,134,amzn,2023,2023,native,24.0,2.0,O3,419084086.8675321,444751.1527441911,207762.0753614722,23.8283
m6id.12xlarge.native-O3.1.0,true,6,106,Intel,6.1.134-152.225.amzn2023.x86_64,6,1,134,amzn,2023,2023,native,24.0,2.0,O3,419084086.8675321,444751.1527441911,207762.0753614722,23.5145
m6id.12xlarge.native-O3.2.0,true,6,106,Intel,6.1.134-152.225.amzn2023.x86_64,6,1,134,amzn,2023,2023,native,24.0,2.0,O3,419084086.8675321,444751.1527441911,207762.0753614722,26.4384
m6id.12xlarge.broadwell-O0.0.0,true,6,106,Intel,6.1.134-152.225.amzn2023.x86_64,6,1,134,amzn,2023,2023,broadwell,24.0,2.0,O0,2780342645.223484,425368.40892431693,195261.90312303073,14.3906
m6id.12xlarge.broadwell-O0.1.0,true,6,106,Intel,6.1.134-152.225.amzn2023.x86_64,6,1,134,amzn,2023,2023,broadwell,24.0,2.0,O0,2780342645.223484,425368.40892431693,195261.90312303073,16.9678
m6id.12xlarge.broadwell-O0.2.0,true,6,106,Intel,6.1.134-152.225.amzn2023.x86_64,6,1,134,amzn,2023,2023,broadwell,24.0,2.0,O0,2780342645.223484,425368.40892431693,195261.90312303073,16.694
m6id.12xlarge.skylake-avx512-O1.0.0,true,6,106,Intel,6.1.134-152.225.amzn2023.x86_64,6,1,134,amzn,2023,2023,skylake-avx512,24.0,2.0,O1,104776976.64256445,569720.9701219744,285692.6519708506,22.3284
m6id.12xlarge.skylake-avx512-O1.1.0,true,6,106,Intel,6.1.134-152.225.amzn2023.x86_64,6,1,134,amzn,2023,2023,skylake-avx512,24.0,2.0,O1,104776976.64256445,569720.9701219744,285692.6519708506,26.0931
m6id.12xlarge.skylake-avx512-O1.2.0,true,6,106,Intel,6.1.134-152.225.amzn2023.x86_64,6,1,134,amzn,2023,2023,skylake-avx512,24.0,2.0,O1,104776976.64256445,569720.9701219744,285692.6519708506,27.2191
m6id.12xlarge.skylake-avx512-Og.0.0,true,6,106,Intel,6.1.134-152.225.amzn2023.x86_64,6,1,134,amzn,2023,2023,skylake-avx512,24.0,2.0,Og,75711901.81872015,564251.6539876955,266577.3803762083,24.16
m6id.12xlarge.skylake-avx512-Og.1.0,true,6,106,Intel,6.1.134-152.225.amzn2023.x86_64,6,1,134,amzn,2023,2023,skylake-avx512,24.0,2.0,Og,75711901.81872015,564251.6539876955,266577.3803762083,25.0923
m6id.12xlarge.skylake-avx512-Og.2.0,true,6,106,Intel,6.1.134-152.225.amzn2023.x86_64,6,1,134,amzn,2023,2023,skylake-avx512,24.0,2.0,Og,75711901.81872015,564251.6539876955,266577.3803762083,25.2774
m6id.12xlarge.znver2-O2.0.0,true,6,106,Intel,6.1.134-152.225.amzn2023.x86_64,6,1,134,amzn,2023,2023,znver2,24.0,2.0,O2,12117401.269566203,185300.0,992.0,24.3194
m6id.12xlarge.znver2-O2.1.0,true,6,106,Intel,6.1.134-152.225.amzn2023.x86_64,6,1,134,amzn,2023,2023,znver2,24.0,2.0,O2,12117401.269566203,185300.0,992.0,25.7072
m6id.12xlarge.znver2-O2.2.0,true,6,106,Intel,6.1.134-152.225.amzn2023.x86_64,6,1,134,amzn,2023,2023,znver2,24.0,2.0,O2,12117401.269566203,185300.0,992.0,26.9896
m6id.12xlarge.btver2-O1.0.0,true,6,106,Intel,6.1.134-152.225.amzn2023.x86_64,6,1,134,amzn,2023,2023,btver2,24.0,2.0,O1,19436127.559387315,502937.300457278,217324.63246188208,21.4924
m6id.12xlarge.btver2-O1.1.0,true,6,106,Intel,6.1.134-152.225.amzn2023.x86_64,6,1,134,amzn,2023,2023,btver2,24.0,2.0,O1,19436127.559387315,502937.300457278,217324.63246188208,26.3406
m6id.12xlarge.btver2-O1.2.0,true,6,106,Intel,6.1.134-152.225.amzn2023.x86_64,6,1,134,amzn,2023,2023,btver2,24.0,2.0,O1,19436127.559387315,502937.300457278,217324.63246188208,26.4464
m6id.12xlarge.sapphirerapids-O3.0.0,true,6,106,Intel,6.1.134-152.225.amzn2023.x86_64,6,1,134,amzn,2023,2023,sapphirerapids,24.0,2.0,O3,48133874.605380856,53209.0,649650.0,24.5221
m6id.12xlarge.sapphirerapids-O3.1.0,true,6,106,Intel,6.1.134-152.225.amzn2023.x86_64,6,1,134,amzn,2023,2023,sapphirerapids,24.0,2.0,O3,48133874.605380856,53209.0,649650.0,25.715
m6id.12xlarge.sapphirerapids-O3.2.0,true,6,106,Intel,6.1.134-152.225.amzn2023.x86_64,6,1,134,amzn,2023,2023,sapphirerapids,24.0,2.0,O3,48133874.605380856,53209.0,649650.0,25.251
m6id.12xlarge.native-O1.0.0,true,6,106,Intel,6.1.134-152.225.amzn2023.x86_64,6,1,134,amzn,2023,2023,native,24.0,2.0,O1,55997832.20698063,35445.0,229010.0,25.7663
m6id.12xlarge.native-O1.1.0,true,6,106,Intel,6.1.134-152.225.amzn2023.x86_64,6,1,134,amzn,2023,2023,native,24.0,2.0,O1,55997832.20698063,35445.0,229010.0,25.2132
m6id.12xlarge.native-O1.2.0,true,6,106,Intel,6.1.134-152.225.amzn2023.x86_64,6,1,134,amzn,2023,2023,native,24.0,2.0,O1,55997832.20698063,35445.0,229010.0,25.6224
m6id.12xlarge.broadwell-O3.0.0,true,6,106,Intel,6.1.134-152.225.amzn2023.x86_64,6,1,134,amzn,2023,2023,broadwell,24.0,2.0,O3,402960673.76881284,526852.8584135511,172010.24722222224,25.3856
m6id.12xlarge.broadwell-O3.1.0,true,6,106,Intel,6.1.134-152.225.amzn2023.x86_64,6,1,134,amzn,2023,2023,broadwell,24.0,2.0,O3,402960673.76881284,526852.8584135511,172010.24722222224,26.086
m6id.12xlarge.broadwell-O3.2.0,true,6,106,Intel,6.1.134-152.225.amzn2023.x86_64,6,1,134,amzn,2023,2023,broadwell,24.0,2.0,O3,402960673.76881284,526852.8584135511,172010.24722222224,26.6951
