unlimited
PROGRAM: cpu
Looking for /opt/programs/cpu/ebpf-collect.c
[01:38:19] Waiting for start indicator file: '/mnt/flux/start_ebpf_collection'.
[01:38:20] Start indicator found. Proceeding with monitoring.
[01:38:20] Initializing eBPF for CPU Scheduling monitoring...
[01:38:21] BPF C code compiled and loaded.
[01:38:21] Attached tracepoints.
[01:38:21] Monitoring CPU scheduling events (polling aggregated map)... Press Ctrl+C to stop.
[01:39:27] Stop indicator file '/mnt/flux/stop_ebpf_collection' found. Stopping.
[01:39:27] Initiating cleanup sequence...
{
  "final_aggregated_summary_river": [
    {
      "tgid": 31,
      "comm": "bash",
      "cgroup_id": 15218,
      "on_cpu_stats_ns": {
        "count": 35.0,
        "sum_ns": 2884921.5,
        "mean_ns": 82426.32857142857,
        "median_ns": 28428.50316823257,
        "min_ns": 3474.5,
        "max_ns": 987772.0,
        "variance_ns2": 29413818909.969753,
        "iqr_ns": 15635.378430721448,
        "q1_ns": 10311.329995290216,
        "q3_ns": 25946.708426011664
      },
      "runq_latency_stats_ns": {
        "count": 35.0,
        "sum_ns": 711890.5,
        "mean_ns": 20339.72857142857,
        "median_ns": 6411.100812508783,
        "min_ns": 1016.0,
        "max_ns": 455396.0,
        "variance_ns2": 5786008603.916803,
        "iqr_ns": 11071.889358468392,
        "q1_ns": 3968.3175487034314,
        "q3_ns": 15040.206907171823
      },
      "first_seen_ts_ns": 1749778701230464666,
      "last_seen_ts_ns": 1749778767588721898,
      "duration_active_s": 66.358257232
    },
    {
      "tgid": 1,
      "comm": "pause",
      "cgroup_id": 15078,
      "on_cpu_stats_ns": {
        "count": 2.0,
        "sum_ns": 406719.5833333334,
        "mean_ns": 203359.7916666667,
        "median_ns": 209294.0,
        "min_ns": 197425.58333333334,
        "max_ns": 209294.0,
        "variance_ns2": 70429657.08680527,
        "iqr_ns": 11868.416666666657,
        "q1_ns": 197425.58333333334,
        "q3_ns": 209294.0
      },
      "runq_latency_stats_ns": {
        "count": 2.0,
        "sum_ns": 24274.222222222223,
        "mean_ns": 12137.111111111111,
        "median_ns": 18821.222222222223,
        "min_ns": 5453.0,
        "max_ns": 18821.222222222223,
        "variance_ns2": 89354682.69135803,
        "iqr_ns": 13368.222222222223,
        "q1_ns": 5453.0,
        "q3_ns": 18821.222222222223
      },
      "first_seen_ts_ns": 1749778712392429078,
      "last_seen_ts_ns": 1749778767588721898,
      "duration_active_s": 55.19629282
    },
    {
      "tgid": 65,
      "comm": "bash",
      "cgroup_id": 15358,
      "on_cpu_stats_ns": {
        "count": 24.0,
        "sum_ns": 237032.72727272726,
        "mean_ns": 9876.363636363636,
        "median_ns": 8814.219558947545,
        "min_ns": 3850.0,
        "max_ns": 20662.0,
        "variance_ns2": 12159098.383039886,
        "iqr_ns": 5178.1655932609865,
        "q1_ns": 7317.746855031461,
        "q3_ns": 12495.912448292447
      },
      "runq_latency_stats_ns": {
        "count": 24.0,
        "sum_ns": 192308.8181818182,
        "mean_ns": 8012.867424242425,
        "median_ns": 9717.091206488514,
        "min_ns": 1597.8181818181818,
        "max_ns": 22038.0,
        "variance_ns2": 24611146.666891243,
        "iqr_ns": 6706.9877132202655,
        "q1_ns": 3824.4292723642957,
        "q3_ns": 10531.416985584561
      },
      "first_seen_ts_ns": 1749778701333298152,
      "last_seen_ts_ns": 1749778767384912475,
      "duration_active_s": 66.051614323
    }
  ]
}
[01:39:27] Cleanup complete. Exiting.
