unlimited
PROGRAM: cpu
Looking for /opt/programs/cpu/ebpf-collect.c
[14:25:08] Waiting for start indicator file: '/mnt/flux/start_ebpf_collection'.
[14:25:14] Start indicator found. Proceeding with monitoring.
[14:25:14] Initializing eBPF for CPU Scheduling monitoring...
[14:25:14] BPF C code compiled and loaded.
[14:25:14] Attached tracepoints.
[14:25:14] Monitoring CPU scheduling events (polling aggregated map)... Press Ctrl+C to stop.
[14:26:19] Stop indicator file '/mnt/flux/stop_ebpf_collection' found. Stopping.
[14:26:19] Initiating cleanup sequence...
{
  "final_aggregated_summary_river": [
    {
      "tgid": 1,
      "comm": "pause",
      "cgroup_id": 47967,
      "on_cpu_stats_ns": {
        "count": 3.0,
        "sum_ns": 927572.4126984127,
        "mean_ns": 309190.8042328042,
        "median_ns": 253392.66666666666,
        "min_ns": 222556.88888888888,
        "max_ns": 451622.85714285716,
        "variance_ns2": 15452878569.919212,
        "iqr_ns": 229065.96825396828,
        "q1_ns": 222556.88888888888,
        "q3_ns": 451622.85714285716
      },
      "runq_latency_stats_ns": {
        "count": 3.0,
        "sum_ns": 8603.714285714286,
        "mean_ns": 2867.904761904762,
        "median_ns": 2102.714285714286,
        "min_ns": 1448.5555555555557,
        "max_ns": 5052.444444444444,
        "variance_ns2": 3686141.129503653,
        "iqr_ns": 3603.8888888888887,
        "q1_ns": 1448.5555555555557,
        "q3_ns": 5052.444444444444
      },
      "first_seen_ts_ns": 1749997517613423015,
      "last_seen_ts_ns": 1749997579530783070,
      "duration_active_s": 61.917360055
    },
    {
      "tgid": 44,
      "comm": "bash",
      "cgroup_id": 48387,
      "on_cpu_stats_ns": {
        "count": 21.0,
        "sum_ns": 211067.5,
        "mean_ns": 10050.833333333334,
        "median_ns": 8980.194270142503,
        "min_ns": 6351.0,
        "max_ns": 14991.0,
        "variance_ns2": 6581555.283333335,
        "iqr_ns": 3570.8461422902456,
        "q1_ns": 8321.178606150796,
        "q3_ns": 11892.024748441041
      },
      "runq_latency_stats_ns": {
        "count": 21.0,
        "sum_ns": 375419.99999999994,
        "mean_ns": 17877.142857142855,
        "median_ns": 18181.63351360323,
        "min_ns": 2872.0,
        "max_ns": 41854.0,
        "variance_ns2": 113911533.12857139,
        "iqr_ns": 8405.676604082488,
        "q1_ns": 13667.93603645984,
        "q3_ns": 22073.612640542327
      },
      "first_seen_ts_ns": 1749997515463513661,
      "last_seen_ts_ns": 1749997579428081716,
      "duration_active_s": 63.964568055
    },
    {
      "tgid": 57,
      "comm": "bash",
      "cgroup_id": 48471,
      "on_cpu_stats_ns": {
        "count": 1.0,
        "sum_ns": 131747.0,
        "mean_ns": 131747.0,
        "median_ns": 131747.0,
        "min_ns": 131747.0,
        "max_ns": 131747.0,
        "variance_ns2": null,
        "iqr_ns": 0.0,
        "q1_ns": 131747.0,
        "q3_ns": 131747.0
      },
      "runq_latency_stats_ns": {
        "count": 1.0,
        "sum_ns": 10109.0,
        "mean_ns": 10109.0,
        "median_ns": 10109.0,
        "min_ns": 10109.0,
        "max_ns": 10109.0,
        "variance_ns2": null,
        "iqr_ns": 0.0,
        "q1_ns": 10109.0,
        "q3_ns": 10109.0
      },
      "first_seen_ts_ns": 1749997566383495860,
      "last_seen_ts_ns": 1749997566383495860,
      "duration_active_s": 0
    }
  ]
}
[14:26:19] Cleanup complete. Exiting.
