unlimited
PROGRAM: cpu
Looking for /opt/programs/cpu/ebpf-collect.c
[05:50:04] Waiting for start indicator file: '/mnt/flux/start_ebpf_collection'.
[05:50:11] Start indicator found. Proceeding with monitoring.
[05:50:11] Initializing eBPF for CPU Scheduling monitoring...
[05:50:11] BPF C code compiled and loaded.
[05:50:11] Attached tracepoints.
[05:50:11] Monitoring CPU scheduling events (polling aggregated map)... Press Ctrl+C to stop.
[05:51:12] Stop indicator file '/mnt/flux/stop_ebpf_collection' found. Stopping.
[05:51:12] Initiating cleanup sequence...
{
  "final_aggregated_summary_river": [
    {
      "tgid": 95,
      "comm": "python3",
      "cgroup_id": 69244,
      "on_cpu_stats_ns": {
        "count": 162.0,
        "sum_ns": 16217798.624058733,
        "mean_ns": 100109.86804974526,
        "median_ns": 8951.314511541937,
        "min_ns": 2891.0,
        "max_ns": 12215666.0,
        "variance_ns2": 921906708950.4119,
        "iqr_ns": 3787.559428550733,
        "q1_ns": 7325.559008052774,
        "q3_ns": 11113.118436603507
      },
      "runq_latency_stats_ns": {
        "count": 163.0,
        "sum_ns": 10168648.371734038,
        "mean_ns": 62384.34583885913,
        "median_ns": 5261.334684257363,
        "min_ns": 557.0,
        "max_ns": 8190485.0,
        "variance_ns2": 411263217534.82227,
        "iqr_ns": 7382.681710985891,
        "q1_ns": 3614.410576046585,
        "q3_ns": 10997.092287032476
      },
      "first_seen_ts_ns": 1750139411982756651,
      "last_seen_ts_ns": 1750139472152183446,
      "duration_active_s": 60.169426795
    },
    {
      "tgid": 40,
      "comm": "bash",
      "cgroup_id": 69328,
      "on_cpu_stats_ns": {
        "count": 36.0,
        "sum_ns": 2821094.0000000005,
        "mean_ns": 78363.72222222223,
        "median_ns": 57215.65679155008,
        "min_ns": 5601.0,
        "max_ns": 445465.0,
        "variance_ns2": 8754760782.20635,
        "iqr_ns": 74755.5948206412,
        "q1_ns": 10756.675390066293,
        "q3_ns": 85512.27021070749
      },
      "runq_latency_stats_ns": {
        "count": 36.0,
        "sum_ns": 1596657.5,
        "mean_ns": 44351.59722222222,
        "median_ns": 9109.27553077561,
        "min_ns": 1864.5,
        "max_ns": 658906.5,
        "variance_ns2": 20087365027.354553,
        "iqr_ns": 12413.691657945785,
        "q1_ns": 3756.8866746565677,
        "q3_ns": 16170.578332602352
      },
      "first_seen_ts_ns": 1750139411982756651,
      "last_seen_ts_ns": 1750139472152183446,
      "duration_active_s": 60.169426795
    },
    {
      "tgid": 1,
      "comm": "pause",
      "cgroup_id": 68992,
      "on_cpu_stats_ns": {
        "count": 1.0,
        "sum_ns": 347994.14285714284,
        "mean_ns": 347994.14285714284,
        "median_ns": 347994.14285714284,
        "min_ns": 347994.14285714284,
        "max_ns": 347994.14285714284,
        "variance_ns2": null,
        "iqr_ns": 0.0,
        "q1_ns": 347994.14285714284,
        "q3_ns": 347994.14285714284
      },
      "runq_latency_stats_ns": {
        "count": 1.0,
        "sum_ns": 1306.7142857142858,
        "mean_ns": 1306.7142857142858,
        "median_ns": 1306.7142857142858,
        "min_ns": 1306.7142857142858,
        "max_ns": 1306.7142857142858,
        "variance_ns2": null,
        "iqr_ns": 0.0,
        "q1_ns": 1306.7142857142858,
        "q3_ns": 1306.7142857142858
      },
      "first_seen_ts_ns": 1750139472152183446,
      "last_seen_ts_ns": 1750139472152183446,
      "duration_active_s": 0
    }
  ]
}
[05:51:12] Cleanup complete. Exiting.
