unlimited
PROGRAM: cpu
Looking for /opt/programs/cpu/ebpf-collect.c
[03:18:43] Waiting for start indicator file: '/mnt/flux/start_ebpf_collection'.
[03:18:44] Start indicator found. Proceeding with monitoring.
[03:18:44] Initializing eBPF for CPU Scheduling monitoring...
[03:18:45] BPF C code compiled and loaded.
[03:18:45] Attached tracepoints.
[03:18:45] Monitoring CPU scheduling events (polling aggregated map)... Press Ctrl+C to stop.
[03:19:40] Stop indicator file '/mnt/flux/stop_ebpf_collection' found. Stopping.
[03:19:40] Initiating cleanup sequence...
{
  "final_aggregated_summary_river": [
    {
      "tgid": 31,
      "comm": "bash",
      "cgroup_id": 56794,
      "on_cpu_stats_ns": {
        "count": 29.0,
        "sum_ns": 1876050.5,
        "mean_ns": 64691.39655172414,
        "median_ns": 33291.16148345393,
        "min_ns": 7494.0,
        "max_ns": 368553.0,
        "variance_ns2": 6979116298.846059,
        "iqr_ns": 63147.065990860494,
        "q1_ns": 20067.929702539615,
        "q3_ns": 83214.99569340011
      },
      "runq_latency_stats_ns": {
        "count": 29.0,
        "sum_ns": 193425.0,
        "mean_ns": 6669.827586206897,
        "median_ns": 5103.743478463909,
        "min_ns": 1034.0,
        "max_ns": 25440.0,
        "variance_ns2": 34125446.45135468,
        "iqr_ns": 4936.127793491879,
        "q1_ns": 3482.277536434508,
        "q3_ns": 8418.405329926387
      },
      "first_seen_ts_ns": 1749784725819941262,
      "last_seen_ts_ns": 1749784780540672727,
      "duration_active_s": 54.720731465
    },
    {
      "tgid": 1,
      "comm": "pause",
      "cgroup_id": 56584,
      "on_cpu_stats_ns": {
        "count": 2.0,
        "sum_ns": 551458.7777777778,
        "mean_ns": 275729.3888888889,
        "median_ns": 345540.0,
        "min_ns": 205918.77777777778,
        "max_ns": 345540.0,
        "variance_ns2": 9747042847.413582,
        "iqr_ns": 139621.22222222222,
        "q1_ns": 205918.77777777778,
        "q3_ns": 345540.0
      },
      "runq_latency_stats_ns": {
        "count": 2.0,
        "sum_ns": 2868.0,
        "mean_ns": 1434.0,
        "median_ns": 2030.0,
        "min_ns": 838.0,
        "max_ns": 2030.0,
        "variance_ns2": 710432.0,
        "iqr_ns": 1192.0,
        "q1_ns": 838.0,
        "q3_ns": 2030.0
      },
      "first_seen_ts_ns": 1749784773872369760,
      "last_seen_ts_ns": 1749784780642771151,
      "duration_active_s": 6.770401391
    },
    {
      "tgid": 65,
      "comm": "bash",
      "cgroup_id": 56934,
      "on_cpu_stats_ns": {
        "count": 19.0,
        "sum_ns": 230281.43333333335,
        "mean_ns": 12120.075438596492,
        "median_ns": 11845.116507562516,
        "min_ns": 5225.0,
        "max_ns": 20994.0,
        "variance_ns2": 24338760.530350875,
        "iqr_ns": 7971.888693789205,
        "q1_ns": 7134.434753266386,
        "q3_ns": 15106.32344705559
      },
      "runq_latency_stats_ns": {
        "count": 19.0,
        "sum_ns": 149110.94999999998,
        "mean_ns": 7847.944736842104,
        "median_ns": 5549.817045956161,
        "min_ns": 1804.7,
        "max_ns": 16585.0,
        "variance_ns2": 27277915.910804104,
        "iqr_ns": 9161.651767376141,
        "q1_ns": 2944.2317696523055,
        "q3_ns": 12105.883537028447
      },
      "first_seen_ts_ns": 1749784725411282089,
      "last_seen_ts_ns": 1749784779322730491,
      "duration_active_s": 53.911448402
    }
  ]
}
[03:19:40] Cleanup complete. Exiting.
