unlimited
PROGRAM: cpu
Looking for /opt/programs/cpu/ebpf-collect.c
[02:16:34] Waiting for start indicator file: '/mnt/flux/start_ebpf_collection'.
[02:16:36] Start indicator found. Proceeding with monitoring.
[02:16:36] Initializing eBPF for CPU Scheduling monitoring...
[02:16:37] BPF C code compiled and loaded.
[02:16:37] Attached tracepoints.
[02:16:37] Monitoring CPU scheduling events (polling aggregated map)... Press Ctrl+C to stop.
[02:17:40] Stop indicator file '/mnt/flux/stop_ebpf_collection' found. Stopping.
[02:17:40] Initiating cleanup sequence...
{
  "final_aggregated_summary_river": [
    {
      "tgid": 66,
      "comm": "bash",
      "cgroup_id": 32634,
      "on_cpu_stats_ns": {
        "count": 40.0,
        "sum_ns": 4164666.0,
        "mean_ns": 104116.65,
        "median_ns": 38463.39349479142,
        "min_ns": 6072.0,
        "max_ns": 750232.0,
        "variance_ns2": 20365672150.682034,
        "iqr_ns": 99747.09159777031,
        "q1_ns": 20627.90816702876,
        "q3_ns": 120374.99976479907
      },
      "runq_latency_stats_ns": {
        "count": 40.0,
        "sum_ns": 602642.4999999999,
        "mean_ns": 15066.062499999998,
        "median_ns": 4172.010113363853,
        "min_ns": 1073.0,
        "max_ns": 157570.0,
        "variance_ns2": 895874081.3998395,
        "iqr_ns": 13008.239872399563,
        "q1_ns": 2151.419532845246,
        "q3_ns": 15159.659405244809
      },
      "first_seen_ts_ns": 1749781000184999017,
      "last_seen_ts_ns": 1749781060718319207,
      "duration_active_s": 60.53332019
    },
    {
      "tgid": 1,
      "comm": "pause",
      "cgroup_id": 32284,
      "on_cpu_stats_ns": {
        "count": 2.0,
        "sum_ns": 455901.8333333334,
        "mean_ns": 227950.9166666667,
        "median_ns": 233296.83333333334,
        "min_ns": 222605.0,
        "max_ns": 233296.83333333334,
        "variance_ns2": 57157650.01388915,
        "iqr_ns": 10691.833333333343,
        "q1_ns": 222605.0,
        "q3_ns": 233296.83333333334
      },
      "runq_latency_stats_ns": {
        "count": 2.0,
        "sum_ns": 10604.0,
        "mean_ns": 5302.0,
        "median_ns": 9688.0,
        "min_ns": 916.0,
        "max_ns": 9688.0,
        "variance_ns2": 38473992.0,
        "iqr_ns": 8772.0,
        "q1_ns": 916.0,
        "q3_ns": 9688.0
      },
      "first_seen_ts_ns": 1749781053439937389,
      "last_seen_ts_ns": 1749781060718319207,
      "duration_active_s": 7.278381818
    }
  ]
}
[02:17:40] Cleanup complete. Exiting.
