unlimited
PROGRAM: cpu
Looking for /opt/programs/cpu/ebpf-collect.c
[05:49:51] Waiting for start indicator file: '/mnt/flux/start_ebpf_collection'.
[05:49:52] Start indicator found. Proceeding with monitoring.
[05:49:52] Initializing eBPF for CPU Scheduling monitoring...
[05:49:53] BPF C code compiled and loaded.
[05:49:53] Attached tracepoints.
[05:49:53] Monitoring CPU scheduling events (polling aggregated map)... Press Ctrl+C to stop.
[05:51:01] Stop indicator file '/mnt/flux/stop_ebpf_collection' found. Stopping.
[05:51:01] Initiating cleanup sequence...
{
  "final_aggregated_summary_river": [
    {
      "tgid": 31,
      "comm": "bash",
      "cgroup_id": 52190,
      "on_cpu_stats_ns": {
        "count": 82.0,
        "sum_ns": 6523747.416666664,
        "mean_ns": 79557.89532520322,
        "median_ns": 26729.61402112867,
        "min_ns": 5009.0,
        "max_ns": 529816.0,
        "variance_ns2": 13339169637.1855,
        "iqr_ns": 50657.95102663987,
        "q1_ns": 15183.791444160499,
        "q3_ns": 65841.74247080037
      },
      "runq_latency_stats_ns": {
        "count": 82.0,
        "sum_ns": 2340799.9166666665,
        "mean_ns": 28546.340447154467,
        "median_ns": 8551.865123397409,
        "min_ns": 1422.0,
        "max_ns": 966693.5,
        "variance_ns2": 14623538773.312452,
        "iqr_ns": 6684.276650948549,
        "q1_ns": 5154.315016934498,
        "q3_ns": 11838.591667883047
      },
      "first_seen_ts_ns": 1749620993384162790,
      "last_seen_ts_ns": 1749621061507951456,
      "duration_active_s": 68.123788666
    },
    {
      "tgid": 225,
      "comm": "xhpcg",
      "cgroup_id": 52330,
      "on_cpu_stats_ns": {
        "count": 129.0,
        "sum_ns": 1250211.4351096144,
        "mean_ns": 9691.56151247763,
        "median_ns": 9440.952807053654,
        "min_ns": 6516.625,
        "max_ns": 15355.666666666666,
        "variance_ns2": 3148320.4723943,
        "iqr_ns": 2059.07931677534,
        "q1_ns": 8499.510282182046,
        "q3_ns": 10558.589598957386
      },
      "runq_latency_stats_ns": {
        "count": 129.0,
        "sum_ns": 2342152.0165729476,
        "mean_ns": 18156.21718273603,
        "median_ns": 4219.869837654648,
        "min_ns": 1295.75,
        "max_ns": 835906.6666666666,
        "variance_ns2": 6799650856.87347,
        "iqr_ns": 2502.639959566962,
        "q1_ns": 3457.990502397406,
        "q3_ns": 5960.630461964368
      },
      "first_seen_ts_ns": 1749620993706823995,
      "last_seen_ts_ns": 1749621007241356696,
      "duration_active_s": 13.534532701
    },
    {
      "tgid": 1,
      "comm": "pause",
      "cgroup_id": 51980,
      "on_cpu_stats_ns": {
        "count": 3.0,
        "sum_ns": 911248.75,
        "mean_ns": 303749.5833333333,
        "median_ns": 236402.0,
        "min_ns": 139804.0,
        "max_ns": 535042.75,
        "variance_ns2": 42455190111.020836,
        "iqr_ns": 395238.75,
        "q1_ns": 139804.0,
        "q3_ns": 535042.75
      },
      "runq_latency_stats_ns": {
        "count": 3.0,
        "sum_ns": 16912.0,
        "mean_ns": 5637.333333333334,
        "median_ns": 6070.0,
        "min_ns": 3346.0,
        "max_ns": 7496.0,
        "variance_ns2": 4446025.333333334,
        "iqr_ns": 4150.0,
        "q1_ns": 3346.0,
        "q3_ns": 7496.0
      },
      "first_seen_ts_ns": 1749621041690111763,
      "last_seen_ts_ns": 1749621061507951456,
      "duration_active_s": 19.817839693
    }
  ]
}
[05:51:01] Cleanup complete. Exiting.
