unlimited
PROGRAM: cpu
Looking for /opt/programs/cpu/ebpf-collect.c
[04:36:46] Waiting for start indicator file: '/mnt/flux/start_ebpf_collection'.
[04:36:52] Start indicator found. Proceeding with monitoring.
[04:36:52] Initializing eBPF for CPU Scheduling monitoring...
[04:36:53] BPF C code compiled and loaded.
[04:36:53] Attached tracepoints.
[04:36:53] Monitoring CPU scheduling events (polling aggregated map)... Press Ctrl+C to stop.
[04:37:51] Stop indicator file '/mnt/flux/stop_ebpf_collection' found. Stopping.
[04:37:51] Initiating cleanup sequence...
{
  "final_aggregated_summary_river": [
    {
      "tgid": 111,
      "comm": "ZMQbg/Reaper",
      "cgroup_id": 35855,
      "on_cpu_stats_ns": {
        "count": 82.0,
        "sum_ns": 772734.8609661174,
        "mean_ns": 9423.595865440455,
        "median_ns": 8747.597456351477,
        "min_ns": 5659.0,
        "max_ns": 20749.75,
        "variance_ns2": 7528549.739711503,
        "iqr_ns": 3370.8465962759037,
        "q1_ns": 7563.401132105024,
        "q3_ns": 10934.247728380928
      },
      "runq_latency_stats_ns": {
        "count": 82.0,
        "sum_ns": 454754.36851280177,
        "mean_ns": 5545.784981863436,
        "median_ns": 5370.317529828539,
        "min_ns": 2784.625,
        "max_ns": 12074.0,
        "variance_ns2": 2369967.12838156,
        "iqr_ns": 2097.7167674904294,
        "q1_ns": 4446.085632658053,
        "q3_ns": 6543.802400148483
      },
      "first_seen_ts_ns": 1750135014792823208,
      "last_seen_ts_ns": 1750135068365166371,
      "duration_active_s": 53.572343163
    },
    {
      "tgid": 1,
      "comm": "pause",
      "cgroup_id": 35435,
      "on_cpu_stats_ns": {
        "count": 2.0,
        "sum_ns": 557138.7936507936,
        "mean_ns": 278569.3968253968,
        "median_ns": 346231.5714285714,
        "min_ns": 210907.22222222222,
        "max_ns": 346231.5714285714,
        "variance_ns2": 9156339744.060974,
        "iqr_ns": 135324.3492063492,
        "q1_ns": 210907.22222222222,
        "q3_ns": 346231.5714285714
      },
      "runq_latency_stats_ns": {
        "count": 2.0,
        "sum_ns": 8504.936507936509,
        "mean_ns": 4252.468253968254,
        "median_ns": 6868.222222222223,
        "min_ns": 1636.7142857142858,
        "max_ns": 6868.222222222223,
        "variance_ns2": 13684337.644872766,
        "iqr_ns": 5231.507936507936,
        "q1_ns": 1636.7142857142858,
        "q3_ns": 6868.222222222223
      },
      "first_seen_ts_ns": 1750135053999895024,
      "last_seen_ts_ns": 1750135071193983545,
      "duration_active_s": 17.194088521
    },
    {
      "tgid": 44,
      "comm": "bash",
      "cgroup_id": 35771,
      "on_cpu_stats_ns": {
        "count": 17.0,
        "sum_ns": 169854.0,
        "mean_ns": 9991.411764705883,
        "median_ns": 9084.26669642857,
        "min_ns": 5292.0,
        "max_ns": 23173.0,
        "variance_ns2": 20391809.757352933,
        "iqr_ns": 3416.2480640453296,
        "q1_ns": 7881.833333333333,
        "q3_ns": 11298.081397378663
      },
      "runq_latency_stats_ns": {
        "count": 17.0,
        "sum_ns": 170020.0,
        "mean_ns": 10001.176470588236,
        "median_ns": 11481.629195601854,
        "min_ns": 1895.0,
        "max_ns": 14988.0,
        "variance_ns2": 20321009.779411767,
        "iqr_ns": 2371.708957965904,
        "q1_ns": 10679.0,
        "q3_ns": 13050.708957965904
      },
      "first_seen_ts_ns": 1750135013259893912,
      "last_seen_ts_ns": 1750135068467332304,
      "duration_active_s": 55.207438392
    }
  ]
}
[04:37:51] Cleanup complete. Exiting.
