unlimited
PROGRAM: cpu
Looking for /opt/programs/cpu/ebpf-collect.c
[05:58:56] Waiting for start indicator file: '/mnt/flux/start_ebpf_collection'.
[05:59:02] Start indicator found. Proceeding with monitoring.
[05:59:02] Initializing eBPF for CPU Scheduling monitoring...
[05:59:02] BPF C code compiled and loaded.
[05:59:02] Attached tracepoints.
[05:59:02] Monitoring CPU scheduling events (polling aggregated map)... Press Ctrl+C to stop.
[06:00:06] Stop indicator file '/mnt/flux/stop_ebpf_collection' found. Stopping.
[06:00:06] Initiating cleanup sequence...
{
  "final_aggregated_summary_river": [
    {
      "tgid": 40,
      "comm": "bash",
      "cgroup_id": 73133,
      "on_cpu_stats_ns": {
        "count": 37.0,
        "sum_ns": 2648685.575438597,
        "mean_ns": 71586.0966334756,
        "median_ns": 54135.032668006286,
        "min_ns": 6275.0,
        "max_ns": 517598.0,
        "variance_ns2": 9856885925.598251,
        "iqr_ns": 60874.50528668793,
        "q1_ns": 11853.848465354837,
        "q3_ns": 72728.35375204276
      },
      "runq_latency_stats_ns": {
        "count": 38.0,
        "sum_ns": 266320.0763157895,
        "mean_ns": 7008.423060941829,
        "median_ns": 4611.802209115237,
        "min_ns": 833.0,
        "max_ns": 49209.0,
        "variance_ns2": 81178990.8590849,
        "iqr_ns": 1739.2177717960099,
        "q1_ns": 3415.177986765794,
        "q3_ns": 5154.395758561804
      },
      "first_seen_ts_ns": 1750139943075865806,
      "last_seen_ts_ns": 1750140006301047398,
      "duration_active_s": 63.225181592
    },
    {
      "tgid": 1,
      "comm": "pause",
      "cgroup_id": 72881,
      "on_cpu_stats_ns": {
        "count": 2.0,
        "sum_ns": 567900.9523809524,
        "mean_ns": 283950.4761904762,
        "median_ns": 350366.28571428574,
        "min_ns": 217534.66666666666,
        "max_ns": 350366.28571428574,
        "variance_ns2": 8822119509.4059,
        "iqr_ns": 132831.61904761908,
        "q1_ns": 217534.66666666666,
        "q3_ns": 350366.28571428574
      },
      "runq_latency_stats_ns": {
        "count": 2.0,
        "sum_ns": 6928.396825396825,
        "mean_ns": 3464.1984126984125,
        "median_ns": 5830.111111111111,
        "min_ns": 1098.2857142857142,
        "max_ns": 5830.111111111111,
        "variance_ns2": 11195085.793020913,
        "iqr_ns": 4731.825396825398,
        "q1_ns": 1098.2857142857142,
        "q3_ns": 5830.111111111111
      },
      "first_seen_ts_ns": 1750139974439899608,
      "last_seen_ts_ns": 1750140006706829598,
      "duration_active_s": 32.26692999
    },
    {
      "tgid": 112,
      "comm": "flux-broker-0",
      "cgroup_id": 73217,
      "on_cpu_stats_ns": {
        "count": 51.0,
        "sum_ns": 346842.36792259035,
        "mean_ns": 6800.830743580203,
        "median_ns": 6281.448877776591,
        "min_ns": 3533.0,
        "max_ns": 13063.0,
        "variance_ns2": 4415163.25004714,
        "iqr_ns": 2494.6477941603,
        "q1_ns": 5454.348784863084,
        "q3_ns": 7948.996579023384
      },
      "runq_latency_stats_ns": {
        "count": 51.0,
        "sum_ns": 199467.56808048728,
        "mean_ns": 3911.1287858919077,
        "median_ns": 3859.516662917234,
        "min_ns": 1345.75,
        "max_ns": 7361.681818181818,
        "variance_ns2": 2490085.355345718,
        "iqr_ns": 2319.468392294496,
        "q1_ns": 2709.1910253920805,
        "q3_ns": 5028.6594176865765
      },
      "first_seen_ts_ns": 1750139945259893693,
      "last_seen_ts_ns": 1750139960209895309,
      "duration_active_s": 14.950001616
    }
  ]
}
[06:00:06] Cleanup complete. Exiting.
