unlimited
PROGRAM: cpu
Looking for /opt/programs/cpu/ebpf-collect.c
[07:23:42] Waiting for start indicator file: '/mnt/flux/start_ebpf_collection'.
[07:23:44] Start indicator found. Proceeding with monitoring.
[07:23:44] Initializing eBPF for CPU Scheduling monitoring...
[07:23:44] BPF C code compiled and loaded.
[07:23:44] Attached tracepoints.
[07:23:44] Monitoring CPU scheduling events (polling aggregated map)... Press Ctrl+C to stop.
[07:24:42] Stop indicator file '/mnt/flux/stop_ebpf_collection' found. Stopping.
[07:24:42] Initiating cleanup sequence...
{
  "final_aggregated_summary_river": [
    {
      "tgid": 31,
      "comm": "bash",
      "cgroup_id": 86010,
      "on_cpu_stats_ns": {
        "count": 68.0,
        "sum_ns": 11399373.083333332,
        "mean_ns": 167637.8394607843,
        "median_ns": 41271.679339488976,
        "min_ns": 10283.0,
        "max_ns": 2221008.0,
        "variance_ns2": 113211779621.13107,
        "iqr_ns": 289548.80392807093,
        "q1_ns": 19631.908867161106,
        "q3_ns": 309180.712795232
      },
      "runq_latency_stats_ns": {
        "count": 67.0,
        "sum_ns": 5016901.416666668,
        "mean_ns": 74879.12562189056,
        "median_ns": 8305.321529815998,
        "min_ns": 1671.0,
        "max_ns": 1557549.5,
        "variance_ns2": 66491650245.7341,
        "iqr_ns": 7227.436813919325,
        "q1_ns": 4041.0434108981103,
        "q3_ns": 11268.480224817435
      },
      "first_seen_ts_ns": 1749626626114252136,
      "last_seen_ts_ns": 1749626682147804083,
      "duration_active_s": 56.033551947
    },
    {
      "tgid": 225,
      "comm": "xhpcg",
      "cgroup_id": 86150,
      "on_cpu_stats_ns": {
        "count": 118.0,
        "sum_ns": 1229434.8252088772,
        "mean_ns": 10418.9391966854,
        "median_ns": 9670.5940976894,
        "min_ns": 3998.1428571428573,
        "max_ns": 29695.0,
        "variance_ns2": 9187059.384012152,
        "iqr_ns": 2958.54952738455,
        "q1_ns": 8518.141106089486,
        "q3_ns": 11476.690633474036
      },
      "runq_latency_stats_ns": {
        "count": 118.0,
        "sum_ns": 673442.2878801286,
        "mean_ns": 5707.138032882446,
        "median_ns": 4204.871809576768,
        "min_ns": 930.8571428571429,
        "max_ns": 155031.57142857142,
        "variance_ns2": 197733351.26758024,
        "iqr_ns": 1636.8136886111288,
        "q1_ns": 3466.4911436708244,
        "q3_ns": 5103.304832281953
      },
      "first_seen_ts_ns": 1749626624574289063,
      "last_seen_ts_ns": 1749626645835201987,
      "duration_active_s": 21.260912924
    },
    {
      "tgid": 1,
      "comm": "pause",
      "cgroup_id": 85800,
      "on_cpu_stats_ns": {
        "count": 2.0,
        "sum_ns": 624268.1111111111,
        "mean_ns": 312134.05555555556,
        "median_ns": 360367.0,
        "min_ns": 263901.1111111111,
        "max_ns": 360367.0,
        "variance_ns2": 4652833859.561728,
        "iqr_ns": 96465.88888888888,
        "q1_ns": 263901.1111111111,
        "q3_ns": 360367.0
      },
      "runq_latency_stats_ns": {
        "count": 2.0,
        "sum_ns": 4666.333333333333,
        "mean_ns": 2333.1666666666665,
        "median_ns": 3038.0,
        "min_ns": 1628.3333333333333,
        "max_ns": 3038.0,
        "variance_ns2": 993580.0555555559,
        "iqr_ns": 1409.6666666666667,
        "q1_ns": 1628.3333333333333,
        "q3_ns": 3038.0
      },
      "first_seen_ts_ns": 1749626682249104509,
      "last_seen_ts_ns": 1749626682655348822,
      "duration_active_s": 0.406244313
    }
  ]
}
[07:24:42] Cleanup complete. Exiting.
