unlimited
PROGRAM: cpu
Looking for /opt/programs/cpu/ebpf-collect.c
[00:30:24] Waiting for start indicator file: '/mnt/flux/start_ebpf_collection'.
[00:30:31] Start indicator found. Proceeding with monitoring.
[00:30:31] Initializing eBPF for CPU Scheduling monitoring...
[00:30:32] BPF C code compiled and loaded.
[00:30:32] Attached tracepoints.
[00:30:32] Monitoring CPU scheduling events (polling aggregated map)... Press Ctrl+C to stop.
[00:32:03] Stop indicator file '/mnt/flux/stop_ebpf_collection' found. Stopping.
[00:32:03] Initiating cleanup sequence...
{
  "final_aggregated_summary_river": [
    {
      "tgid": 31,
      "comm": "bash",
      "cgroup_id": 22391,
      "on_cpu_stats_ns": {
        "count": 91.0,
        "sum_ns": 6157142.177272732,
        "mean_ns": 67660.9030469531,
        "median_ns": 35641.70263125548,
        "min_ns": 8330.0,
        "max_ns": 889932.0,
        "variance_ns2": 11059136117.317427,
        "iqr_ns": 56106.89712777131,
        "q1_ns": 21567.8783934173,
        "q3_ns": 77674.77552118861
      },
      "runq_latency_stats_ns": {
        "count": 91.0,
        "sum_ns": 1664832.0121212117,
        "mean_ns": 18294.85727605727,
        "median_ns": 11708.910137361869,
        "min_ns": 2660.0,
        "max_ns": 137291.0,
        "variance_ns2": 480720594.07496077,
        "iqr_ns": 17027.628123744737,
        "q1_ns": 5968.402182965924,
        "q3_ns": 22996.03030671066
      },
      "first_seen_ts_ns": 1749688232459803218,
      "last_seen_ts_ns": 1749688323487216263,
      "duration_active_s": 91.027413045
    },
    {
      "tgid": 1,
      "comm": "pause",
      "cgroup_id": 22181,
      "on_cpu_stats_ns": {
        "count": 2.0,
        "sum_ns": 1083184.513888889,
        "mean_ns": 541592.2569444445,
        "median_ns": 678681.625,
        "min_ns": 404502.8888888889,
        "max_ns": 678681.625,
        "variance_ns2": 37586989667.74314,
        "iqr_ns": 274178.7361111111,
        "q1_ns": 404502.8888888889,
        "q3_ns": 678681.625
      },
      "runq_latency_stats_ns": {
        "count": 2.0,
        "sum_ns": 17734.38888888889,
        "mean_ns": 8867.194444444445,
        "median_ns": 12686.888888888889,
        "min_ns": 5047.5,
        "max_ns": 12686.888888888889,
        "variance_ns2": 29180131.29783951,
        "iqr_ns": 7639.388888888889,
        "q1_ns": 5047.5,
        "q3_ns": 12686.888888888889
      },
      "first_seen_ts_ns": 1749688275710852822,
      "last_seen_ts_ns": 1749688323487216263,
      "duration_active_s": 47.776363441
    },
    {
      "tgid": 225,
      "comm": "xhpcg",
      "cgroup_id": 22531,
      "on_cpu_stats_ns": {
        "count": 12.0,
        "sum_ns": 134413.86806445022,
        "mean_ns": 11201.15567203752,
        "median_ns": 10977.626128472222,
        "min_ns": 8483.125,
        "max_ns": 14817.75,
        "variance_ns2": 3634741.7948377547,
        "iqr_ns": 2409.075180392794,
        "q1_ns": 10148.549819607206,
        "q3_ns": 12557.625
      },
      "runq_latency_stats_ns": {
        "count": 12.0,
        "sum_ns": 118528.67327016851,
        "mean_ns": 9877.38943918071,
        "median_ns": 6419.373807688355,
        "min_ns": 2960.6382978723404,
        "max_ns": 34361.739130434784,
        "variance_ns2": 74810300.57668157,
        "iqr_ns": 5660.259902270807,
        "q1_ns": 5138.478819297226,
        "q3_ns": 10798.738721568034
      },
      "first_seen_ts_ns": 1749688252212248459,
      "last_seen_ts_ns": 1749688259172268779,
      "duration_active_s": 6.96002032
    }
  ]
}
[00:32:03] Cleanup complete. Exiting.
