unlimited
PROGRAM: cpu
Looking for /opt/programs/cpu/ebpf-collect.c
[14:18:27] Waiting for start indicator file: '/mnt/flux/start_ebpf_collection'.
[14:18:33] Start indicator found. Proceeding with monitoring.
[14:18:33] Initializing eBPF for CPU Scheduling monitoring...
[14:18:33] BPF C code compiled and loaded.
[14:18:33] Attached tracepoints.
[14:18:33] Monitoring CPU scheduling events (polling aggregated map)... Press Ctrl+C to stop.
[14:19:37] Stop indicator file '/mnt/flux/stop_ebpf_collection' found. Stopping.
[14:19:37] Initiating cleanup sequence...
{
  "final_aggregated_summary_river": [
    {
      "tgid": 40,
      "comm": "bash",
      "cgroup_id": 45338,
      "on_cpu_stats_ns": {
        "count": 63.0,
        "sum_ns": 4934861.166666666,
        "mean_ns": 78331.12962962962,
        "median_ns": 20549.571141190296,
        "min_ns": 5702.0,
        "max_ns": 1034422.0,
        "variance_ns2": 25658671145.168865,
        "iqr_ns": 44217.563621477486,
        "q1_ns": 11942.32504090726,
        "q3_ns": 56159.88866238475
      },
      "runq_latency_stats_ns": {
        "count": 64.0,
        "sum_ns": 16523448.666666668,
        "mean_ns": 258178.8854166667,
        "median_ns": 14209.096812785905,
        "min_ns": 1091.0,
        "max_ns": 10652458.0,
        "variance_ns2": 1936198559300.9236,
        "iqr_ns": 18786.28818328825,
        "q1_ns": 4718.88595765824,
        "q3_ns": 23505.17414094649
      },
      "first_seen_ts_ns": 1749997114073452508,
      "last_seen_ts_ns": 1749997177507606057,
      "duration_active_s": 63.434153549
    },
    {
      "tgid": 1,
      "comm": "pause",
      "cgroup_id": 45002,
      "on_cpu_stats_ns": {
        "count": 2.0,
        "sum_ns": 748705.5079365079,
        "mean_ns": 374352.75396825396,
        "median_ns": 471480.28571428574,
        "min_ns": 277225.22222222225,
        "max_ns": 471480.28571428574,
        "variance_ns2": 18867514846.152813,
        "iqr_ns": 194255.0634920635,
        "q1_ns": 277225.22222222225,
        "q3_ns": 471480.28571428574
      },
      "runq_latency_stats_ns": {
        "count": 2.0,
        "sum_ns": 9575.777777777777,
        "mean_ns": 4787.888888888889,
        "median_ns": 7805.777777777777,
        "min_ns": 1770.0,
        "max_ns": 7805.777777777777,
        "variance_ns2": 18215306.691358022,
        "iqr_ns": 6035.777777777777,
        "q1_ns": 1770.0,
        "q3_ns": 7805.777777777777
      },
      "first_seen_ts_ns": 1749997157573487190,
      "last_seen_ts_ns": 1749997177507606057,
      "duration_active_s": 19.934118867
    }
  ]
}
[14:19:37] Cleanup complete. Exiting.
