unlimited
PROGRAM: cpu
Looking for /opt/programs/cpu/ebpf-collect.c
[03:15:23] Waiting for start indicator file: '/mnt/flux/start_ebpf_collection'.
[03:15:24] Start indicator found. Proceeding with monitoring.
[03:15:24] Initializing eBPF for CPU Scheduling monitoring...
[03:15:24] BPF C code compiled and loaded.
[03:15:24] Attached tracepoints.
[03:15:24] Monitoring CPU scheduling events (polling aggregated map)... Press Ctrl+C to stop.
[03:16:34] Stop indicator file '/mnt/flux/stop_ebpf_collection' found. Stopping.
[03:16:34] Initiating cleanup sequence...
{
  "final_aggregated_summary_river": [
    {
      "tgid": 31,
      "comm": "bash",
      "cgroup_id": 55514,
      "on_cpu_stats_ns": {
        "count": 45.0,
        "sum_ns": 5521616.000000002,
        "mean_ns": 122702.57777777781,
        "median_ns": 33958.59913463639,
        "min_ns": 4989.0,
        "max_ns": 1034922.0,
        "variance_ns2": 43146169419.40859,
        "iqr_ns": 78713.21147200806,
        "q1_ns": 12561.72400652356,
        "q3_ns": 91274.93547853161
      },
      "runq_latency_stats_ns": {
        "count": 45.0,
        "sum_ns": 971676.4999999998,
        "mean_ns": 21592.811111111107,
        "median_ns": 2473.9121460447286,
        "min_ns": 936.0,
        "max_ns": 698508.0,
        "variance_ns2": 10681559621.13964,
        "iqr_ns": 5532.240917644785,
        "q1_ns": 1737.1999859010552,
        "q3_ns": 7269.44090354584
      },
      "first_seen_ts_ns": 1749784525208767010,
      "last_seen_ts_ns": 1749784594468865161,
      "duration_active_s": 69.260098151
    },
    {
      "tgid": 1,
      "comm": "pause",
      "cgroup_id": 55304,
      "on_cpu_stats_ns": {
        "count": 3.0,
        "sum_ns": 672620.2222222222,
        "mean_ns": 224206.74074074073,
        "median_ns": 206813.0,
        "min_ns": 198603.88888888888,
        "max_ns": 267203.3333333333,
        "variance_ns2": 1403377607.2386827,
        "iqr_ns": 68599.44444444444,
        "q1_ns": 198603.88888888888,
        "q3_ns": 267203.3333333333
      },
      "runq_latency_stats_ns": {
        "count": 3.0,
        "sum_ns": 13365.777777777777,
        "mean_ns": 4455.259259259259,
        "median_ns": 1692.0,
        "min_ns": 841.0,
        "max_ns": 10832.777777777777,
        "variance_ns2": 30685607.090534978,
        "iqr_ns": 9991.777777777777,
        "q1_ns": 841.0,
        "q3_ns": 10832.777777777777
      },
      "first_seen_ts_ns": 1749784533819942831,
      "last_seen_ts_ns": 1749784594468865161,
      "duration_active_s": 60.64892233
    },
    {
      "tgid": 65,
      "comm": "bash",
      "cgroup_id": 55654,
      "on_cpu_stats_ns": {
        "count": 23.0,
        "sum_ns": 264659.05555555556,
        "mean_ns": 11506.9154589372,
        "median_ns": 10065.168384447057,
        "min_ns": 4263.0,
        "max_ns": 21027.0,
        "variance_ns2": 30329425.442163173,
        "iqr_ns": 8986.550132299093,
        "q1_ns": 7250.483658661267,
        "q3_ns": 16237.03379096036
      },
      "runq_latency_stats_ns": {
        "count": 23.0,
        "sum_ns": 1623336.6388888888,
        "mean_ns": 70579.8538647343,
        "median_ns": 12380.7584328219,
        "min_ns": 1692.125,
        "max_ns": 1454122.0,
        "variance_ns2": 90986892012.95251,
        "iqr_ns": 56825.95774580003,
        "q1_ns": 4501.1015625,
        "q3_ns": 61327.05930830003
      },
      "first_seen_ts_ns": 1749784524902495899,
      "last_seen_ts_ns": 1749784591329902475,
      "duration_active_s": 66.427406576
    }
  ]
}
[03:16:34] Cleanup complete. Exiting.
