unlimited
PROGRAM: cpu
Looking for /opt/programs/cpu/ebpf-collect.c
[23:43:05] Waiting for start indicator file: '/mnt/flux/start_ebpf_collection'.
[23:43:11] Start indicator found. Proceeding with monitoring.
[23:43:11] Initializing eBPF for CPU Scheduling monitoring...
[23:43:11] BPF C code compiled and loaded.
[23:43:11] Attached tracepoints.
[23:43:11] Monitoring CPU scheduling events (polling aggregated map)... Press Ctrl+C to stop.
[23:44:04] Stop indicator file '/mnt/flux/stop_ebpf_collection' found. Stopping.
[23:44:04] Initiating cleanup sequence...
{
  "final_aggregated_summary_river": [
    {
      "tgid": 30,
      "comm": "bash",
      "cgroup_id": 6835,
      "on_cpu_stats_ns": {
        "count": 49.0,
        "sum_ns": 4134581.041666667,
        "mean_ns": 84379.2049319728,
        "median_ns": 29293.34696212895,
        "min_ns": 7470.0,
        "max_ns": 2277478.0,
        "variance_ns2": 103277368455.52373,
        "iqr_ns": 44854.87938157319,
        "q1_ns": 17069.410620246854,
        "q3_ns": 61924.290001820045
      },
      "runq_latency_stats_ns": {
        "count": 49.0,
        "sum_ns": 2941855.8333333335,
        "mean_ns": 60037.87414965987,
        "median_ns": 15085.157250854953,
        "min_ns": 3610.0,
        "max_ns": 1234300.0,
        "variance_ns2": 34683286714.35437,
        "iqr_ns": 14363.623229003104,
        "q1_ns": 7162.647988413206,
        "q3_ns": 21526.27121741631
      },
      "first_seen_ts_ns": 1749685391833894285,
      "last_seen_ts_ns": 1749685444094571193,
      "duration_active_s": 52.260676908
    },
    {
      "tgid": 1,
      "comm": "pause",
      "cgroup_id": 6529,
      "on_cpu_stats_ns": {
        "count": 2.0,
        "sum_ns": 1269764.2222222222,
        "mean_ns": 634882.1111111111,
        "median_ns": 825593.6666666666,
        "min_ns": 444170.55555555556,
        "max_ns": 825593.6666666666,
        "variance_ns2": 72741794844.83948,
        "iqr_ns": 381423.11111111107,
        "q1_ns": 444170.55555555556,
        "q3_ns": 825593.6666666666
      },
      "runq_latency_stats_ns": {
        "count": 2.0,
        "sum_ns": 12675.555555555555,
        "mean_ns": 6337.777777777777,
        "median_ns": 7174.444444444444,
        "min_ns": 5501.111111111111,
        "max_ns": 7174.444444444444,
        "variance_ns2": 1400022.2222222209,
        "iqr_ns": 1673.333333333333,
        "q1_ns": 5501.111111111111,
        "q3_ns": 7174.444444444444
      },
      "first_seen_ts_ns": 1749685395164323846,
      "last_seen_ts_ns": 1749685444196968319,
      "duration_active_s": 49.032644473
    }
  ]
}
[23:44:04] Cleanup complete. Exiting.
