unlimited
PROGRAM: cpu
Looking for /opt/programs/cpu/ebpf-collect.c
[15:33:08] Waiting for start indicator file: '/mnt/flux/start_ebpf_collection'.
[15:33:14] Start indicator found. Proceeding with monitoring.
[15:33:14] Initializing eBPF for CPU Scheduling monitoring...
[15:33:14] BPF C code compiled and loaded.
[15:33:14] Attached tracepoints.
[15:33:14] Monitoring CPU scheduling events (polling aggregated map)... Press Ctrl+C to stop.
[15:34:26] Stop indicator file '/mnt/flux/stop_ebpf_collection' found. Stopping.
[15:34:26] Initiating cleanup sequence...
{
  "final_aggregated_summary_river": [
    {
      "tgid": 45,
      "comm": "bash",
      "cgroup_id": 79703,
      "on_cpu_stats_ns": {
        "count": 86.0,
        "sum_ns": 4362614.666666666,
        "mean_ns": 50728.07751937984,
        "median_ns": 34954.08462164037,
        "min_ns": 5744.0,
        "max_ns": 219076.5,
        "variance_ns2": 2029339379.4540505,
        "iqr_ns": 57155.043988141086,
        "q1_ns": 14556.909578597757,
        "q3_ns": 71711.95356673884
      },
      "runq_latency_stats_ns": {
        "count": 86.0,
        "sum_ns": 1392016.6666666663,
        "mean_ns": 16186.240310077515,
        "median_ns": 8635.809944863155,
        "min_ns": 1280.0,
        "max_ns": 226587.5,
        "variance_ns2": 843979031.5263754,
        "iqr_ns": 13397.603992277098,
        "q1_ns": 4783.720980811372,
        "q3_ns": 18181.32497308847
      },
      "first_seen_ts_ns": 1750001595757653654,
      "last_seen_ts_ns": 1750001666865072602,
      "duration_active_s": 71.107418948
    },
    {
      "tgid": 1,
      "comm": "pause",
      "cgroup_id": 79367,
      "on_cpu_stats_ns": {
        "count": 3.0,
        "sum_ns": 949615.3396825396,
        "mean_ns": 316538.4465608465,
        "median_ns": 270095.1111111111,
        "min_ns": 227164.8,
        "max_ns": 452355.4285714286,
        "variance_ns2": 14295442354.871271,
        "iqr_ns": 225190.6285714286,
        "q1_ns": 227164.8,
        "q3_ns": 452355.4285714286
      },
      "runq_latency_stats_ns": {
        "count": 3.0,
        "sum_ns": 63612.48095238095,
        "mean_ns": 21204.16031746032,
        "median_ns": 5801.666666666667,
        "min_ns": 1557.7142857142858,
        "max_ns": 56253.1,
        "variance_ns2": 925823912.6056764,
        "iqr_ns": 54695.385714285716,
        "q1_ns": 1557.7142857142858,
        "q3_ns": 56253.1
      },
      "first_seen_ts_ns": 1750001598191500269,
      "last_seen_ts_ns": 1750001666865072602,
      "duration_active_s": 68.673572333
    },
    {
      "tgid": 250,
      "comm": "flux-shell",
      "cgroup_id": 79787,
      "on_cpu_stats_ns": {
        "count": 2.0,
        "sum_ns": 18507.625,
        "mean_ns": 9253.8125,
        "median_ns": 13243.0,
        "min_ns": 5264.625,
        "max_ns": 13243.0,
        "variance_ns2": 31827233.8203125,
        "iqr_ns": 7978.375,
        "q1_ns": 5264.625,
        "q3_ns": 13243.0
      },
      "runq_latency_stats_ns": {
        "count": 2.0,
        "sum_ns": 12364.375,
        "mean_ns": 6182.1875,
        "median_ns": 8586.0,
        "min_ns": 3778.375,
        "max_ns": 8586.0,
        "variance_ns2": 11556629.0703125,
        "iqr_ns": 4807.625,
        "q1_ns": 3778.375,
        "q3_ns": 8586.0
      },
      "first_seen_ts_ns": 1750001645335339811,
      "last_seen_ts_ns": 1750001645437886480,
      "duration_active_s": 0.102546669
    }
  ]
}
[15:34:26] Cleanup complete. Exiting.
