unlimited
PROGRAM: cpu
Looking for /opt/programs/cpu/ebpf-collect.c
[14:42:56] Waiting for start indicator file: '/mnt/flux/start_ebpf_collection'.
[14:43:02] Start indicator found. Proceeding with monitoring.
[14:43:02] Initializing eBPF for CPU Scheduling monitoring...
[14:43:03] BPF C code compiled and loaded.
[14:43:03] Attached tracepoints.
[14:43:03] Monitoring CPU scheduling events (polling aggregated map)... Press Ctrl+C to stop.
[14:44:02] Stop indicator file '/mnt/flux/stop_ebpf_collection' found. Stopping.
[14:44:02] Initiating cleanup sequence...
{
  "final_aggregated_summary_river": [
    {
      "tgid": 1,
      "comm": "pause",
      "cgroup_id": 56432,
      "on_cpu_stats_ns": {
        "count": 1.0,
        "sum_ns": 482984.5714285714,
        "mean_ns": 482984.5714285714,
        "median_ns": 482984.5714285714,
        "min_ns": 482984.5714285714,
        "max_ns": 482984.5714285714,
        "variance_ns2": null,
        "iqr_ns": 0.0,
        "q1_ns": 482984.5714285714,
        "q3_ns": 482984.5714285714
      },
      "runq_latency_stats_ns": {
        "count": 1.0,
        "sum_ns": 1756.0,
        "mean_ns": 1756.0,
        "median_ns": 1756.0,
        "min_ns": 1756.0,
        "max_ns": 1756.0,
        "variance_ns2": null,
        "iqr_ns": 0.0,
        "q1_ns": 1756.0,
        "q3_ns": 1756.0
      },
      "first_seen_ts_ns": 1749998642908107560,
      "last_seen_ts_ns": 1749998642908107560,
      "duration_active_s": 0
    },
    {
      "tgid": 44,
      "comm": "bash",
      "cgroup_id": 56768,
      "on_cpu_stats_ns": {
        "count": 22.0,
        "sum_ns": 246776.5,
        "mean_ns": 11217.113636363636,
        "median_ns": 10244.713595779222,
        "min_ns": 6334.0,
        "max_ns": 20012.0,
        "variance_ns2": 16279168.56980519,
        "iqr_ns": 6279.9093053760125,
        "q1_ns": 7380.45462493236,
        "q3_ns": 13660.363930308373
      },
      "runq_latency_stats_ns": {
        "count": 22.0,
        "sum_ns": 322688.5,
        "mean_ns": 14667.659090909092,
        "median_ns": 11926.671064814816,
        "min_ns": 2281.0,
        "max_ns": 49320.0,
        "variance_ns2": 143363231.89015153,
        "iqr_ns": 13868.05431562294,
        "q1_ns": 4227.852194107298,
        "q3_ns": 18095.906509730237
      },
      "first_seen_ts_ns": 1749998583303958717,
      "last_seen_ts_ns": 1749998639466568003,
      "duration_active_s": 56.162609286
    }
  ]
}
[14:44:02] Cleanup complete. Exiting.
