unlimited
PROGRAM: cpu
Looking for /opt/programs/cpu/ebpf-collect.c
[00:58:01] Waiting for start indicator file: '/mnt/flux/start_ebpf_collection'.
[00:58:07] Start indicator found. Proceeding with monitoring.
[00:58:07] Initializing eBPF for CPU Scheduling monitoring...
[00:58:08] BPF C code compiled and loaded.
[00:58:08] Attached tracepoints.
[00:58:08] Monitoring CPU scheduling events (polling aggregated map)... Press Ctrl+C to stop.
[00:58:14] Stop indicator file '/mnt/flux/stop_ebpf_collection' found. Stopping.
[00:58:14] Initiating cleanup sequence...
{
  "final_aggregated_summary_river": [
    {
      "tgid": 1,
      "comm": "pause",
      "cgroup_id": 34247,
      "on_cpu_stats_ns": {
        "count": 8.0,
        "sum_ns": 22604718.714285716,
        "mean_ns": 2825589.8392857146,
        "median_ns": 1674998.2857142857,
        "min_ns": 502232.85714285716,
        "max_ns": 12553985.0,
        "variance_ns2": 15988322546655.744,
        "iqr_ns": 968645.6339285714,
        "q1_ns": 1088801.3660714286,
        "q3_ns": 2057447.0
      },
      "runq_latency_stats_ns": {
        "count": 8.0,
        "sum_ns": 72367.12499999999,
        "mean_ns": 9045.890624999998,
        "median_ns": 5833.111111111111,
        "min_ns": 3760.0,
        "max_ns": 27090.0,
        "variance_ns2": 56880839.309988834,
        "iqr_ns": 3674.5555555555557,
        "q1_ns": 4774.777777777778,
        "q3_ns": 8449.333333333334
      },
      "first_seen_ts_ns": 1749689889053842532,
      "last_seen_ts_ns": 1749689894174296441,
      "duration_active_s": 5.120453909
    },
    {
      "tgid": 31,
      "comm": "bash",
      "cgroup_id": 34457,
      "on_cpu_stats_ns": {
        "count": 16.0,
        "sum_ns": 3837404.833333333,
        "mean_ns": 239837.8020833333,
        "median_ns": 64708.2031893004,
        "min_ns": 9335.0,
        "max_ns": 1673894.0,
        "variance_ns2": 181153733817.23785,
        "iqr_ns": 318750.3703008647,
        "q1_ns": 14377.789814814814,
        "q3_ns": 333128.1601156795
      },
      "runq_latency_stats_ns": {
        "count": 16.0,
        "sum_ns": 2866402.6666666665,
        "mean_ns": 179150.16666666666,
        "median_ns": 22362.443430555555,
        "min_ns": 2620.0,
        "max_ns": 1259675.0,
        "variance_ns2": 114606783646.72964,
        "iqr_ns": 176548.00957947533,
        "q1_ns": 5626.852592592592,
        "q3_ns": 182174.86217206792
      },
      "first_seen_ts_ns": 1749689888534849006,
      "last_seen_ts_ns": 1749689894174296441,
      "duration_active_s": 5.639447435
    },
    {
      "tgid": 40,
      "comm": "bash",
      "cgroup_id": 34527,
      "on_cpu_stats_ns": {
        "count": 12.0,
        "sum_ns": 2129199.1666666665,
        "mean_ns": 177433.26388888888,
        "median_ns": 50287.89506172839,
        "min_ns": 10651.0,
        "max_ns": 1352091.0,
        "variance_ns2": 153137215770.3205,
        "iqr_ns": 267993.48865740735,
        "q1_ns": 29540.0,
        "q3_ns": 297533.48865740735
      },
      "runq_latency_stats_ns": {
        "count": 12.0,
        "sum_ns": 907578.8333333335,
        "mean_ns": 75631.56944444445,
        "median_ns": 7242.6399999999985,
        "min_ns": 4348.0,
        "max_ns": 645636.0,
        "variance_ns2": 33453095596.769993,
        "iqr_ns": 8893.75,
        "q1_ns": 6771.25,
        "q3_ns": 15665.0
      },
      "first_seen_ts_ns": 1749689888742266141,
      "last_seen_ts_ns": 1749689894174296441,
      "duration_active_s": 5.4320303
    }
  ]
}
[00:58:14] Cleanup complete. Exiting.
