unlimited
PROGRAM: cpu
Looking for /opt/programs/cpu/ebpf-collect.c
[03:21:53] Waiting for start indicator file: '/mnt/flux/start_ebpf_collection'.
[03:21:54] Start indicator found. Proceeding with monitoring.
[03:21:54] Initializing eBPF for CPU Scheduling monitoring...
[03:21:54] BPF C code compiled and loaded.
[03:21:54] Attached tracepoints.
[03:21:54] Monitoring CPU scheduling events (polling aggregated map)... Press Ctrl+C to stop.
[03:22:56] Stop indicator file '/mnt/flux/stop_ebpf_collection' found. Stopping.
[03:22:56] Initiating cleanup sequence...
{
  "final_aggregated_summary_river": [
    {
      "tgid": 31,
      "comm": "bash",
      "cgroup_id": 58084,
      "on_cpu_stats_ns": {
        "count": 37.0,
        "sum_ns": 2147930.6666666665,
        "mean_ns": 58052.18018018017,
        "median_ns": 24082.90772640179,
        "min_ns": 7014.0,
        "max_ns": 252193.0,
        "variance_ns2": 5658508796.761387,
        "iqr_ns": 48947.9326815268,
        "q1_ns": 11714.360724495888,
        "q3_ns": 60662.29340602269
      },
      "runq_latency_stats_ns": {
        "count": 37.0,
        "sum_ns": 331215.50000000006,
        "mean_ns": 8951.770270270272,
        "median_ns": 5299.731980083895,
        "min_ns": 827.0,
        "max_ns": 75528.0,
        "variance_ns2": 151942904.1440607,
        "iqr_ns": 8724.423706877124,
        "q1_ns": 3018.877037831809,
        "q3_ns": 11743.300744708933
      },
      "first_seen_ts_ns": 1749784914713330313,
      "last_seen_ts_ns": 1749784976012991409,
      "duration_active_s": 61.299661096
    },
    {
      "tgid": 65,
      "comm": "bash",
      "cgroup_id": 58224,
      "on_cpu_stats_ns": {
        "count": 23.0,
        "sum_ns": 284418.4583333333,
        "mean_ns": 12366.01992753623,
        "median_ns": 10446.445690924982,
        "min_ns": 6446.333333333333,
        "max_ns": 25677.0,
        "variance_ns2": 28691026.44947437,
        "iqr_ns": 8195.83456702441,
        "q1_ns": 8486.869733796297,
        "q3_ns": 16682.704300820707
      },
      "runq_latency_stats_ns": {
        "count": 23.0,
        "sum_ns": 202933.79166666672,
        "mean_ns": 8823.208333333336,
        "median_ns": 6659.831981019161,
        "min_ns": 1495.625,
        "max_ns": 26273.0,
        "variance_ns2": 45217505.14030934,
        "iqr_ns": 10461.024558458987,
        "q1_ns": 3006.7177085669255,
        "q3_ns": 13467.742267025913
      },
      "first_seen_ts_ns": 1749784914713330313,
      "last_seen_ts_ns": 1749784975302746487,
      "duration_active_s": 60.589416174
    },
    {
      "tgid": 1,
      "comm": "pause",
      "cgroup_id": 57874,
      "on_cpu_stats_ns": {
        "count": 1.0,
        "sum_ns": 279896.44444444444,
        "mean_ns": 279896.44444444444,
        "median_ns": 279896.44444444444,
        "min_ns": 279896.44444444444,
        "max_ns": 279896.44444444444,
        "variance_ns2": null,
        "iqr_ns": 0.0,
        "q1_ns": 279896.44444444444,
        "q3_ns": 279896.44444444444
      },
      "runq_latency_stats_ns": {
        "count": 1.0,
        "sum_ns": 10876.111111111111,
        "mean_ns": 10876.111111111111,
        "median_ns": 10876.111111111111,
        "min_ns": 10876.111111111111,
        "max_ns": 10876.111111111111,
        "variance_ns2": null,
        "iqr_ns": 0.0,
        "q1_ns": 10876.111111111111,
        "q3_ns": 10876.111111111111
      },
      "first_seen_ts_ns": 1749784953839953103,
      "last_seen_ts_ns": 1749784953839953103,
      "duration_active_s": 0
    }
  ]
}
[03:22:56] Cleanup complete. Exiting.
