unlimited
PROGRAM: cpu
Looking for /opt/programs/cpu/ebpf-collect.c
[02:33:00] Waiting for start indicator file: '/mnt/flux/start_ebpf_collection'.
[02:33:06] Start indicator found. Proceeding with monitoring.
[02:33:06] Initializing eBPF for CPU Scheduling monitoring...
[02:33:06] BPF C code compiled and loaded.
[02:33:06] Attached tracepoints.
[02:33:06] Monitoring CPU scheduling events (polling aggregated map)... Press Ctrl+C to stop.
[02:34:07] Stop indicator file '/mnt/flux/stop_ebpf_collection' found. Stopping.
[02:34:07] Initiating cleanup sequence...
{
  "final_aggregated_summary_river": [
    {
      "tgid": 31,
      "comm": "bash",
      "cgroup_id": 38859,
      "on_cpu_stats_ns": {
        "count": 26.0,
        "sum_ns": 1685945.5,
        "mean_ns": 64844.05769230769,
        "median_ns": 20938.491405483404,
        "min_ns": 7490.0,
        "max_ns": 304614.0,
        "variance_ns2": 8206191843.446538,
        "iqr_ns": 15461.572094065992,
        "q1_ns": 12272.43445322623,
        "q3_ns": 27734.00654729222
      },
      "runq_latency_stats_ns": {
        "count": 26.0,
        "sum_ns": 222990.00000000003,
        "mean_ns": 8576.538461538463,
        "median_ns": 7712.415035774411,
        "min_ns": 1222.0,
        "max_ns": 20570.0,
        "variance_ns2": 32752238.81846154,
        "iqr_ns": 11228.180266203703,
        "q1_ns": 3111.2901041666664,
        "q3_ns": 14339.470370370369
      },
      "first_seen_ts_ns": 1749781989003604530,
      "last_seen_ts_ns": 1749782046966554771,
      "duration_active_s": 57.962950241
    },
    {
      "tgid": 1,
      "comm": "pause",
      "cgroup_id": 38649,
      "on_cpu_stats_ns": {
        "count": 2.0,
        "sum_ns": 484921.0,
        "mean_ns": 242460.5,
        "median_ns": 277298.0,
        "min_ns": 207623.0,
        "max_ns": 277298.0,
        "variance_ns2": 2427302812.5,
        "iqr_ns": 69675.0,
        "q1_ns": 207623.0,
        "q3_ns": 277298.0
      },
      "runq_latency_stats_ns": {
        "count": 2.0,
        "sum_ns": 8498.666666666668,
        "mean_ns": 4249.333333333334,
        "median_ns": 7525.666666666667,
        "min_ns": 973.0,
        "max_ns": 7525.666666666667,
        "variance_ns2": 21468720.222222228,
        "iqr_ns": 6552.666666666667,
        "q1_ns": 973.0,
        "q3_ns": 7525.666666666667
      },
      "first_seen_ts_ns": 1749782013549944643,
      "last_seen_ts_ns": 1749782047068687097,
      "duration_active_s": 33.518742454
    },
    {
      "tgid": 65,
      "comm": "bash",
      "cgroup_id": 38999,
      "on_cpu_stats_ns": {
        "count": 21.0,
        "sum_ns": 232646.2361111111,
        "mean_ns": 11078.392195767196,
        "median_ns": 9217.242989793773,
        "min_ns": 4814.0,
        "max_ns": 23207.0,
        "variance_ns2": 21279697.828779027,
        "iqr_ns": 4461.322943424919,
        "q1_ns": 8513.961640211643,
        "q3_ns": 12975.284583636561
      },
      "runq_latency_stats_ns": {
        "count": 21.0,
        "sum_ns": 162277.83333333334,
        "mean_ns": 7727.515873015874,
        "median_ns": 9345.733202380954,
        "min_ns": 1505.5,
        "max_ns": 15411.0,
        "variance_ns2": 20087455.795414463,
        "iqr_ns": 7204.39706053704,
        "q1_ns": 3845.8670766982973,
        "q3_ns": 11050.264137235337
      },
      "first_seen_ts_ns": 1749781986339936358,
      "last_seen_ts_ns": 1749782043332736607,
      "duration_active_s": 56.992800249
    }
  ]
}
[02:34:07] Cleanup complete. Exiting.
