ln: failed to create symbolic link '/mnt/flux/view/lib/python': File exists
ln: failed to create symbolic link '/mnt/flux/view/lib/python3': File exists
unlimited
PROGRAM: cpu
Looking for /opt/programs/cpu/ebpf-collect.c
[00:02:34] Waiting for start indicator file: '/mnt/flux/start_ebpf_collection'.
[00:02:40] Start indicator found. Proceeding with monitoring.
[00:02:40] Initializing eBPF for CPU Scheduling monitoring...
[00:02:40] BPF C code compiled and loaded.
[00:02:40] Attached tracepoints.
[00:02:40] Monitoring CPU scheduling events (polling aggregated map)... Press Ctrl+C to stop.
[00:03:35] Stop indicator file '/mnt/flux/stop_ebpf_collection' found. Stopping.
[00:03:35] Initiating cleanup sequence...
{
  "final_aggregated_summary_river": [
    {
      "tgid": 31,
      "comm": "bash",
      "cgroup_id": 13371,
      "on_cpu_stats_ns": {
        "count": 68.0,
        "sum_ns": 5624575.583333333,
        "mean_ns": 82714.34681372548,
        "median_ns": 46966.80839928071,
        "min_ns": 11631.0,
        "max_ns": 472324.0,
        "variance_ns2": 8536933603.568744,
        "iqr_ns": 71259.75376047977,
        "q1_ns": 24421.671441537797,
        "q3_ns": 95681.42520201756
      },
      "runq_latency_stats_ns": {
        "count": 68.0,
        "sum_ns": 3443604.4999999986,
        "mean_ns": 50641.2426470588,
        "median_ns": 8214.275743269767,
        "min_ns": 2780.0,
        "max_ns": 1472041.0,
        "variance_ns2": 38007146565.33204,
        "iqr_ns": 13804.798676606799,
        "q1_ns": 6142.074978485293,
        "q3_ns": 19946.87365509209
      },
      "first_seen_ts_ns": 1749686561160550479,
      "last_seen_ts_ns": 1749686615114368773,
      "duration_active_s": 53.953818294
    },
    {
      "tgid": 1,
      "comm": "pause",
      "cgroup_id": 13161,
      "on_cpu_stats_ns": {
        "count": 2.0,
        "sum_ns": 1843948.5777777778,
        "mean_ns": 921974.2888888889,
        "median_ns": 1466729.8,
        "min_ns": 377218.77777777775,
        "max_ns": 1466729.8,
        "variance_ns2": 593517133771.8558,
        "iqr_ns": 1089511.0222222223,
        "q1_ns": 377218.77777777775,
        "q3_ns": 1466729.8
      },
      "runq_latency_stats_ns": {
        "count": 2.0,
        "sum_ns": 21806.955555555556,
        "mean_ns": 10903.477777777778,
        "median_ns": 13432.4,
        "min_ns": 8374.555555555555,
        "max_ns": 13432.4,
        "variance_ns2": 12790895.212098762,
        "iqr_ns": 5057.844444444445,
        "q1_ns": 8374.555555555555,
        "q3_ns": 13432.4
      },
      "first_seen_ts_ns": 1749686595371313542,
      "last_seen_ts_ns": 1749686615114368773,
      "duration_active_s": 19.743055231
    }
  ]
}
[00:03:35] Cleanup complete. Exiting.
