unlimited
PROGRAM: cpu
Looking for /opt/programs/cpu/ebpf-collect.c
[13:58:39] Waiting for start indicator file: '/mnt/flux/start_ebpf_collection'.
[13:58:45] Start indicator found. Proceeding with monitoring.
[13:58:45] Initializing eBPF for CPU Scheduling monitoring...
[13:58:46] BPF C code compiled and loaded.
[13:58:46] Attached tracepoints.
[13:58:46] Monitoring CPU scheduling events (polling aggregated map)... Press Ctrl+C to stop.
[13:58:58] Stop indicator file '/mnt/flux/stop_ebpf_collection' found. Stopping.
[13:58:58] Initiating cleanup sequence...
{
  "final_aggregated_summary_river": [
    {
      "tgid": 1,
      "comm": "pause",
      "cgroup_id": 31675,
      "on_cpu_stats_ns": {
        "count": 6.0,
        "sum_ns": 5115393.55540293,
        "mean_ns": 852565.592567155,
        "median_ns": 870712.5,
        "min_ns": 424064.26373626373,
        "max_ns": 1602698.0,
        "variance_ns2": 262369785620.7335,
        "iqr_ns": 297481.0115995116,
        "q1_ns": 573231.4884004884,
        "q3_ns": 870712.5
      },
      "runq_latency_stats_ns": {
        "count": 6.0,
        "sum_ns": 14686.002164502164,
        "mean_ns": 2447.6670274170274,
        "median_ns": 1682.0,
        "min_ns": 1128.1666666666667,
        "max_ns": 6465.666666666667,
        "variance_ns2": 3972932.369697751,
        "iqr_ns": 0.0,
        "q1_ns": 1682.0,
        "q3_ns": 1682.0
      },
      "first_seen_ts_ns": 1749995926864305591,
      "last_seen_ts_ns": 1749995938871600659,
      "duration_active_s": 12.007295068
    },
    {
      "tgid": 44,
      "comm": "bash",
      "cgroup_id": 32011,
      "on_cpu_stats_ns": {
        "count": 4.0,
        "sum_ns": 32115.0,
        "mean_ns": 8028.75,
        "median_ns": 7417.0,
        "min_ns": 5358.0,
        "max_ns": 12743.0,
        "variance_ns2": 10593734.916666666,
        "iqr_ns": 6146.0,
        "q1_ns": 6597.0,
        "q3_ns": 12743.0
      },
      "runq_latency_stats_ns": {
        "count": 4.0,
        "sum_ns": 36085.0,
        "mean_ns": 9021.25,
        "median_ns": 9633.0,
        "min_ns": 1591.0,
        "max_ns": 15434.0,
        "variance_ns2": 32290282.91666667,
        "iqr_ns": 6007.0,
        "q1_ns": 9427.0,
        "q3_ns": 15434.0
      },
      "first_seen_ts_ns": 1749995927482369449,
      "last_seen_ts_ns": 1749995935510617489,
      "duration_active_s": 8.02824804
    }
  ]
}
[13:58:58] Cleanup complete. Exiting.
