unlimited
PROGRAM: cpu
Looking for /opt/programs/cpu/ebpf-collect.c
[02:18:08] Waiting for start indicator file: '/mnt/flux/start_ebpf_collection'.
[02:18:14] Start indicator found. Proceeding with monitoring.
[02:18:14] Initializing eBPF for CPU Scheduling monitoring...
[02:18:14] BPF C code compiled and loaded.
[02:18:14] Attached tracepoints.
[02:18:14] Monitoring CPU scheduling events (polling aggregated map)... Press Ctrl+C to stop.
[02:19:20] Stop indicator file '/mnt/flux/stop_ebpf_collection' found. Stopping.
[02:19:20] Initiating cleanup sequence...
{
  "final_aggregated_summary_river": [
    {
      "tgid": 31,
      "comm": "bash",
      "cgroup_id": 33129,
      "on_cpu_stats_ns": {
        "count": 28.0,
        "sum_ns": 3085097.833333333,
        "mean_ns": 110182.06547619047,
        "median_ns": 47611.6913502735,
        "min_ns": 4823.0,
        "max_ns": 584395.0,
        "variance_ns2": 17750528350.743504,
        "iqr_ns": 120115.62434840777,
        "q1_ns": 12645.914069956387,
        "q3_ns": 132761.53841836416
      },
      "runq_latency_stats_ns": {
        "count": 28.0,
        "sum_ns": 10098017.0,
        "mean_ns": 360643.4642857143,
        "median_ns": 2506.5099849867293,
        "min_ns": 1046.0,
        "max_ns": 9986108.0,
        "variance_ns2": 3558572983463.61,
        "iqr_ns": 4145.688883532328,
        "q1_ns": 2043.632105064124,
        "q3_ns": 6189.320988596452
      },
      "first_seen_ts_ns": 1749781094524482296,
      "last_seen_ts_ns": 1749781160147961331,
      "duration_active_s": 65.623479035
    },
    {
      "tgid": 1,
      "comm": "pause",
      "cgroup_id": 32919,
      "on_cpu_stats_ns": {
        "count": 2.0,
        "sum_ns": 492704.8888888889,
        "mean_ns": 246352.44444444444,
        "median_ns": 295231.8888888889,
        "min_ns": 197473.0,
        "max_ns": 295231.8888888889,
        "variance_ns2": 4778400178.395061,
        "iqr_ns": 97758.88888888888,
        "q1_ns": 197473.0,
        "q3_ns": 295231.8888888889
      },
      "runq_latency_stats_ns": {
        "count": 2.0,
        "sum_ns": 9763.222222222223,
        "mean_ns": 4881.611111111111,
        "median_ns": 8352.222222222223,
        "min_ns": 1411.0,
        "max_ns": 8352.222222222223,
        "variance_ns2": 24090282.969135806,
        "iqr_ns": 6941.222222222223,
        "q1_ns": 1411.0,
        "q3_ns": 8352.222222222223
      },
      "first_seen_ts_ns": 1749781113459951175,
      "last_seen_ts_ns": 1749781160553849628,
      "duration_active_s": 47.093898453
    },
    {
      "tgid": 65,
      "comm": "bash",
      "cgroup_id": 33269,
      "on_cpu_stats_ns": {
        "count": 24.0,
        "sum_ns": 314328.44444444444,
        "mean_ns": 13097.018518518518,
        "median_ns": 10789.835272429153,
        "min_ns": 5992.0,
        "max_ns": 25569.0,
        "variance_ns2": 41933260.8788692,
        "iqr_ns": 10188.760304161227,
        "q1_ns": 7880.0584182098755,
        "q3_ns": 18068.818722371103
      },
      "runq_latency_stats_ns": {
        "count": 24.0,
        "sum_ns": 195439.11111111112,
        "mean_ns": 8143.296296296297,
        "median_ns": 7377.461935826518,
        "min_ns": 1665.2222222222222,
        "max_ns": 15909.0,
        "variance_ns2": 26902665.626051176,
        "iqr_ns": 10599.82740415549,
        "q1_ns": 2718.8114776710872,
        "q3_ns": 13318.638881826579
      },
      "first_seen_ts_ns": 1749781094524482296,
      "last_seen_ts_ns": 1749781159333226958,
      "duration_active_s": 64.808744662
    }
  ]
}
[02:19:20] Cleanup complete. Exiting.
