unlimited
PROGRAM: cpu
Looking for /opt/programs/cpu/ebpf-collect.c
[14:52:48] Waiting for start indicator file: '/mnt/flux/start_ebpf_collection'.
[14:52:55] Start indicator found. Proceeding with monitoring.
[14:52:55] Initializing eBPF for CPU Scheduling monitoring...
[14:52:56] BPF C code compiled and loaded.
[14:52:56] Attached tracepoints.
[14:52:56] Monitoring CPU scheduling events (polling aggregated map)... Press Ctrl+C to stop.
[14:54:09] Stop indicator file '/mnt/flux/stop_ebpf_collection' found. Stopping.
[14:54:09] Initiating cleanup sequence...
{
  "final_aggregated_summary_river": [
    {
      "tgid": 1,
      "comm": "pause",
      "cgroup_id": 61003,
      "on_cpu_stats_ns": {
        "count": 2.0,
        "sum_ns": 705527.1587301587,
        "mean_ns": 352763.57936507935,
        "median_ns": 474567.71428571426,
        "min_ns": 230959.44444444444,
        "max_ns": 474567.71428571426,
        "variance_ns2": 29672494567.528465,
        "iqr_ns": 243608.26984126982,
        "q1_ns": 230959.44444444444,
        "q3_ns": 474567.71428571426
      },
      "runq_latency_stats_ns": {
        "count": 2.0,
        "sum_ns": 5351.269841269841,
        "mean_ns": 2675.6349206349205,
        "median_ns": 4018.5555555555557,
        "min_ns": 1332.7142857142858,
        "max_ns": 4018.5555555555557,
        "variance_ns2": 3606871.663391282,
        "iqr_ns": 2685.84126984127,
        "q1_ns": 1332.7142857142858,
        "q3_ns": 4018.5555555555557
      },
      "first_seen_ts_ns": 1749999197863476427,
      "last_seen_ts_ns": 1749999249166598480,
      "duration_active_s": 51.303122053
    },
    {
      "tgid": 250,
      "comm": "flux-shell",
      "cgroup_id": 61423,
      "on_cpu_stats_ns": {
        "count": 1.0,
        "sum_ns": 12290.8125,
        "mean_ns": 12290.8125,
        "median_ns": 12290.8125,
        "min_ns": 12290.8125,
        "max_ns": 12290.8125,
        "variance_ns2": null,
        "iqr_ns": 0.0,
        "q1_ns": 12290.8125,
        "q3_ns": 12290.8125
      },
      "runq_latency_stats_ns": {
        "count": 1.0,
        "sum_ns": 1197.0625,
        "mean_ns": 1197.0625,
        "median_ns": 1197.0625,
        "min_ns": 1197.0625,
        "max_ns": 1197.0625,
        "variance_ns2": null,
        "iqr_ns": 0.0,
        "q1_ns": 1197.0625,
        "q3_ns": 1197.0625
      },
      "first_seen_ts_ns": 1749999239383449815,
      "last_seen_ts_ns": 1749999239383449815,
      "duration_active_s": 0
    }
  ]
}
[14:54:09] Cleanup complete. Exiting.
