unlimited
PROGRAM: cpu
Looking for /opt/programs/cpu/ebpf-collect.c
[14:46:11] Waiting for start indicator file: '/mnt/flux/start_ebpf_collection'.
[14:46:17] Start indicator found. Proceeding with monitoring.
[14:46:17] Initializing eBPF for CPU Scheduling monitoring...
[14:46:18] BPF C code compiled and loaded.
[14:46:18] Attached tracepoints.
[14:46:18] Monitoring CPU scheduling events (polling aggregated map)... Press Ctrl+C to stop.
[14:47:25] Stop indicator file '/mnt/flux/stop_ebpf_collection' found. Stopping.
[14:47:25] Initiating cleanup sequence...
{
  "final_aggregated_summary_river": [
    {
      "tgid": 40,
      "comm": "bash",
      "cgroup_id": 58295,
      "on_cpu_stats_ns": {
        "count": 38.0,
        "sum_ns": 2787133.166666667,
        "mean_ns": 73345.60964912281,
        "median_ns": 33264.46572079718,
        "min_ns": 5949.0,
        "max_ns": 498394.0,
        "variance_ns2": 16226315443.546967,
        "iqr_ns": 55060.89772601791,
        "q1_ns": 11697.728711705919,
        "q3_ns": 66758.62643772383
      },
      "runq_latency_stats_ns": {
        "count": 38.0,
        "sum_ns": 957740.0,
        "mean_ns": 25203.684210526317,
        "median_ns": 11920.185211251968,
        "min_ns": 1666.0,
        "max_ns": 409041.0,
        "variance_ns2": 4360168615.12731,
        "iqr_ns": 21973.018584230434,
        "q1_ns": 4644.7134386735615,
        "q3_ns": 26617.732022903994
      },
      "first_seen_ts_ns": 1749998779407176508,
      "last_seen_ts_ns": 1749998844769650592,
      "duration_active_s": 65.362474084
    },
    {
      "tgid": 1,
      "comm": "pause",
      "cgroup_id": 57959,
      "on_cpu_stats_ns": {
        "count": 2.0,
        "sum_ns": 716897.380952381,
        "mean_ns": 358448.6904761905,
        "median_ns": 464216.71428571426,
        "min_ns": 252680.66666666666,
        "max_ns": 464216.71428571426,
        "variance_ns2": 22373749721.143986,
        "iqr_ns": 211536.0476190476,
        "q1_ns": 252680.66666666666,
        "q3_ns": 464216.71428571426
      },
      "runq_latency_stats_ns": {
        "count": 2.0,
        "sum_ns": 3465.9682539682544,
        "mean_ns": 1732.9841269841272,
        "median_ns": 2165.1111111111113,
        "min_ns": 1300.857142857143,
        "max_ns": 2165.1111111111113,
        "variance_ns2": 373467.4608213658,
        "iqr_ns": 864.2539682539684,
        "q1_ns": 1300.857142857143,
        "q3_ns": 2165.1111111111113
      },
      "first_seen_ts_ns": 1749998837790365011,
      "last_seen_ts_ns": 1749998845378232103,
      "duration_active_s": 7.587867092
    },
    {
      "tgid": 57,
      "comm": "bash",
      "cgroup_id": 58379,
      "on_cpu_stats_ns": {
        "count": 1.0,
        "sum_ns": 132920.0,
        "mean_ns": 132920.0,
        "median_ns": 132920.0,
        "min_ns": 132920.0,
        "max_ns": 132920.0,
        "variance_ns2": null,
        "iqr_ns": 0.0,
        "q1_ns": 132920.0,
        "q3_ns": 132920.0
      },
      "runq_latency_stats_ns": {
        "count": 1.0,
        "sum_ns": 9928.0,
        "mean_ns": 9928.0,
        "median_ns": 9928.0,
        "min_ns": 9928.0,
        "max_ns": 9928.0,
        "variance_ns2": null,
        "iqr_ns": 0.0,
        "q1_ns": 9928.0,
        "q3_ns": 9928.0
      },
      "first_seen_ts_ns": 1749998795153449616,
      "last_seen_ts_ns": 1749998795153449616,
      "duration_active_s": 0
    }
  ]
}
[14:47:25] Cleanup complete. Exiting.
