unlimited
PROGRAM: cpu
Looking for /opt/programs/cpu/ebpf-collect.c
[03:08:46] Waiting for start indicator file: '/mnt/flux/start_ebpf_collection'.
[03:08:47] Start indicator found. Proceeding with monitoring.
[03:08:47] Initializing eBPF for CPU Scheduling monitoring...
[03:08:48] BPF C code compiled and loaded.
[03:08:48] Attached tracepoints.
[03:08:48] Monitoring CPU scheduling events (polling aggregated map)... Press Ctrl+C to stop.
[03:09:51] Stop indicator file '/mnt/flux/stop_ebpf_collection' found. Stopping.
[03:09:51] Initiating cleanup sequence...
{
  "final_aggregated_summary_river": [
    {
      "tgid": 31,
      "comm": "bash",
      "cgroup_id": 52954,
      "on_cpu_stats_ns": {
        "count": 28.0,
        "sum_ns": 2380327.5000000005,
        "mean_ns": 85011.69642857145,
        "median_ns": 47550.30925748126,
        "min_ns": 7480.0,
        "max_ns": 413333.0,
        "variance_ns2": 9428902941.635912,
        "iqr_ns": 77021.6499538775,
        "q1_ns": 14736.6881922722,
        "q3_ns": 91758.33814614969
      },
      "runq_latency_stats_ns": {
        "count": 28.0,
        "sum_ns": 335117.50000000006,
        "mean_ns": 11968.482142857145,
        "median_ns": 3339.1325726399805,
        "min_ns": 1219.0,
        "max_ns": 178041.0,
        "variance_ns2": 1084833508.1015215,
        "iqr_ns": 6887.498405524197,
        "q1_ns": 2296.145461202974,
        "q3_ns": 9183.64386672717
      },
      "first_seen_ts_ns": 1749784128150396284,
      "last_seen_ts_ns": 1749784191741722782,
      "duration_active_s": 63.591326498
    },
    {
      "tgid": 1,
      "comm": "pause",
      "cgroup_id": 52744,
      "on_cpu_stats_ns": {
        "count": 3.0,
        "sum_ns": 1152066.0357142857,
        "mean_ns": 384022.0119047619,
        "median_ns": 392167.28571428574,
        "min_ns": 140750.75,
        "max_ns": 619148.0,
        "variance_ns2": 57265741315.964714,
        "iqr_ns": 478397.25,
        "q1_ns": 140750.75,
        "q3_ns": 619148.0
      },
      "runq_latency_stats_ns": {
        "count": 2.0,
        "sum_ns": 11496.285714285714,
        "mean_ns": 5748.142857142857,
        "median_ns": 10396.0,
        "min_ns": 1100.2857142857142,
        "max_ns": 10396.0,
        "variance_ns2": 43205152.04081633,
        "iqr_ns": 9295.714285714286,
        "q1_ns": 1100.2857142857142,
        "q3_ns": 10396.0
      },
      "first_seen_ts_ns": 1749784173739934201,
      "last_seen_ts_ns": 1749784191741722782,
      "duration_active_s": 18.001788581
    },
    {
      "tgid": 65,
      "comm": "bash",
      "cgroup_id": 53094,
      "on_cpu_stats_ns": {
        "count": 22.0,
        "sum_ns": 222844.66666666663,
        "mean_ns": 10129.303030303028,
        "median_ns": 8684.903684516792,
        "min_ns": 5550.25,
        "max_ns": 18262.0,
        "variance_ns2": 13729751.204725828,
        "iqr_ns": 4399.539610389609,
        "q1_ns": 7477.115873015873,
        "q3_ns": 11876.655483405482
      },
      "runq_latency_stats_ns": {
        "count": 22.0,
        "sum_ns": 137167.5833333333,
        "mean_ns": 6234.890151515151,
        "median_ns": 6419.024537037037,
        "min_ns": 1477.125,
        "max_ns": 10262.0,
        "variance_ns2": 8990348.4237013,
        "iqr_ns": 4621.916040535227,
        "q1_ns": 4088.8424365234373,
        "q3_ns": 8710.758477058664
      },
      "first_seen_ts_ns": 1749784128150396284,
      "last_seen_ts_ns": 1749784191334817292,
      "duration_active_s": 63.184421008
    }
  ]
}
[03:09:51] Cleanup complete. Exiting.
