unlimited
PROGRAM: cpu
Looking for /opt/programs/cpu/ebpf-collect.c
[01:53:29] Waiting for start indicator file: '/mnt/flux/start_ebpf_collection'.
[01:53:30] Start indicator found. Proceeding with monitoring.
[01:53:30] Initializing eBPF for CPU Scheduling monitoring...
[01:53:30] BPF C code compiled and loaded.
[01:53:30] Attached tracepoints.
[01:53:30] Monitoring CPU scheduling events (polling aggregated map)... Press Ctrl+C to stop.
[01:54:43] Stop indicator file '/mnt/flux/stop_ebpf_collection' found. Stopping.
[01:54:43] Initiating cleanup sequence...
{
  "final_aggregated_summary_river": [
    {
      "tgid": 31,
      "comm": "bash",
      "cgroup_id": 23554,
      "on_cpu_stats_ns": {
        "count": 22.0,
        "sum_ns": 1457024.166666667,
        "mean_ns": 66228.37121212123,
        "median_ns": 20792.409336419754,
        "min_ns": 4323.0,
        "max_ns": 634196.5,
        "variance_ns2": 19274880983.30141,
        "iqr_ns": 40726.72647580718,
        "q1_ns": 11199.364433283732,
        "q3_ns": 51926.09090909091
      },
      "runq_latency_stats_ns": {
        "count": 22.0,
        "sum_ns": 147571.50000000003,
        "mean_ns": 6707.795454545456,
        "median_ns": 2944.843528806585,
        "min_ns": 1179.0,
        "max_ns": 23476.0,
        "variance_ns2": 39297077.396645024,
        "iqr_ns": 5585.855390946501,
        "q1_ns": 2431.0,
        "q3_ns": 8016.855390946501
      },
      "first_seen_ts_ns": 1749779611249288500,
      "last_seen_ts_ns": 1749779682374619244,
      "duration_active_s": 71.125330744
    },
    {
      "tgid": 1,
      "comm": "pause",
      "cgroup_id": 23344,
      "on_cpu_stats_ns": {
        "count": 3.0,
        "sum_ns": 928116.3,
        "mean_ns": 309372.10000000003,
        "median_ns": 279727.5,
        "min_ns": 230160.0,
        "max_ns": 418228.8,
        "variance_ns2": 9501570115.230003,
        "iqr_ns": 188068.8,
        "q1_ns": 230160.0,
        "q3_ns": 418228.8
      },
      "runq_latency_stats_ns": {
        "count": 3.0,
        "sum_ns": 10231.8,
        "mean_ns": 3410.6,
        "median_ns": 2182.5,
        "min_ns": 1338.0,
        "max_ns": 6711.3,
        "variance_ns2": 8349260.430000001,
        "iqr_ns": 5373.3,
        "q1_ns": 1338.0,
        "q3_ns": 6711.3
      },
      "first_seen_ts_ns": 1749779613140658680,
      "last_seen_ts_ns": 1749779683495003931,
      "duration_active_s": 70.354345251
    },
    {
      "tgid": 65,
      "comm": "bash",
      "cgroup_id": 23694,
      "on_cpu_stats_ns": {
        "count": 28.0,
        "sum_ns": 274909.3333333334,
        "mean_ns": 9818.190476190477,
        "median_ns": 9336.166729481678,
        "min_ns": 3913.0,
        "max_ns": 19150.0,
        "variance_ns2": 10146182.892416222,
        "iqr_ns": 3225.695312147789,
        "q1_ns": 7757.06380952381,
        "q3_ns": 10982.7591216716
      },
      "runq_latency_stats_ns": {
        "count": 28.0,
        "sum_ns": 221331.44444444453,
        "mean_ns": 7904.694444444447,
        "median_ns": 8282.275106655638,
        "min_ns": 1566.0,
        "max_ns": 64987.0,
        "variance_ns2": 133199397.35219477,
        "iqr_ns": 6959.882077665173,
        "q1_ns": 2942.6700189241847,
        "q3_ns": 9902.552096589357
      },
      "first_seen_ts_ns": 1749779610936209565,
      "last_seen_ts_ns": 1749779683392538588,
      "duration_active_s": 72.456329023
    }
  ]
}
[01:54:43] Cleanup complete. Exiting.
