unlimited
PROGRAM: cpu
Looking for /opt/programs/cpu/ebpf-collect.c
[04:01:07] Waiting for start indicator file: '/mnt/flux/start_ebpf_collection'.
[04:01:08] Start indicator found. Proceeding with monitoring.
[04:01:08] Initializing eBPF for CPU Scheduling monitoring...
[04:01:08] BPF C code compiled and loaded.
[04:01:08] Attached tracepoints.
[04:01:08] Monitoring CPU scheduling events (polling aggregated map)... Press Ctrl+C to stop.
[04:02:11] Stop indicator file '/mnt/flux/stop_ebpf_collection' found. Stopping.
[04:02:11] Initiating cleanup sequence...
{
  "final_aggregated_summary_river": [
    {
      "tgid": 31,
      "comm": "bash",
      "cgroup_id": 73429,
      "on_cpu_stats_ns": {
        "count": 32.0,
        "sum_ns": 2228825.9999999995,
        "mean_ns": 69650.81249999999,
        "median_ns": 45952.38201925643,
        "min_ns": 7645.0,
        "max_ns": 285718.0,
        "variance_ns2": 6249867823.834679,
        "iqr_ns": 61350.307223534975,
        "q1_ns": 20775.510842556563,
        "q3_ns": 82125.81806609154
      },
      "runq_latency_stats_ns": {
        "count": 32.0,
        "sum_ns": 5324088.0,
        "mean_ns": 166377.75,
        "median_ns": 4954.2175037938105,
        "min_ns": 951.0,
        "max_ns": 5128955.0,
        "variance_ns2": 820086322377.1774,
        "iqr_ns": 9217.39434669227,
        "q1_ns": 2669.2380590631724,
        "q3_ns": 11886.632405755443
      },
      "first_seen_ts_ns": 1749787269343966317,
      "last_seen_ts_ns": 1749787331292620062,
      "duration_active_s": 61.948653745
    },
    {
      "tgid": 1,
      "comm": "pause",
      "cgroup_id": 73219,
      "on_cpu_stats_ns": {
        "count": 2.0,
        "sum_ns": 520497.3333333333,
        "mean_ns": 260248.66666666666,
        "median_ns": 318358.3333333333,
        "min_ns": 202139.0,
        "max_ns": 318358.3333333333,
        "variance_ns2": 6753466720.22222,
        "iqr_ns": 116219.33333333331,
        "q1_ns": 202139.0,
        "q3_ns": 318358.3333333333
      },
      "runq_latency_stats_ns": {
        "count": 2.0,
        "sum_ns": 13332.111111111111,
        "mean_ns": 6666.055555555556,
        "median_ns": 9419.111111111111,
        "min_ns": 3913.0,
        "max_ns": 9419.111111111111,
        "variance_ns2": 15158629.783950618,
        "iqr_ns": 5506.111111111111,
        "q1_ns": 3913.0,
        "q3_ns": 9419.111111111111
      },
      "first_seen_ts_ns": 1749787294049954704,
      "last_seen_ts_ns": 1749787331292620062,
      "duration_active_s": 37.242665358
    },
    {
      "tgid": 65,
      "comm": "bash",
      "cgroup_id": 73569,
      "on_cpu_stats_ns": {
        "count": 19.0,
        "sum_ns": 202728.88888888885,
        "mean_ns": 10669.941520467833,
        "median_ns": 9981.680522486773,
        "min_ns": 6900.111111111111,
        "max_ns": 22782.0,
        "variance_ns2": 12284387.88253556,
        "iqr_ns": 2464.399774029982,
        "q1_ns": 8696.22511574074,
        "q3_ns": 11160.624889770723
      },
      "runq_latency_stats_ns": {
        "count": 19.0,
        "sum_ns": 167038.66666666663,
        "mean_ns": 8791.508771929823,
        "median_ns": 10931.903615520283,
        "min_ns": 1965.4444444444443,
        "max_ns": 15555.0,
        "variance_ns2": 22663154.07999422,
        "iqr_ns": 6289.017285714756,
        "q1_ns": 5493.776083676269,
        "q3_ns": 11782.793369391025
      },
      "first_seen_ts_ns": 1749787271379977263,
      "last_seen_ts_ns": 1749787327354165874,
      "duration_active_s": 55.974188611
    }
  ]
}
[04:02:11] Cleanup complete. Exiting.
