unlimited
PROGRAM: cpu
Looking for /opt/programs/cpu/ebpf-collect.c
[04:33:08] Waiting for start indicator file: '/mnt/flux/start_ebpf_collection'.
[04:33:09] Start indicator found. Proceeding with monitoring.
[04:33:09] Initializing eBPF for CPU Scheduling monitoring...
[04:33:09] BPF C code compiled and loaded.
[04:33:09] Attached tracepoints.
[04:33:09] Monitoring CPU scheduling events (polling aggregated map)... Press Ctrl+C to stop.
[04:34:14] Stop indicator file '/mnt/flux/stop_ebpf_collection' found. Stopping.
[04:34:14] Initiating cleanup sequence...
{
  "final_aggregated_summary_river": [
    {
      "tgid": 31,
      "comm": "bash",
      "cgroup_id": 23570,
      "on_cpu_stats_ns": {
        "count": 93.0,
        "sum_ns": 4760315.166666666,
        "mean_ns": 51186.184587813616,
        "median_ns": 24581.076269318713,
        "min_ns": 5261.333333333333,
        "max_ns": 271354.0,
        "variance_ns2": 3414082767.6669464,
        "iqr_ns": 60878.042042244706,
        "q1_ns": 11984.830595892232,
        "q3_ns": 72862.87263813693
      },
      "runq_latency_stats_ns": {
        "count": 92.0,
        "sum_ns": 1731590.5000000002,
        "mean_ns": 18821.63586956522,
        "median_ns": 9589.29596056061,
        "min_ns": 1425.0,
        "max_ns": 706270.0,
        "variance_ns2": 5603895464.977369,
        "iqr_ns": 11258.577378187929,
        "q1_ns": 4039.470046409336,
        "q3_ns": 15298.047424597265
      },
      "first_seen_ts_ns": 1749616389945701531,
      "last_seen_ts_ns": 1749616454521250596,
      "duration_active_s": 64.575549065
    },
    {
      "tgid": 225,
      "comm": "xhpcg",
      "cgroup_id": 23710,
      "on_cpu_stats_ns": {
        "count": 121.0,
        "sum_ns": 1221357.2546306625,
        "mean_ns": 10093.861608517873,
        "median_ns": 9514.085967517598,
        "min_ns": 5603.0,
        "max_ns": 21032.75,
        "variance_ns2": 6451655.857751296,
        "iqr_ns": 3435.4214713257425,
        "q1_ns": 7870.963246558227,
        "q3_ns": 11306.38471788397
      },
      "runq_latency_stats_ns": {
        "count": 121.0,
        "sum_ns": 2169000.607231764,
        "mean_ns": 17925.624853155074,
        "median_ns": 4614.413350877723,
        "min_ns": 1481.7692307692307,
        "max_ns": 1571137.1470588236,
        "variance_ns2": 20284551085.101383,
        "iqr_ns": 1708.6194049924366,
        "q1_ns": 3856.85452360108,
        "q3_ns": 5565.473928593517
      },
      "first_seen_ts_ns": 1749616390356688318,
      "last_seen_ts_ns": 1749616406730889870,
      "duration_active_s": 16.374201552
    },
    {
      "tgid": 1,
      "comm": "pause",
      "cgroup_id": 23360,
      "on_cpu_stats_ns": {
        "count": 2.0,
        "sum_ns": 832779.746031746,
        "mean_ns": 416389.873015873,
        "median_ns": 521890.85714285716,
        "min_ns": 310888.8888888889,
        "max_ns": 521890.85714285716,
        "variance_ns2": 22260915303.52432,
        "iqr_ns": 211001.96825396828,
        "q1_ns": 310888.8888888889,
        "q3_ns": 521890.85714285716
      },
      "runq_latency_stats_ns": {
        "count": 2.0,
        "sum_ns": 5979.31746031746,
        "mean_ns": 2989.65873015873,
        "median_ns": 3473.8888888888887,
        "min_ns": 2505.4285714285716,
        "max_ns": 3473.8888888888887,
        "variance_ns2": 468957.69324766914,
        "iqr_ns": 968.4603174603171,
        "q1_ns": 2505.4285714285716,
        "q3_ns": 3473.8888888888887
      },
      "first_seen_ts_ns": 1749616421302023145,
      "last_seen_ts_ns": 1749616454521250596,
      "duration_active_s": 33.219227451
    }
  ]
}
[04:34:14] Cleanup complete. Exiting.
