unlimited
PROGRAM: cpu
Looking for /opt/programs/cpu/ebpf-collect.c
[03:00:40] Waiting for start indicator file: '/mnt/flux/start_ebpf_collection'.
[03:00:41] Start indicator found. Proceeding with monitoring.
[03:00:41] Initializing eBPF for CPU Scheduling monitoring...
[03:00:41] BPF C code compiled and loaded.
[03:00:41] Attached tracepoints.
[03:00:41] Monitoring CPU scheduling events (polling aggregated map)... Press Ctrl+C to stop.
[03:01:46] Stop indicator file '/mnt/flux/stop_ebpf_collection' found. Stopping.
[03:01:46] Initiating cleanup sequence...
{
  "final_aggregated_summary_river": [
    {
      "tgid": 31,
      "comm": "bash",
      "cgroup_id": 49759,
      "on_cpu_stats_ns": {
        "count": 42.0,
        "sum_ns": 3406429.0000000005,
        "mean_ns": 81105.4523809524,
        "median_ns": 24349.60261106212,
        "min_ns": 4929.0,
        "max_ns": 752331.5,
        "variance_ns2": 21281483115.009876,
        "iqr_ns": 47046.80550183233,
        "q1_ns": 16708.39940706983,
        "q3_ns": 63755.20490890216
      },
      "runq_latency_stats_ns": {
        "count": 42.0,
        "sum_ns": 799521.8333333335,
        "mean_ns": 19036.23412698413,
        "median_ns": 6769.064205282746,
        "min_ns": 883.0,
        "max_ns": 411449.0,
        "variance_ns2": 4085898941.6274524,
        "iqr_ns": 5180.702855563899,
        "q1_ns": 3017.670900243296,
        "q3_ns": 8198.373755807195
      },
      "first_seen_ts_ns": 1749783641920516020,
      "last_seen_ts_ns": 1749783706111433983,
      "duration_active_s": 64.190917963
    },
    {
      "tgid": 1,
      "comm": "pause",
      "cgroup_id": 49549,
      "on_cpu_stats_ns": {
        "count": 2.0,
        "sum_ns": 510807.1111111111,
        "mean_ns": 255403.55555555556,
        "median_ns": 276372.1111111111,
        "min_ns": 234435.0,
        "max_ns": 276372.1111111111,
        "variance_ns2": 879360644.17284,
        "iqr_ns": 41937.111111111124,
        "q1_ns": 234435.0,
        "q3_ns": 276372.1111111111
      },
      "runq_latency_stats_ns": {
        "count": 2.0,
        "sum_ns": 10653.555555555555,
        "mean_ns": 5326.777777777777,
        "median_ns": 8973.555555555555,
        "min_ns": 1680.0,
        "max_ns": 8973.555555555555,
        "variance_ns2": 26597976.32098765,
        "iqr_ns": 7293.555555555555,
        "q1_ns": 1680.0,
        "q3_ns": 8973.555555555555
      },
      "first_seen_ts_ns": 1749783693769942222,
      "last_seen_ts_ns": 1749783706725844333,
      "duration_active_s": 12.955902111
    },
    {
      "tgid": 55,
      "comm": "bash",
      "cgroup_id": 49829,
      "on_cpu_stats_ns": {
        "count": 23.0,
        "sum_ns": 268139.8888888889,
        "mean_ns": 11658.256038647343,
        "median_ns": 10156.558041640614,
        "min_ns": 6610.0,
        "max_ns": 23366.0,
        "variance_ns2": 24178449.47411311,
        "iqr_ns": 3930.077603535354,
        "q1_ns": 8798.62775,
        "q3_ns": 12728.705353535353
      },
      "runq_latency_stats_ns": {
        "count": 23.0,
        "sum_ns": 174543.77777777778,
        "mean_ns": 7588.859903381643,
        "median_ns": 7923.208062912362,
        "min_ns": 1604.6666666666667,
        "max_ns": 15636.0,
        "variance_ns2": 24077214.010344997,
        "iqr_ns": 8623.141184153315,
        "q1_ns": 3386.0129163757842,
        "q3_ns": 12009.1541005291
      },
      "first_seen_ts_ns": 1749783641920516020,
      "last_seen_ts_ns": 1749783703382692165,
      "duration_active_s": 61.462176145
    }
  ]
}
[03:01:46] Cleanup complete. Exiting.
