unlimited
PROGRAM: cpu
Looking for /opt/programs/cpu/ebpf-collect.c
[05:02:33] Waiting for start indicator file: '/mnt/flux/start_ebpf_collection'.
[05:02:34] Start indicator found. Proceeding with monitoring.
[05:02:34] Initializing eBPF for CPU Scheduling monitoring...
[05:02:34] BPF C code compiled and loaded.
[05:02:34] Attached tracepoints.
[05:02:34] Monitoring CPU scheduling events (polling aggregated map)... Press Ctrl+C to stop.
[05:03:42] Stop indicator file '/mnt/flux/stop_ebpf_collection' found. Stopping.
[05:03:42] Initiating cleanup sequence...
{
  "final_aggregated_summary_river": [
    {
      "tgid": 31,
      "comm": "bash",
      "cgroup_id": 34410,
      "on_cpu_stats_ns": {
        "count": 70.0,
        "sum_ns": 9704944.16666667,
        "mean_ns": 138642.05952380956,
        "median_ns": 37383.07969887851,
        "min_ns": 6309.0,
        "max_ns": 1300683.0,
        "variance_ns2": 63026100248.70837,
        "iqr_ns": 62991.27142477277,
        "q1_ns": 18066.888606942797,
        "q3_ns": 81058.16003171557
      },
      "runq_latency_stats_ns": {
        "count": 70.0,
        "sum_ns": 3833634.8333333344,
        "mean_ns": 54766.21190476192,
        "median_ns": 7327.468169019048,
        "min_ns": 1380.0,
        "max_ns": 1147515.3333333333,
        "variance_ns2": 33730312929.080452,
        "iqr_ns": 8245.086558182185,
        "q1_ns": 3585.7834039779154,
        "q3_ns": 11830.8699621601
      },
      "first_seen_ts_ns": 1749618155454610689,
      "last_seen_ts_ns": 1749618222791788368,
      "duration_active_s": 67.337177679
    },
    {
      "tgid": 225,
      "comm": "xhpcg",
      "cgroup_id": 34550,
      "on_cpu_stats_ns": {
        "count": 117.0,
        "sum_ns": 1254308.730556352,
        "mean_ns": 10720.587440652582,
        "median_ns": 10583.756009891204,
        "min_ns": 5665.125,
        "max_ns": 33923.09090909091,
        "variance_ns2": 9272736.718863158,
        "iqr_ns": 3347.50384284141,
        "q1_ns": 8995.75140509354,
        "q3_ns": 12343.25524793495
      },
      "runq_latency_stats_ns": {
        "count": 117.0,
        "sum_ns": 558788.7776193519,
        "mean_ns": 4775.972458285059,
        "median_ns": 4507.647987464748,
        "min_ns": 1266.5,
        "max_ns": 28716.75,
        "variance_ns2": 9789474.223662075,
        "iqr_ns": 1860.4451289486838,
        "q1_ns": 3396.488431341047,
        "q3_ns": 5256.933560289731
      },
      "first_seen_ts_ns": 1749618155248328136,
      "last_seen_ts_ns": 1749618168597262997,
      "duration_active_s": 13.348934861
    },
    {
      "tgid": 1,
      "comm": "pause",
      "cgroup_id": 34200,
      "on_cpu_stats_ns": {
        "count": 3.0,
        "sum_ns": 1043491.2063492064,
        "mean_ns": 347830.4021164021,
        "median_ns": 330315.1111111111,
        "min_ns": 222397.66666666666,
        "max_ns": 490778.4285714286,
        "variance_ns2": 18237147404.39515,
        "iqr_ns": 268380.7619047619,
        "q1_ns": 222397.66666666666,
        "q3_ns": 490778.4285714286
      },
      "runq_latency_stats_ns": {
        "count": 3.0,
        "sum_ns": 10733.777777777777,
        "mean_ns": 3577.925925925926,
        "median_ns": 1883.0,
        "min_ns": 1193.6666666666667,
        "max_ns": 7657.111111111111,
        "variance_ns2": 12598608.94238683,
        "iqr_ns": 6463.444444444444,
        "q1_ns": 1193.6666666666667,
        "q3_ns": 7657.111111111111
      },
      "first_seen_ts_ns": 1749618161452576946,
      "last_seen_ts_ns": 1749618222791788368,
      "duration_active_s": 61.339211422
    }
  ]
}
[05:03:42] Cleanup complete. Exiting.
