unlimited
PROGRAM: cpu
Looking for /opt/programs/cpu/ebpf-collect.c
[05:45:10] Waiting for start indicator file: '/mnt/flux/start_ebpf_collection'.
[05:45:16] Start indicator found. Proceeding with monitoring.
[05:45:16] Initializing eBPF for CPU Scheduling monitoring...
[05:45:16] BPF C code compiled and loaded.
[05:45:16] Attached tracepoints.
[05:45:16] Monitoring CPU scheduling events (polling aggregated map)... Press Ctrl+C to stop.
[05:46:13] Stop indicator file '/mnt/flux/stop_ebpf_collection' found. Stopping.
[05:46:13] Initiating cleanup sequence...
{
  "final_aggregated_summary_river": [
    {
      "tgid": 40,
      "comm": "bash",
      "cgroup_id": 67045,
      "on_cpu_stats_ns": {
        "count": 32.0,
        "sum_ns": 2603424.4999999995,
        "mean_ns": 81357.01562499999,
        "median_ns": 50588.47574630112,
        "min_ns": 4160.0,
        "max_ns": 268756.0,
        "variance_ns2": 4664695008.346523,
        "iqr_ns": 70968.44187963656,
        "q1_ns": 39477.65995869743,
        "q3_ns": 110446.101838334
      },
      "runq_latency_stats_ns": {
        "count": 32.0,
        "sum_ns": 10896440.33333333,
        "mean_ns": 340513.76041666657,
        "median_ns": 40112.18813442512,
        "min_ns": 768.0,
        "max_ns": 10037534.0,
        "variance_ns2": 3144322944155.5894,
        "iqr_ns": 16587.6969473105,
        "q1_ns": 2042.6126645173372,
        "q3_ns": 18630.309611827834
      },
      "first_seen_ts_ns": 1750139116609899382,
      "last_seen_ts_ns": 1750139173808028026,
      "duration_active_s": 57.198128644
    },
    {
      "tgid": 111,
      "comm": "ZMQbg/Reaper",
      "cgroup_id": 67129,
      "on_cpu_stats_ns": {
        "count": 105.0,
        "sum_ns": 923545.924095153,
        "mean_ns": 8795.675467572886,
        "median_ns": 8227.728267613054,
        "min_ns": 3429.4375,
        "max_ns": 25045.5,
        "variance_ns2": 9063539.271144914,
        "iqr_ns": 3038.5427135286836,
        "q1_ns": 6893.187408897772,
        "q3_ns": 9931.730122426456
      },
      "runq_latency_stats_ns": {
        "count": 105.0,
        "sum_ns": 526591.4911845835,
        "mean_ns": 5015.157058900795,
        "median_ns": 4886.090357340705,
        "min_ns": 1631.6875,
        "max_ns": 8326.75,
        "variance_ns2": 1761459.3834393555,
        "iqr_ns": 1758.2445435671434,
        "q1_ns": 4170.466088489425,
        "q3_ns": 5928.710632056568
      },
      "first_seen_ts_ns": 1750139118259883013,
      "last_seen_ts_ns": 1750139148959895538,
      "duration_active_s": 30.700012525
    },
    {
      "tgid": 1,
      "comm": "pause",
      "cgroup_id": 66625,
      "on_cpu_stats_ns": {
        "count": 2.0,
        "sum_ns": 576139.0,
        "mean_ns": 288069.5,
        "median_ns": 354571.0,
        "min_ns": 221568.0,
        "max_ns": 354571.0,
        "variance_ns2": 8844899004.5,
        "iqr_ns": 133003.0,
        "q1_ns": 221568.0,
        "q3_ns": 354571.0
      },
      "runq_latency_stats_ns": {
        "count": 2.0,
        "sum_ns": 8524.809523809523,
        "mean_ns": 4262.4047619047615,
        "median_ns": 7531.666666666667,
        "min_ns": 993.1428571428571,
        "max_ns": 7531.666666666667,
        "variance_ns2": 21376146.803854875,
        "iqr_ns": 6538.52380952381,
        "q1_ns": 993.1428571428571,
        "q3_ns": 7531.666666666667
      },
      "first_seen_ts_ns": 1750139134399889348,
      "last_seen_ts_ns": 1750139173808028026,
      "duration_active_s": 39.408138678
    }
  ]
}
[05:46:13] Cleanup complete. Exiting.
