unlimited
PROGRAM: cpu
Looking for /opt/programs/cpu/ebpf-collect.c
[14:37:50] Waiting for start indicator file: '/mnt/flux/start_ebpf_collection'.
[14:37:56] Start indicator found. Proceeding with monitoring.
[14:37:56] Initializing eBPF for CPU Scheduling monitoring...
[14:37:57] BPF C code compiled and loaded.
[14:37:57] Attached tracepoints.
[14:37:57] Monitoring CPU scheduling events (polling aggregated map)... Press Ctrl+C to stop.
[14:38:59] Stop indicator file '/mnt/flux/stop_ebpf_collection' found. Stopping.
[14:38:59] Initiating cleanup sequence...
{
  "final_aggregated_summary_river": [
    {
      "tgid": 45,
      "comm": "bash",
      "cgroup_id": 54475,
      "on_cpu_stats_ns": {
        "count": 38.0,
        "sum_ns": 2330908.166666667,
        "mean_ns": 61339.688596491236,
        "median_ns": 33316.805050339724,
        "min_ns": 5440.0,
        "max_ns": 227129.5,
        "variance_ns2": 3885144480.883139,
        "iqr_ns": 59749.356133104535,
        "q1_ns": 14919.04492622046,
        "q3_ns": 74668.401059325
      },
      "runq_latency_stats_ns": {
        "count": 38.0,
        "sum_ns": 3553013.8333333326,
        "mean_ns": 93500.3640350877,
        "median_ns": 5960.330504780062,
        "min_ns": 2679.0,
        "max_ns": 3022738.0,
        "variance_ns2": 238391499677.7386,
        "iqr_ns": 7534.696870634906,
        "q1_ns": 4846.877250421946,
        "q3_ns": 12381.574121056852
      },
      "first_seen_ts_ns": 1749998277453451138,
      "last_seen_ts_ns": 1749998339321186974,
      "duration_active_s": 61.867735836
    },
    {
      "tgid": 1,
      "comm": "pause",
      "cgroup_id": 54055,
      "on_cpu_stats_ns": {
        "count": 2.0,
        "sum_ns": 691141.1587301587,
        "mean_ns": 345570.57936507935,
        "median_ns": 464932.71428571426,
        "min_ns": 226208.44444444444,
        "max_ns": 464932.71428571426,
        "variance_ns2": 28494638505.623703,
        "iqr_ns": 238724.26984126982,
        "q1_ns": 226208.44444444444,
        "q3_ns": 464932.71428571426
      },
      "runq_latency_stats_ns": {
        "count": 2.0,
        "sum_ns": 5505.15873015873,
        "mean_ns": 2752.579365079365,
        "median_ns": 4125.444444444444,
        "min_ns": 1379.7142857142858,
        "max_ns": 4125.444444444444,
        "variance_ns2": 3769517.0522801704,
        "iqr_ns": 2745.7301587301586,
        "q1_ns": 1379.7142857142858,
        "q3_ns": 4125.444444444444
      },
      "first_seen_ts_ns": 1749998297733455482,
      "last_seen_ts_ns": 1749998339321186974,
      "duration_active_s": 41.587731492
    }
  ]
}
[14:38:59] Cleanup complete. Exiting.
