unlimited
PROGRAM: cpu
Looking for /opt/programs/cpu/ebpf-collect.c
[14:02:14] Waiting for start indicator file: '/mnt/flux/start_ebpf_collection'.
[14:02:21] Start indicator found. Proceeding with monitoring.
[14:02:21] Initializing eBPF for CPU Scheduling monitoring...
[14:02:22] BPF C code compiled and loaded.
[14:02:22] Attached tracepoints.
[14:02:22] Monitoring CPU scheduling events (polling aggregated map)... Press Ctrl+C to stop.
[14:02:34] Stop indicator file '/mnt/flux/stop_ebpf_collection' found. Stopping.
[14:02:34] Initiating cleanup sequence...
{
  "final_aggregated_summary_river": [
    {
      "tgid": 1,
      "comm": "pause",
      "cgroup_id": 35967,
      "on_cpu_stats_ns": {
        "count": 6.0,
        "sum_ns": 6204543.852965748,
        "mean_ns": 1034090.6421609579,
        "median_ns": 1043743.3333333334,
        "min_ns": 492211.28571428574,
        "max_ns": 1423778.0,
        "variance_ns2": 109216665310.07812,
        "iqr_ns": 180192.223614592,
        "q1_ns": 863551.1097187414,
        "q3_ns": 1043743.3333333334
      },
      "runq_latency_stats_ns": {
        "count": 6.0,
        "sum_ns": 1258751.0238095238,
        "mean_ns": 209791.83730158728,
        "median_ns": 1937.0,
        "min_ns": 1318.0,
        "max_ns": 687556.5,
        "variance_ns2": 105448276089.68582,
        "iqr_ns": 124.83333333333348,
        "q1_ns": 1812.1666666666665,
        "q3_ns": 1937.0
      },
      "first_seen_ts_ns": 1749996142207672958,
      "last_seen_ts_ns": 1749996154051143932,
      "duration_active_s": 11.843470974
    },
    {
      "tgid": 44,
      "comm": "bash",
      "cgroup_id": 36303,
      "on_cpu_stats_ns": {
        "count": 5.0,
        "sum_ns": 46055.0,
        "mean_ns": 9211.0,
        "median_ns": 6999.0,
        "min_ns": 6392.0,
        "max_ns": 13825.0,
        "variance_ns2": 12331037.5,
        "iqr_ns": 5497.0,
        "q1_ns": 6671.0,
        "q3_ns": 12168.0
      },
      "runq_latency_stats_ns": {
        "count": 5.0,
        "sum_ns": 42206.0,
        "mean_ns": 8441.2,
        "median_ns": 10273.0,
        "min_ns": 1411.0,
        "max_ns": 15376.0,
        "variance_ns2": 37389773.7,
        "iqr_ns": 9714.0,
        "q1_ns": 2716.0,
        "q3_ns": 12430.0
      },
      "first_seen_ts_ns": 1749996143462123745,
      "last_seen_ts_ns": 1749996154051143932,
      "duration_active_s": 10.589020187
    }
  ]
}
[14:02:34] Cleanup complete. Exiting.
