unlimited
PROGRAM: cpu
Looking for /opt/programs/cpu/ebpf-collect.c
[14:20:07] Waiting for start indicator file: '/mnt/flux/start_ebpf_collection'.
[14:20:13] Start indicator found. Proceeding with monitoring.
[14:20:13] Initializing eBPF for CPU Scheduling monitoring...
[14:20:13] BPF C code compiled and loaded.
[14:20:13] Attached tracepoints.
[14:20:13] Monitoring CPU scheduling events (polling aggregated map)... Press Ctrl+C to stop.
[14:21:17] Stop indicator file '/mnt/flux/stop_ebpf_collection' found. Stopping.
[14:21:17] Initiating cleanup sequence...
{
  "final_aggregated_summary_river": [
    {
      "tgid": 1,
      "comm": "pause",
      "cgroup_id": 45763,
      "on_cpu_stats_ns": {
        "count": 3.0,
        "sum_ns": 934318.3829365079,
        "mean_ns": 311439.460978836,
        "median_ns": 255542.2857142857,
        "min_ns": 245461.22222222222,
        "max_ns": 433314.875,
        "variance_ns2": 11165619367.40536,
        "iqr_ns": 187853.65277777778,
        "q1_ns": 245461.22222222222,
        "q3_ns": 433314.875
      },
      "runq_latency_stats_ns": {
        "count": 4.0,
        "sum_ns": 9934.111111111111,
        "mean_ns": 2483.527777777778,
        "median_ns": 3479.0,
        "min_ns": 1195.1666666666667,
        "max_ns": 4000.4444444444443,
        "variance_ns2": 2150039.824074074,
        "iqr_ns": 2740.9444444444443,
        "q1_ns": 1259.5,
        "q3_ns": 4000.4444444444443
      },
      "first_seen_ts_ns": 1749997217613419011,
      "last_seen_ts_ns": 1749997277982441713,
      "duration_active_s": 60.369022702
    },
    {
      "tgid": 44,
      "comm": "bash",
      "cgroup_id": 46099,
      "on_cpu_stats_ns": {
        "count": 23.0,
        "sum_ns": 257251.00000000006,
        "mean_ns": 11184.826086956524,
        "median_ns": 10550.716666666667,
        "min_ns": 5481.0,
        "max_ns": 19084.5,
        "variance_ns2": 12779795.08201581,
        "iqr_ns": 3361.1120000198607,
        "q1_ns": 9052.681981461621,
        "q3_ns": 12413.793981481482
      },
      "runq_latency_stats_ns": {
        "count": 23.0,
        "sum_ns": 267854.49999999994,
        "mean_ns": 11645.847826086954,
        "median_ns": 13445.586992807539,
        "min_ns": 2043.0,
        "max_ns": 23203.0,
        "variance_ns2": 54171113.75988143,
        "iqr_ns": 12644.398668014648,
        "q1_ns": 4797.542783216522,
        "q3_ns": 17441.94145123117
      },
      "first_seen_ts_ns": 1749997215475037563,
      "last_seen_ts_ns": 1749997275445887908,
      "duration_active_s": 59.970850345
    }
  ]
}
[14:21:17] Cleanup complete. Exiting.
