ln: failed to create symbolic link '/mnt/flux/view/lib/python': File exists
ln: failed to create symbolic link '/mnt/flux/view/lib/python3': File exists
unlimited
PROGRAM: cpu
Looking for /opt/programs/cpu/ebpf-collect.c
[14:49:30] Waiting for start indicator file: '/mnt/flux/start_ebpf_collection'.
[14:49:36] Start indicator found. Proceeding with monitoring.
[14:49:36] Initializing eBPF for CPU Scheduling monitoring...
[14:49:36] BPF C code compiled and loaded.
[14:49:36] Attached tracepoints.
[14:49:36] Monitoring CPU scheduling events (polling aggregated map)... Press Ctrl+C to stop.
[14:50:40] Stop indicator file '/mnt/flux/stop_ebpf_collection' found. Stopping.
[14:50:40] Initiating cleanup sequence...
{
  "final_aggregated_summary_river": [
    {
      "tgid": 40,
      "comm": "bash",
      "cgroup_id": 59817,
      "on_cpu_stats_ns": {
        "count": 69.0,
        "sum_ns": 5064687.308377897,
        "mean_ns": 73401.2653388101,
        "median_ns": 36215.31083132971,
        "min_ns": 5448.0,
        "max_ns": 580870.0,
        "variance_ns2": 11958826060.11181,
        "iqr_ns": 30164.210412629305,
        "q1_ns": 13904.44608864215,
        "q3_ns": 44068.65650127146
      },
      "runq_latency_stats_ns": {
        "count": 70.0,
        "sum_ns": 15560427.213368986,
        "mean_ns": 222291.81733384266,
        "median_ns": 14596.032726496522,
        "min_ns": 1567.0,
        "max_ns": 10041978.0,
        "variance_ns2": 1723010251966.9897,
        "iqr_ns": 26441.685975581215,
        "q1_ns": 7874.120481559427,
        "q3_ns": 34315.80645714064
      },
      "first_seen_ts_ns": 1749998976963725765,
      "last_seen_ts_ns": 1749999040478552732,
      "duration_active_s": 63.514826967
    },
    {
      "tgid": 1,
      "comm": "pause",
      "cgroup_id": 59481,
      "on_cpu_stats_ns": {
        "count": 2.0,
        "sum_ns": 1043548.1111111111,
        "mean_ns": 521774.05555555556,
        "median_ns": 776041.0,
        "min_ns": 267507.1111111111,
        "max_ns": 776041.0,
        "variance_ns2": 129303358074.2284,
        "iqr_ns": 508533.8888888889,
        "q1_ns": 267507.1111111111,
        "q3_ns": 776041.0
      },
      "runq_latency_stats_ns": {
        "count": 2.0,
        "sum_ns": 7765.222222222223,
        "mean_ns": 3882.6111111111113,
        "median_ns": 5074.222222222223,
        "min_ns": 2691.0,
        "max_ns": 5074.222222222223,
        "variance_ns2": 2839874.0802469146,
        "iqr_ns": 2383.2222222222226,
        "q1_ns": 2691.0,
        "q3_ns": 5074.222222222223
      },
      "first_seen_ts_ns": 1749999017773440888,
      "last_seen_ts_ns": 1749999040478552732,
      "duration_active_s": 22.705111844
    }
  ]
}
[14:50:40] Cleanup complete. Exiting.
