ln: failed to create symbolic link '/mnt/flux/view/lib/python': File exists
ln: failed to create symbolic link '/mnt/flux/view/lib/python3': File exists
unlimited
PROGRAM: cpu
Looking for /opt/programs/cpu/ebpf-collect.c
[14:08:49] Waiting for start indicator file: '/mnt/flux/start_ebpf_collection'.
[14:08:54] Start indicator found. Proceeding with monitoring.
[14:08:54] Initializing eBPF for CPU Scheduling monitoring...
[14:08:55] BPF C code compiled and loaded.
[14:08:55] Attached tracepoints.
[14:08:55] Monitoring CPU scheduling events (polling aggregated map)... Press Ctrl+C to stop.
[14:09:50] Stop indicator file '/mnt/flux/stop_ebpf_collection' found. Stopping.
[14:09:50] Initiating cleanup sequence...
{
  "final_aggregated_summary_river": [
    {
      "tgid": 40,
      "comm": "bash",
      "cgroup_id": 40762,
      "on_cpu_stats_ns": {
        "count": 28.0,
        "sum_ns": 1912638.1666666665,
        "mean_ns": 68308.50595238095,
        "median_ns": 28749.422305560995,
        "min_ns": 6596.0,
        "max_ns": 436758.0,
        "variance_ns2": 8520924798.821982,
        "iqr_ns": 36055.218105938024,
        "q1_ns": 16026.925774270298,
        "q3_ns": 52082.14388020832
      },
      "runq_latency_stats_ns": {
        "count": 28.0,
        "sum_ns": 3187594.9166666656,
        "mean_ns": 113842.67559523806,
        "median_ns": 15768.741024943309,
        "min_ns": 1018.0,
        "max_ns": 2965881.0,
        "variance_ns2": 312449744730.31494,
        "iqr_ns": 112243.23418883636,
        "q1_ns": 5586.705085854991,
        "q3_ns": 117829.93927469135
      },
      "first_seen_ts_ns": 1749996535453456317,
      "last_seen_ts_ns": 1749996590656674443,
      "duration_active_s": 55.203218126
    },
    {
      "tgid": 1,
      "comm": "pause",
      "cgroup_id": 40426,
      "on_cpu_stats_ns": {
        "count": 2.0,
        "sum_ns": 710337.619047619,
        "mean_ns": 355168.8095238095,
        "median_ns": 465550.28571428574,
        "min_ns": 244787.33333333334,
        "max_ns": 465550.28571428574,
        "variance_ns2": 24368140571.97733,
        "iqr_ns": 220762.9523809524,
        "q1_ns": 244787.33333333334,
        "q3_ns": 465550.28571428574
      },
      "runq_latency_stats_ns": {
        "count": 2.0,
        "sum_ns": 5210.857142857143,
        "mean_ns": 2605.4285714285716,
        "median_ns": 3985.0,
        "min_ns": 1225.857142857143,
        "max_ns": 3985.0,
        "variance_ns2": 3806434.6530612246,
        "iqr_ns": 2759.142857142857,
        "q1_ns": 1225.857142857143,
        "q3_ns": 3985.0
      },
      "first_seen_ts_ns": 1749996557533449360,
      "last_seen_ts_ns": 1749996590656674443,
      "duration_active_s": 33.123225083
    },
    {
      "tgid": 57,
      "comm": "bash",
      "cgroup_id": 40846,
      "on_cpu_stats_ns": {
        "count": 1.0,
        "sum_ns": 109807.0,
        "mean_ns": 109807.0,
        "median_ns": 109807.0,
        "min_ns": 109807.0,
        "max_ns": 109807.0,
        "variance_ns2": null,
        "iqr_ns": 0.0,
        "q1_ns": 109807.0,
        "q3_ns": 109807.0
      },
      "runq_latency_stats_ns": {
        "count": 1.0,
        "sum_ns": 15491.0,
        "mean_ns": 15491.0,
        "median_ns": 15491.0,
        "min_ns": 15491.0,
        "max_ns": 15491.0,
        "variance_ns2": null,
        "iqr_ns": 0.0,
        "q1_ns": 15491.0,
        "q3_ns": 15491.0
      },
      "first_seen_ts_ns": 1749996583267121129,
      "last_seen_ts_ns": 1749996583267121129,
      "duration_active_s": 0
    }
  ]
}
[14:09:50] Cleanup complete. Exiting.
