ln: failed to create symbolic link '/mnt/flux/view/lib/python': File exists
ln: failed to create symbolic link '/mnt/flux/view/lib/python3': File exists
unlimited
PROGRAM: cpu
Looking for /opt/programs/cpu/ebpf-collect.c
[03:48:02] Waiting for start indicator file: '/mnt/flux/start_ebpf_collection'.
[03:48:08] Start indicator found. Proceeding with monitoring.
[03:48:08] Initializing eBPF for CPU Scheduling monitoring...
[03:48:08] BPF C code compiled and loaded.
[03:48:08] Attached tracepoints.
[03:48:08] Monitoring CPU scheduling events (polling aggregated map)... Press Ctrl+C to stop.
[03:49:09] Stop indicator file '/mnt/flux/stop_ebpf_collection' found. Stopping.
[03:49:09] Initiating cleanup sequence...
{
  "final_aggregated_summary_river": [
    {
      "tgid": 31,
      "comm": "bash",
      "cgroup_id": 68324,
      "on_cpu_stats_ns": {
        "count": 29.0,
        "sum_ns": 1303588.2500000002,
        "mean_ns": 44951.31896551725,
        "median_ns": 16519.705414741235,
        "min_ns": 5532.0,
        "max_ns": 302178.0,
        "variance_ns2": 4699375342.745073,
        "iqr_ns": 35371.733309835545,
        "q1_ns": 9514.763596323772,
        "q3_ns": 44886.496906159315
      },
      "runq_latency_stats_ns": {
        "count": 29.0,
        "sum_ns": 1082962.7499999998,
        "mean_ns": 37343.54310344827,
        "median_ns": 6792.307681412143,
        "min_ns": 754.0,
        "max_ns": 772225.0,
        "variance_ns2": 20675675688.76818,
        "iqr_ns": 7317.439077224329,
        "q1_ns": 2979.170527099025,
        "q3_ns": 10296.609604323354
      },
      "first_seen_ts_ns": 1749786489569948140,
      "last_seen_ts_ns": 1749786549203457522,
      "duration_active_s": 59.633509382
    },
    {
      "tgid": 1,
      "comm": "pause",
      "cgroup_id": 68114,
      "on_cpu_stats_ns": {
        "count": 2.0,
        "sum_ns": 643016.2222222222,
        "mean_ns": 321508.1111111111,
        "median_ns": 363469.0,
        "min_ns": 279547.22222222225,
        "max_ns": 363469.0,
        "variance_ns2": 3521432392.6913557,
        "iqr_ns": 83921.77777777775,
        "q1_ns": 279547.22222222225,
        "q3_ns": 363469.0
      },
      "runq_latency_stats_ns": {
        "count": 2.0,
        "sum_ns": 9348.444444444445,
        "mean_ns": 4674.222222222223,
        "median_ns": 7969.444444444444,
        "min_ns": 1379.0,
        "max_ns": 7969.444444444444,
        "variance_ns2": 21716978.987654325,
        "iqr_ns": 6590.444444444444,
        "q1_ns": 1379.0,
        "q3_ns": 7969.444444444444
      },
      "first_seen_ts_ns": 1749786513929971896,
      "last_seen_ts_ns": 1749786549203457522,
      "duration_active_s": 35.273485626
    },
    {
      "tgid": 65,
      "comm": "bash",
      "cgroup_id": 68464,
      "on_cpu_stats_ns": {
        "count": 21.0,
        "sum_ns": 273565.54761904763,
        "mean_ns": 13026.930839002269,
        "median_ns": 10068.567438271606,
        "min_ns": 7352.714285714285,
        "max_ns": 26030.0,
        "variance_ns2": 32368001.514733832,
        "iqr_ns": 6545.905098028981,
        "q1_ns": 8705.6410565591,
        "q3_ns": 15251.54615458808
      },
      "runq_latency_stats_ns": {
        "count": 21.0,
        "sum_ns": 175253.49206349213,
        "mean_ns": 8345.404383975816,
        "median_ns": 8049.3782343107,
        "min_ns": 1405.7142857142858,
        "max_ns": 16674.0,
        "variance_ns2": 23437817.919768684,
        "iqr_ns": 6916.5639880952385,
        "q1_ns": 4272.9097461052315,
        "q3_ns": 11189.47373420047
      },
      "first_seen_ts_ns": 1749786488811267275,
      "last_seen_ts_ns": 1749786547378724754,
      "duration_active_s": 58.567457479
    }
  ]
}
[03:49:09] Cleanup complete. Exiting.
