unlimited
PROGRAM: cpu
Looking for /opt/programs/cpu/ebpf-collect.c
[15:26:08] Waiting for start indicator file: '/mnt/flux/start_ebpf_collection'.
[15:26:13] Start indicator found. Proceeding with monitoring.
[15:26:13] Initializing eBPF for CPU Scheduling monitoring...
[15:26:14] BPF C code compiled and loaded.
[15:26:14] Attached tracepoints.
[15:26:14] Monitoring CPU scheduling events (polling aggregated map)... Press Ctrl+C to stop.
[15:27:18] Stop indicator file '/mnt/flux/stop_ebpf_collection' found. Stopping.
[15:27:18] Initiating cleanup sequence...
{
  "final_aggregated_summary_river": [
    {
      "tgid": 40,
      "comm": "bash",
      "cgroup_id": 76634,
      "on_cpu_stats_ns": {
        "count": 53.0,
        "sum_ns": 3053411.2500000014,
        "mean_ns": 57611.53301886795,
        "median_ns": 29053.20376203284,
        "min_ns": 5276.0,
        "max_ns": 527710.0,
        "variance_ns2": 7785543730.577015,
        "iqr_ns": 38784.098295907104,
        "q1_ns": 14683.578079400622,
        "q3_ns": 53467.676375307725
      },
      "runq_latency_stats_ns": {
        "count": 53.0,
        "sum_ns": 1015296.2499999999,
        "mean_ns": 19156.53301886792,
        "median_ns": 8535.497268912932,
        "min_ns": 1378.0,
        "max_ns": 407704.0,
        "variance_ns2": 3159577550.1250906,
        "iqr_ns": 8333.086995595455,
        "q1_ns": 4368.454849094339,
        "q3_ns": 12701.541844689793
      },
      "first_seen_ts_ns": 1750001174633527170,
      "last_seen_ts_ns": 1750001238380530548,
      "duration_active_s": 63.747003378
    },
    {
      "tgid": 1,
      "comm": "pause",
      "cgroup_id": 76298,
      "on_cpu_stats_ns": {
        "count": 3.0,
        "sum_ns": 926387.3222222221,
        "mean_ns": 308795.77407407406,
        "median_ns": 264083.1,
        "min_ns": 252564.22222222222,
        "max_ns": 409740.0,
        "variance_ns2": 7675473697.15313,
        "iqr_ns": 157175.77777777778,
        "q1_ns": 252564.22222222222,
        "q3_ns": 409740.0
      },
      "runq_latency_stats_ns": {
        "count": 3.0,
        "sum_ns": 10172.52380952381,
        "mean_ns": 3390.84126984127,
        "median_ns": 2741.8571428571427,
        "min_ns": 1283.6666666666667,
        "max_ns": 6147.0,
        "variance_ns2": 6228888.07558579,
        "iqr_ns": 4863.333333333333,
        "q1_ns": 1283.6666666666667,
        "q3_ns": 6147.0
      },
      "first_seen_ts_ns": 1750001178067377927,
      "last_seen_ts_ns": 1750001238380530548,
      "duration_active_s": 60.313152621
    }
  ]
}
[15:27:18] Cleanup complete. Exiting.
