unlimited
PROGRAM: cpu
Looking for /opt/programs/cpu/ebpf-collect.c
[14:41:10] Waiting for start indicator file: '/mnt/flux/start_ebpf_collection'.
[14:41:17] Start indicator found. Proceeding with monitoring.
[14:41:17] Initializing eBPF for CPU Scheduling monitoring...
[14:41:17] BPF C code compiled and loaded.
[14:41:17] Attached tracepoints.
[14:41:17] Monitoring CPU scheduling events (polling aggregated map)... Press Ctrl+C to stop.
[14:42:26] Stop indicator file '/mnt/flux/stop_ebpf_collection' found. Stopping.
[14:42:26] Initiating cleanup sequence...
{
  "final_aggregated_summary_river": [
    {
      "tgid": 1,
      "comm": "pause",
      "cgroup_id": 55671,
      "on_cpu_stats_ns": {
        "count": 3.0,
        "sum_ns": 964850.2063492063,
        "mean_ns": 321616.7354497354,
        "median_ns": 244796.88888888888,
        "min_ns": 233937.88888888888,
        "max_ns": 486115.4285714286,
        "variance_ns2": 20324344499.30873,
        "iqr_ns": 252177.5396825397,
        "q1_ns": 233937.88888888888,
        "q3_ns": 486115.4285714286
      },
      "runq_latency_stats_ns": {
        "count": 3.0,
        "sum_ns": 10431.063492063491,
        "mean_ns": 3477.0211640211637,
        "median_ns": 2071.285714285714,
        "min_ns": 1593.5555555555557,
        "max_ns": 6766.222222222223,
        "variance_ns2": 8171189.227093305,
        "iqr_ns": 5172.666666666667,
        "q1_ns": 1593.5555555555557,
        "q3_ns": 6766.222222222223
      },
      "first_seen_ts_ns": 1749998477823480750,
      "last_seen_ts_ns": 1749998546145148018,
      "duration_active_s": 68.321667268
    },
    {
      "tgid": 44,
      "comm": "bash",
      "cgroup_id": 56007,
      "on_cpu_stats_ns": {
        "count": 22.0,
        "sum_ns": 236850.75000000006,
        "mean_ns": 10765.943181818184,
        "median_ns": 10046.805246155755,
        "min_ns": 4759.0,
        "max_ns": 20889.0,
        "variance_ns2": 15859417.832927486,
        "iqr_ns": 2795.716765873016,
        "q1_ns": 8492.804067460318,
        "q3_ns": 11288.520833333334
      },
      "runq_latency_stats_ns": {
        "count": 22.0,
        "sum_ns": 276523.25,
        "mean_ns": 12569.238636363636,
        "median_ns": 16509.028036541007,
        "min_ns": 2231.0,
        "max_ns": 20947.0,
        "variance_ns2": 49742974.490936145,
        "iqr_ns": 11657.237881286132,
        "q1_ns": 6995.15629860805,
        "q3_ns": 18652.39417989418
      },
      "first_seen_ts_ns": 1749998479443450035,
      "last_seen_ts_ns": 1749998543413482640,
      "duration_active_s": 63.970032605
    }
  ]
}
[14:42:26] Cleanup complete. Exiting.
