ln: failed to create symbolic link '/mnt/flux/view/lib/python': File exists
ln: failed to create symbolic link '/mnt/flux/view/lib/python3': File exists
unlimited
PROGRAM: cpu
Looking for /opt/programs/cpu/ebpf-collect.c
[00:58:59] Waiting for start indicator file: '/mnt/flux/start_ebpf_collection'.
[00:59:04] Start indicator found. Proceeding with monitoring.
[00:59:04] Initializing eBPF for CPU Scheduling monitoring...
[00:59:05] BPF C code compiled and loaded.
[00:59:05] Attached tracepoints.
[00:59:05] Monitoring CPU scheduling events (polling aggregated map)... Press Ctrl+C to stop.
[00:59:10] Stop indicator file '/mnt/flux/stop_ebpf_collection' found. Stopping.
[00:59:10] Initiating cleanup sequence...
{
  "final_aggregated_summary_river": [
    {
      "tgid": 1,
      "comm": "pause",
      "cgroup_id": 35038,
      "on_cpu_stats_ns": {
        "count": 7.0,
        "sum_ns": 10953525.816666666,
        "mean_ns": 1564789.4023809524,
        "median_ns": 914647.0277777778,
        "min_ns": 417673.0,
        "max_ns": 3725383.6666666665,
        "variance_ns2": 1461115558185.3555,
        "iqr_ns": 770075.3898148147,
        "q1_ns": 783753.5101851852,
        "q3_ns": 1553828.9
      },
      "runq_latency_stats_ns": {
        "count": 7.0,
        "sum_ns": 94634.83333333333,
        "mean_ns": 13519.261904761905,
        "median_ns": 9645.0,
        "min_ns": 3033.3333333333335,
        "max_ns": 36091.0,
        "variance_ns2": 134860225.03571427,
        "iqr_ns": 9264.962962962962,
        "q1_ns": 4645.203703703704,
        "q3_ns": 13910.166666666666
      },
      "first_seen_ts_ns": 1749689945757014052,
      "last_seen_ts_ns": 1749689950609329644,
      "duration_active_s": 4.852315592
    },
    {
      "tgid": 30,
      "comm": "bash",
      "cgroup_id": 35248,
      "on_cpu_stats_ns": {
        "count": 11.0,
        "sum_ns": 434924.1666666667,
        "mean_ns": 39538.56060606061,
        "median_ns": 27261.0,
        "min_ns": 11380.0,
        "max_ns": 124362.0,
        "variance_ns2": 1026964963.601515,
        "iqr_ns": 27185.92013888889,
        "q1_ns": 22793.475694444445,
        "q3_ns": 49979.395833333336
      },
      "runq_latency_stats_ns": {
        "count": 11.0,
        "sum_ns": 2507725.666666667,
        "mean_ns": 227975.06060606064,
        "median_ns": 54808.1851851852,
        "min_ns": 5591.666666666667,
        "max_ns": 2213578.0,
        "variance_ns2": 434645541821.6405,
        "iqr_ns": 373222.23842592596,
        "q1_ns": 7770.0,
        "q3_ns": 380992.23842592596
      },
      "first_seen_ts_ns": 1749689945431572289,
      "last_seen_ts_ns": 1749689947775008131,
      "duration_active_s": 2.343435842
    },
    {
      "tgid": 227,
      "comm": "xhpcg",
      "cgroup_id": 35388,
      "on_cpu_stats_ns": {
        "count": 1.0,
        "sum_ns": 14270.0,
        "mean_ns": 14270.0,
        "median_ns": 14270.0,
        "min_ns": 14270.0,
        "max_ns": 14270.0,
        "variance_ns2": null,
        "iqr_ns": 0.0,
        "q1_ns": 14270.0,
        "q3_ns": 14270.0
      },
      "runq_latency_stats_ns": {
        "count": 1.0,
        "sum_ns": 18930.5,
        "mean_ns": 18930.5,
        "median_ns": 18930.5,
        "min_ns": 18930.5,
        "max_ns": 18930.5,
        "variance_ns2": null,
        "iqr_ns": 0.0,
        "q1_ns": 18930.5,
        "q3_ns": 18930.5
      },
      "first_seen_ts_ns": 1749689948720642792,
      "last_seen_ts_ns": 1749689948720642792,
      "duration_active_s": 0
    }
  ]
}
[00:59:10] Cleanup complete. Exiting.
