unlimited
PROGRAM: cpu
Looking for /opt/programs/cpu/ebpf-collect.c
[15:04:01] Waiting for start indicator file: '/mnt/flux/start_ebpf_collection'.
[15:04:08] Start indicator found. Proceeding with monitoring.
[15:04:08] Initializing eBPF for CPU Scheduling monitoring...
[15:04:08] BPF C code compiled and loaded.
[15:04:08] Attached tracepoints.
[15:04:08] Monitoring CPU scheduling events (polling aggregated map)... Press Ctrl+C to stop.
[15:04:59] Stop indicator file '/mnt/flux/stop_ebpf_collection' found. Stopping.
[15:04:59] Initiating cleanup sequence...
{
  "final_aggregated_summary_river": [
    {
      "tgid": 40,
      "comm": "bash",
      "cgroup_id": 65910,
      "on_cpu_stats_ns": {
        "count": 35.0,
        "sum_ns": 1788095.6666666665,
        "mean_ns": 51088.44761904761,
        "median_ns": 31510.106059725196,
        "min_ns": 5793.0,
        "max_ns": 244770.5,
        "variance_ns2": 2984093558.1859007,
        "iqr_ns": 39236.039394563384,
        "q1_ns": 19002.259131718285,
        "q3_ns": 58238.29852628167
      },
      "runq_latency_stats_ns": {
        "count": 35.0,
        "sum_ns": 625364.3333333333,
        "mean_ns": 17867.55238095238,
        "median_ns": 11635.031872311078,
        "min_ns": 1271.0,
        "max_ns": 139180.0,
        "variance_ns2": 786865075.5290387,
        "iqr_ns": 12741.220993505369,
        "q1_ns": 4677.491781576694,
        "q3_ns": 17418.712775082062
      },
      "first_seen_ts_ns": 1749999848943449046,
      "last_seen_ts_ns": 1749999899867896219,
      "duration_active_s": 50.924447173
    },
    {
      "tgid": 1,
      "comm": "pause",
      "cgroup_id": 65574,
      "on_cpu_stats_ns": {
        "count": 2.0,
        "sum_ns": 699417.8253968253,
        "mean_ns": 349708.91269841266,
        "median_ns": 469693.71428571426,
        "min_ns": 229724.11111111112,
        "max_ns": 469693.71428571426,
        "variance_ns2": 28792705223.888256,
        "iqr_ns": 239969.60317460314,
        "q1_ns": 229724.11111111112,
        "q3_ns": 469693.71428571426
      },
      "runq_latency_stats_ns": {
        "count": 2.0,
        "sum_ns": 6266.746031746032,
        "mean_ns": 3133.373015873016,
        "median_ns": 4810.888888888889,
        "min_ns": 1455.857142857143,
        "max_ns": 4810.888888888889,
        "variance_ns2": 5628119.008440413,
        "iqr_ns": 3355.0317460317456,
        "q1_ns": 1455.857142857143,
        "q3_ns": 4810.888888888889
      },
      "first_seen_ts_ns": 1749999857882026274,
      "last_seen_ts_ns": 1749999899867896219,
      "duration_active_s": 41.985869945
    }
  ]
}
[15:04:59] Cleanup complete. Exiting.
