unlimited
PROGRAM: cpu
Looking for /opt/programs/cpu/ebpf-collect.c
[14:07:25] Waiting for start indicator file: '/mnt/flux/start_ebpf_collection'.
[14:07:31] Start indicator found. Proceeding with monitoring.
[14:07:31] Initializing eBPF for CPU Scheduling monitoring...
[14:07:32] BPF C code compiled and loaded.
[14:07:32] Attached tracepoints.
[14:07:32] Monitoring CPU scheduling events (polling aggregated map)... Press Ctrl+C to stop.
[14:08:20] Stop indicator file '/mnt/flux/stop_ebpf_collection' found. Stopping.
[14:08:20] Initiating cleanup sequence...
{
  "final_aggregated_summary_river": [
    {
      "tgid": 1,
      "comm": "pause",
      "cgroup_id": 39665,
      "on_cpu_stats_ns": {
        "count": 2.0,
        "sum_ns": 750721.7777777778,
        "mean_ns": 375360.8888888889,
        "median_ns": 494048.0,
        "min_ns": 256673.77777777778,
        "max_ns": 494048.0,
        "variance_ns2": 28173260687.80247,
        "iqr_ns": 237374.22222222222,
        "q1_ns": 256673.77777777778,
        "q3_ns": 494048.0
      },
      "runq_latency_stats_ns": {
        "count": 2.0,
        "sum_ns": 2871.2380952380954,
        "mean_ns": 1435.6190476190477,
        "median_ns": 1515.5714285714287,
        "min_ns": 1355.6666666666667,
        "max_ns": 1515.5714285714287,
        "variance_ns2": 12784.766439909301,
        "iqr_ns": 159.90476190476193,
        "q1_ns": 1355.6666666666667,
        "q3_ns": 1515.5714285714287
      },
      "first_seen_ts_ns": 1749996497554134418,
      "last_seen_ts_ns": 1749996500089000167,
      "duration_active_s": 2.534865749
    },
    {
      "tgid": 57,
      "comm": "bash",
      "cgroup_id": 40085,
      "on_cpu_stats_ns": {
        "count": 1.0,
        "sum_ns": 137022.0,
        "mean_ns": 137022.0,
        "median_ns": 137022.0,
        "min_ns": 137022.0,
        "max_ns": 137022.0,
        "variance_ns2": null,
        "iqr_ns": 0.0,
        "q1_ns": 137022.0,
        "q3_ns": 137022.0
      },
      "runq_latency_stats_ns": {
        "count": 1.0,
        "sum_ns": 4825.0,
        "mean_ns": 4825.0,
        "median_ns": 4825.0,
        "min_ns": 4825.0,
        "max_ns": 4825.0,
        "variance_ns2": null,
        "iqr_ns": 0.0,
        "q1_ns": 4825.0,
        "q3_ns": 4825.0
      },
      "first_seen_ts_ns": 1749996460443441676,
      "last_seen_ts_ns": 1749996460443441676,
      "duration_active_s": 0
    },
    {
      "tgid": 250,
      "comm": "xhpcg",
      "cgroup_id": 40085,
      "on_cpu_stats_ns": {
        "count": 2.0,
        "sum_ns": 58221.0,
        "mean_ns": 29110.5,
        "median_ns": 29661.0,
        "min_ns": 28560.0,
        "max_ns": 29661.0,
        "variance_ns2": 606100.5,
        "iqr_ns": 1101.0,
        "q1_ns": 28560.0,
        "q3_ns": 29661.0
      },
      "runq_latency_stats_ns": {
        "count": 2.0,
        "sum_ns": 26780.25,
        "mean_ns": 13390.125,
        "median_ns": 14719.5,
        "min_ns": 12060.75,
        "max_ns": 14719.5,
        "variance_ns2": 3534475.78125,
        "iqr_ns": 2658.75,
        "q1_ns": 12060.75,
        "q3_ns": 14719.5
      },
      "first_seen_ts_ns": 1749996488093439523,
      "last_seen_ts_ns": 1749996488218069247,
      "duration_active_s": 0.124629724
    }
  ]
}
[14:08:20] Cleanup complete. Exiting.
