unlimited
PROGRAM: cpu
Looking for /opt/programs/cpu/ebpf-collect.c
[05:43:27] Waiting for start indicator file: '/mnt/flux/start_ebpf_collection'.
[05:43:29] Start indicator found. Proceeding with monitoring.
[05:43:29] Initializing eBPF for CPU Scheduling monitoring...
[05:43:29] BPF C code compiled and loaded.
[05:43:29] Attached tracepoints.
[05:43:29] Monitoring CPU scheduling events (polling aggregated map)... Press Ctrl+C to stop.
[05:44:27] Stop indicator file '/mnt/flux/stop_ebpf_collection' found. Stopping.
[05:44:27] Initiating cleanup sequence...
{
  "final_aggregated_summary_river": [
    {
      "tgid": 31,
      "comm": "bash",
      "cgroup_id": 49640,
      "on_cpu_stats_ns": {
        "count": 89.0,
        "sum_ns": 10213778.412280703,
        "mean_ns": 114761.55519416521,
        "median_ns": 28637.652209510354,
        "min_ns": 6141.0,
        "max_ns": 1151545.0,
        "variance_ns2": 55636715594.97053,
        "iqr_ns": 8972.977289273424,
        "q1_ns": 13255.944219203162,
        "q3_ns": 22228.921508476586
      },
      "runq_latency_stats_ns": {
        "count": 88.0,
        "sum_ns": 36757732.03508772,
        "mean_ns": 417701.5003987241,
        "median_ns": 6334.741201874927,
        "min_ns": 1110.0,
        "max_ns": 33841344.0,
        "variance_ns2": 12997027276761.502,
        "iqr_ns": 8365.465861890654,
        "q1_ns": 5272.592940104655,
        "q3_ns": 13638.05880199531
      },
      "first_seen_ts_ns": 1749620609454410700,
      "last_seen_ts_ns": 1749620667534315212,
      "duration_active_s": 58.079904512
    },
    {
      "tgid": 225,
      "comm": "xhpcg",
      "cgroup_id": 49780,
      "on_cpu_stats_ns": {
        "count": 117.0,
        "sum_ns": 1718041.203532205,
        "mean_ns": 14684.112850702606,
        "median_ns": 10089.553194642787,
        "min_ns": 6824.145833333333,
        "max_ns": 559427.3333333334,
        "variance_ns2": 2583090525.457765,
        "iqr_ns": 2941.011357206682,
        "q1_ns": 8616.28285734114,
        "q3_ns": 11557.294214547823
      },
      "runq_latency_stats_ns": {
        "count": 117.0,
        "sum_ns": 796925.3796110558,
        "mean_ns": 6811.328030863725,
        "median_ns": 4206.942945077471,
        "min_ns": 1672.875,
        "max_ns": 201781.2105263158,
        "variance_ns2": 404151942.39420784,
        "iqr_ns": 1351.9109923952274,
        "q1_ns": 3322.2082611050355,
        "q3_ns": 4674.119253500263
      },
      "first_seen_ts_ns": 1749620609558173441,
      "last_seen_ts_ns": 1749620624734931114,
      "duration_active_s": 15.176757673
    },
    {
      "tgid": 1,
      "comm": "pause",
      "cgroup_id": 49430,
      "on_cpu_stats_ns": {
        "count": 2.0,
        "sum_ns": 590463.5555555555,
        "mean_ns": 295231.77777777775,
        "median_ns": 309458.55555555556,
        "min_ns": 281005.0,
        "max_ns": 309458.55555555556,
        "variance_ns2": 404802411.87654257,
        "iqr_ns": 28453.555555555562,
        "q1_ns": 281005.0,
        "q3_ns": 309458.55555555556
      },
      "runq_latency_stats_ns": {
        "count": 2.0,
        "sum_ns": 20919.222222222223,
        "mean_ns": 10459.611111111111,
        "median_ns": 18314.222222222223,
        "min_ns": 2605.0,
        "max_ns": 18314.222222222223,
        "variance_ns2": 123389831.41358025,
        "iqr_ns": 15709.222222222223,
        "q1_ns": 2605.0,
        "q3_ns": 18314.222222222223
      },
      "first_seen_ts_ns": 1749620621752940778,
      "last_seen_ts_ns": 1749620667534315212,
      "duration_active_s": 45.781374434
    }
  ]
}
[05:44:27] Cleanup complete. Exiting.
