unlimited
PROGRAM: cpu
Looking for /opt/programs/cpu/ebpf-collect.c
[14:47:56] Waiting for start indicator file: '/mnt/flux/start_ebpf_collection'.
[14:48:01] Start indicator found. Proceeding with monitoring.
[14:48:01] Initializing eBPF for CPU Scheduling monitoring...
[14:48:02] BPF C code compiled and loaded.
[14:48:02] Attached tracepoints.
[14:48:02] Monitoring CPU scheduling events (polling aggregated map)... Press Ctrl+C to stop.
[14:49:00] Stop indicator file '/mnt/flux/stop_ebpf_collection' found. Stopping.
[14:49:00] Initiating cleanup sequence...
{
  "final_aggregated_summary_river": [
    {
      "tgid": 1,
      "comm": "pause",
      "cgroup_id": 58636,
      "on_cpu_stats_ns": {
        "count": 2.0,
        "sum_ns": 743942.9047619047,
        "mean_ns": 371971.45238095237,
        "median_ns": 486415.5714285714,
        "min_ns": 257527.33333333334,
        "max_ns": 486415.5714285714,
        "variance_ns2": 26194912769.1712,
        "iqr_ns": 228888.23809523808,
        "q1_ns": 257527.33333333334,
        "q3_ns": 486415.5714285714
      },
      "runq_latency_stats_ns": {
        "count": 2.0,
        "sum_ns": 8326.825396825398,
        "mean_ns": 4163.412698412699,
        "median_ns": 6748.111111111111,
        "min_ns": 1578.7142857142858,
        "max_ns": 6748.111111111111,
        "variance_ns2": 13361331.76921139,
        "iqr_ns": 5169.396825396825,
        "q1_ns": 1578.7142857142858,
        "q3_ns": 6748.111111111111
      },
      "first_seen_ts_ns": 1749998897783479099,
      "last_seen_ts_ns": 1749998940541220721,
      "duration_active_s": 42.757741622
    },
    {
      "tgid": 44,
      "comm": "bash",
      "cgroup_id": 59056,
      "on_cpu_stats_ns": {
        "count": 17.0,
        "sum_ns": 173830.99999999997,
        "mean_ns": 10225.352941176468,
        "median_ns": 10099.771296296296,
        "min_ns": 7344.0,
        "max_ns": 14908.0,
        "variance_ns2": 4550061.867647058,
        "iqr_ns": 2284.873148148148,
        "q1_ns": 8934.777777777777,
        "q3_ns": 11219.650925925926
      },
      "runq_latency_stats_ns": {
        "count": 17.0,
        "sum_ns": 230629.5,
        "mean_ns": 13566.441176470587,
        "median_ns": 15046.57005722924,
        "min_ns": 3003.0,
        "max_ns": 20258.0,
        "variance_ns2": 24880509.30882353,
        "iqr_ns": 7242.651152434171,
        "q1_ns": 9661.736979166666,
        "q3_ns": 16904.388131600837
      },
      "first_seen_ts_ns": 1749998883443441003,
      "last_seen_ts_ns": 1749998939424741389,
      "duration_active_s": 55.981300386
    },
    {
      "tgid": 57,
      "comm": "bash",
      "cgroup_id": 59140,
      "on_cpu_stats_ns": {
        "count": 1.0,
        "sum_ns": 152424.0,
        "mean_ns": 152424.0,
        "median_ns": 152424.0,
        "min_ns": 152424.0,
        "max_ns": 152424.0,
        "variance_ns2": null,
        "iqr_ns": 0.0,
        "q1_ns": 152424.0,
        "q3_ns": 152424.0
      },
      "runq_latency_stats_ns": {
        "count": 1.0,
        "sum_ns": 15975.0,
        "mean_ns": 15975.0,
        "median_ns": 15975.0,
        "min_ns": 15975.0,
        "max_ns": 15975.0,
        "variance_ns2": null,
        "iqr_ns": 0.0,
        "q1_ns": 15975.0,
        "q3_ns": 15975.0
      },
      "first_seen_ts_ns": 1749998917973497162,
      "last_seen_ts_ns": 1749998917973497162,
      "duration_active_s": 0
    }
  ]
}
[14:49:00] Cleanup complete. Exiting.
