unlimited
PROGRAM: cpu
Looking for /opt/programs/cpu/ebpf-collect.c
[04:09:02] Waiting for start indicator file: '/mnt/flux/start_ebpf_collection'.
[04:09:08] Start indicator found. Proceeding with monitoring.
[04:09:08] Initializing eBPF for CPU Scheduling monitoring...
[04:09:09] BPF C code compiled and loaded.
[04:09:09] Attached tracepoints.
[04:09:09] Monitoring CPU scheduling events (polling aggregated map)... Press Ctrl+C to stop.
[04:10:07] Stop indicator file '/mnt/flux/stop_ebpf_collection' found. Stopping.
[04:10:07] Initiating cleanup sequence...
{
  "final_aggregated_summary_river": [
    {
      "tgid": 88,
      "comm": "python3",
      "cgroup_id": 22750,
      "on_cpu_stats_ns": {
        "count": 143.0,
        "sum_ns": 4237624.719411768,
        "mean_ns": 29633.739296585787,
        "median_ns": 10639.941122539942,
        "min_ns": 3349.0,
        "max_ns": 2032951.25,
        "variance_ns2": 28985914298.317776,
        "iqr_ns": 2827.798983283621,
        "q1_ns": 8737.223463062595,
        "q3_ns": 11565.022446346216
      },
      "runq_latency_stats_ns": {
        "count": 143.0,
        "sum_ns": 2473440.3711764705,
        "mean_ns": 17296.78581242287,
        "median_ns": 6713.228382360404,
        "min_ns": 863.0,
        "max_ns": 1047955.0,
        "variance_ns2": 8053021165.300062,
        "iqr_ns": 5241.622770151141,
        "q1_ns": 4418.6804026697,
        "q3_ns": 9660.30317282084
      },
      "first_seen_ts_ns": 1750133349349901597,
      "last_seen_ts_ns": 1750133407017075927,
      "duration_active_s": 57.66717433
    },
    {
      "tgid": 1,
      "comm": "pause",
      "cgroup_id": 22498,
      "on_cpu_stats_ns": {
        "count": 2.0,
        "sum_ns": 564201.5079365079,
        "mean_ns": 282100.75396825396,
        "median_ns": 370714.28571428574,
        "min_ns": 193487.22222222222,
        "max_ns": 370714.28571428574,
        "variance_ns2": 15704716017.00996,
        "iqr_ns": 177227.06349206352,
        "q1_ns": 193487.22222222222,
        "q3_ns": 370714.28571428574
      },
      "runq_latency_stats_ns": {
        "count": 2.0,
        "sum_ns": 6878.777777777777,
        "mean_ns": 3439.3888888888887,
        "median_ns": 6014.777777777777,
        "min_ns": 864.0,
        "max_ns": 6014.777777777777,
        "variance_ns2": 13265255.858024688,
        "iqr_ns": 5150.777777777777,
        "q1_ns": 864.0,
        "q3_ns": 6014.777777777777
      },
      "first_seen_ts_ns": 1750133373899896912,
      "last_seen_ts_ns": 1750133407017075927,
      "duration_active_s": 33.117179015
    },
    {
      "tgid": 44,
      "comm": "bash",
      "cgroup_id": 22834,
      "on_cpu_stats_ns": {
        "count": 17.0,
        "sum_ns": 165691.99999999997,
        "mean_ns": 9746.588235294115,
        "median_ns": 9029.117355442178,
        "min_ns": 5892.0,
        "max_ns": 17190.0,
        "variance_ns2": 11879883.382352944,
        "iqr_ns": 4548.649248269736,
        "q1_ns": 7296.297668650794,
        "q3_ns": 11844.94691692053
      },
      "runq_latency_stats_ns": {
        "count": 17.0,
        "sum_ns": 185490.0,
        "mean_ns": 10911.176470588236,
        "median_ns": 12141.514285714286,
        "min_ns": 2225.0,
        "max_ns": 20172.0,
        "variance_ns2": 24242666.779411763,
        "iqr_ns": 2506.6860887930834,
        "q1_ns": 9052.275110501449,
        "q3_ns": 11558.961199294532
      },
      "first_seen_ts_ns": 1750133352509897121,
      "last_seen_ts_ns": 1750133404494295775,
      "duration_active_s": 51.984398654
    }
  ]
}
[04:10:07] Cleanup complete. Exiting.
