unlimited
PROGRAM: cpu
Looking for /opt/programs/cpu/ebpf-collect.c
[05:31:21] Waiting for start indicator file: '/mnt/flux/start_ebpf_collection'.
[05:31:27] Start indicator found. Proceeding with monitoring.
[05:31:27] Initializing eBPF for CPU Scheduling monitoring...
[05:31:27] BPF C code compiled and loaded.
[05:31:27] Attached tracepoints.
[05:31:27] Monitoring CPU scheduling events (polling aggregated map)... Press Ctrl+C to stop.
[05:32:35] Stop indicator file '/mnt/flux/stop_ebpf_collection' found. Stopping.
[05:32:35] Initiating cleanup sequence...
{
  "final_aggregated_summary_river": [
    {
      "tgid": 1,
      "comm": "pause",
      "cgroup_id": 60705,
      "on_cpu_stats_ns": {
        "count": 3.0,
        "sum_ns": 601592.7222222222,
        "mean_ns": 200530.90740740742,
        "median_ns": 203583.5,
        "min_ns": 175731.44444444444,
        "max_ns": 222277.77777777778,
        "variance_ns2": 548629027.8467083,
        "iqr_ns": 46546.33333333334,
        "q1_ns": 175731.44444444444,
        "q3_ns": 222277.77777777778
      },
      "runq_latency_stats_ns": {
        "count": 3.0,
        "sum_ns": 7516.555555555557,
        "mean_ns": 2505.5185185185187,
        "median_ns": 924.1111111111111,
        "min_ns": 919.0,
        "max_ns": 5673.444444444444,
        "variance_ns2": 7526822.534979424,
        "iqr_ns": 4754.444444444444,
        "q1_ns": 919.0,
        "q3_ns": 5673.444444444444
      },
      "first_seen_ts_ns": 1750138294269876287,
      "last_seen_ts_ns": 1750138355705602347,
      "duration_active_s": 61.43572606
    },
    {
      "tgid": 44,
      "comm": "bash",
      "cgroup_id": 60957,
      "on_cpu_stats_ns": {
        "count": 19.0,
        "sum_ns": 161736.99999999994,
        "mean_ns": 8512.473684210523,
        "median_ns": 7814.135491392669,
        "min_ns": 4912.0,
        "max_ns": 13380.0,
        "variance_ns2": 6862695.040935675,
        "iqr_ns": 3377.216718719381,
        "q1_ns": 6341.70425071649,
        "q3_ns": 9718.92096943587
      },
      "runq_latency_stats_ns": {
        "count": 19.0,
        "sum_ns": 227955.00000000003,
        "mean_ns": 11997.63157894737,
        "median_ns": 11823.142857142857,
        "min_ns": 2597.0,
        "max_ns": 19837.0,
        "variance_ns2": 25521303.356725145,
        "iqr_ns": 2792.073715828925,
        "q1_ns": 10680.095679012345,
        "q3_ns": 13472.16939484127
      },
      "first_seen_ts_ns": 1750138288429899874,
      "last_seen_ts_ns": 1750138352470106995,
      "duration_active_s": 64.040207121
    }
  ]
}
[05:32:35] Cleanup complete. Exiting.
