unlimited
PROGRAM: cpu
Looking for /opt/programs/cpu/ebpf-collect.c
[14:33:05] Waiting for start indicator file: '/mnt/flux/start_ebpf_collection'.
[14:33:11] Start indicator found. Proceeding with monitoring.
[14:33:11] Initializing eBPF for CPU Scheduling monitoring...
[14:33:12] BPF C code compiled and loaded.
[14:33:12] Attached tracepoints.
[14:33:12] Monitoring CPU scheduling events (polling aggregated map)... Press Ctrl+C to stop.
[14:34:09] Stop indicator file '/mnt/flux/stop_ebpf_collection' found. Stopping.
[14:34:09] Initiating cleanup sequence...
{
  "final_aggregated_summary_river": [
    {
      "tgid": 40,
      "comm": "bash",
      "cgroup_id": 52192,
      "on_cpu_stats_ns": {
        "count": 53.0,
        "sum_ns": 3111506.0,
        "mean_ns": 58707.660377358494,
        "median_ns": 37532.07278146652,
        "min_ns": 6113.0,
        "max_ns": 274398.5,
        "variance_ns2": 3826473959.488207,
        "iqr_ns": 52903.01143713594,
        "q1_ns": 19117.65905714886,
        "q3_ns": 72020.6704942848
      },
      "runq_latency_stats_ns": {
        "count": 53.0,
        "sum_ns": 692853.8333333334,
        "mean_ns": 13072.713836477988,
        "median_ns": 7735.431266215874,
        "min_ns": 1239.0,
        "max_ns": 144534.0,
        "variance_ns2": 401158940.8337363,
        "iqr_ns": 10105.927637570103,
        "q1_ns": 5042.874623299509,
        "q3_ns": 15148.802260869612
      },
      "first_seen_ts_ns": 1749997992742717358,
      "last_seen_ts_ns": 1749998049513074381,
      "duration_active_s": 56.770357023
    },
    {
      "tgid": 1,
      "comm": "pause",
      "cgroup_id": 51856,
      "on_cpu_stats_ns": {
        "count": 2.0,
        "sum_ns": 694584.8888888889,
        "mean_ns": 347292.44444444444,
        "median_ns": 460244.0,
        "min_ns": 234340.88888888888,
        "max_ns": 460244.0,
        "variance_ns2": 25516107804.839508,
        "iqr_ns": 225903.11111111112,
        "q1_ns": 234340.88888888888,
        "q3_ns": 460244.0
      },
      "runq_latency_stats_ns": {
        "count": 2.0,
        "sum_ns": 9886.587301587302,
        "mean_ns": 4943.293650793651,
        "median_ns": 8653.444444444445,
        "min_ns": 1233.142857142857,
        "max_ns": 8653.444444444445,
        "variance_ns2": 27530437.823255237,
        "iqr_ns": 7420.301587301588,
        "q1_ns": 1233.142857142857,
        "q3_ns": 8653.444444444445
      },
      "first_seen_ts_ns": 1749997997729379269,
      "last_seen_ts_ns": 1749998049513074381,
      "duration_active_s": 51.783695112
    },
    {
      "tgid": 250,
      "comm": "xhpcg",
      "cgroup_id": 52276,
      "on_cpu_stats_ns": {
        "count": 2.0,
        "sum_ns": 47167.0625,
        "mean_ns": 23583.53125,
        "median_ns": 24927.0,
        "min_ns": 22240.0625,
        "max_ns": 24927.0,
        "variance_ns2": 3609816.564453125,
        "iqr_ns": 2686.9375,
        "q1_ns": 22240.0625,
        "q3_ns": 24927.0
      },
      "runq_latency_stats_ns": {
        "count": 2.0,
        "sum_ns": 26279.5625,
        "mean_ns": 13139.78125,
        "median_ns": 13248.3125,
        "min_ns": 13031.25,
        "max_ns": 13248.3125,
        "variance_ns2": 23558.064453125,
        "iqr_ns": 217.0625,
        "q1_ns": 13031.25,
        "q3_ns": 13248.3125
      },
      "first_seen_ts_ns": 1749998029785294886,
      "last_seen_ts_ns": 1749998029893457696,
      "duration_active_s": 0.10816281
    }
  ]
}
[14:34:09] Cleanup complete. Exiting.
