unlimited
PROGRAM: cpu
Looking for /opt/programs/cpu/ebpf-collect.c
[05:24:12] Waiting for start indicator file: '/mnt/flux/start_ebpf_collection'.
[05:24:14] Start indicator found. Proceeding with monitoring.
[05:24:14] Initializing eBPF for CPU Scheduling monitoring...
[05:24:14] BPF C code compiled and loaded.
[05:24:14] Attached tracepoints.
[05:24:14] Monitoring CPU scheduling events (polling aggregated map)... Press Ctrl+C to stop.
[05:25:18] Stop indicator file '/mnt/flux/stop_ebpf_collection' found. Stopping.
[05:25:18] Initiating cleanup sequence...
{
  "final_aggregated_summary_river": [
    {
      "tgid": 30,
      "comm": "bash",
      "cgroup_id": 42670,
      "on_cpu_stats_ns": {
        "count": 26.0,
        "sum_ns": 3994107.207142858,
        "mean_ns": 153619.507967033,
        "median_ns": 29549.274266765133,
        "min_ns": 6373.0,
        "max_ns": 3653461.0,
        "variance_ns2": 509592495417.056,
        "iqr_ns": 7797.595140734951,
        "q1_ns": 9846.060117276078,
        "q3_ns": 17643.65525801103
      },
      "runq_latency_stats_ns": {
        "count": 26.0,
        "sum_ns": 253572.63571428566,
        "mean_ns": 9752.793681318679,
        "median_ns": 9158.232667197772,
        "min_ns": 1961.0,
        "max_ns": 41171.0,
        "variance_ns2": 64868307.20846664,
        "iqr_ns": 8952.019584469568,
        "q1_ns": 3936.2726350437683,
        "q3_ns": 12888.292219513336
      },
      "first_seen_ts_ns": 1749619454469599439,
      "last_seen_ts_ns": 1749619518567145445,
      "duration_active_s": 64.097546006
    },
    {
      "tgid": 225,
      "comm": "xhpcg",
      "cgroup_id": 42810,
      "on_cpu_stats_ns": {
        "count": 116.0,
        "sum_ns": 1173384.1635140297,
        "mean_ns": 10115.380719948533,
        "median_ns": 9968.503723235108,
        "min_ns": 7299.025,
        "max_ns": 16876.85714285714,
        "variance_ns2": 2998770.730851477,
        "iqr_ns": 2478.4106445692996,
        "q1_ns": 8788.907123753952,
        "q3_ns": 11267.317768323252
      },
      "runq_latency_stats_ns": {
        "count": 116.0,
        "sum_ns": 776322.881042362,
        "mean_ns": 6692.438629675534,
        "median_ns": 5079.675522843196,
        "min_ns": 1745.75,
        "max_ns": 198858.64285714287,
        "variance_ns2": 327254273.80992657,
        "iqr_ns": 2276.4682344787116,
        "q1_ns": 4160.095040603113,
        "q3_ns": 6436.563275081825
      },
      "first_seen_ts_ns": 1749619454983913578,
      "last_seen_ts_ns": 1749619467695090820,
      "duration_active_s": 12.711177242
    },
    {
      "tgid": 1,
      "comm": "pause",
      "cgroup_id": 42460,
      "on_cpu_stats_ns": {
        "count": 2.0,
        "sum_ns": 865651.9523809524,
        "mean_ns": 432825.9761904762,
        "median_ns": 510799.28571428574,
        "min_ns": 354852.6666666667,
        "max_ns": 510799.28571428574,
        "variance_ns2": 12159673996.19161,
        "iqr_ns": 155946.61904761905,
        "q1_ns": 354852.6666666667,
        "q3_ns": 510799.28571428574
      },
      "runq_latency_stats_ns": {
        "count": 2.0,
        "sum_ns": 12393.857142857143,
        "mean_ns": 6196.928571428572,
        "median_ns": 8465.0,
        "min_ns": 3928.8571428571427,
        "max_ns": 8465.0,
        "variance_ns2": 10288296.010204082,
        "iqr_ns": 4536.142857142857,
        "q1_ns": 3928.8571428571427,
        "q3_ns": 8465.0
      },
      "first_seen_ts_ns": 1749619481600701453,
      "last_seen_ts_ns": 1749619518567145445,
      "duration_active_s": 36.966443992
    }
  ]
}
[05:25:18] Cleanup complete. Exiting.
