unlimited
PROGRAM: cpu
Looking for /opt/programs/cpu/ebpf-collect.c
[01:40:04] Waiting for start indicator file: '/mnt/flux/start_ebpf_collection'.
[01:40:05] Start indicator found. Proceeding with monitoring.
[01:40:05] Initializing eBPF for CPU Scheduling monitoring...
[01:40:06] BPF C code compiled and loaded.
[01:40:06] Attached tracepoints.
[01:40:06] Monitoring CPU scheduling events (polling aggregated map)... Press Ctrl+C to stop.
[01:41:16] Stop indicator file '/mnt/flux/stop_ebpf_collection' found. Stopping.
[01:41:16] Initiating cleanup sequence...
{
  "final_aggregated_summary_river": [
    {
      "tgid": 31,
      "comm": "bash",
      "cgroup_id": 15853,
      "on_cpu_stats_ns": {
        "count": 52.0,
        "sum_ns": 1668403.6000000003,
        "mean_ns": 32084.68461538462,
        "median_ns": 16474.988567684668,
        "min_ns": 5671.666666666667,
        "max_ns": 276739.0,
        "variance_ns2": 2813651096.3076015,
        "iqr_ns": 20546.996093671027,
        "q1_ns": 9906.28177545577,
        "q3_ns": 30453.277869126796
      },
      "runq_latency_stats_ns": {
        "count": 52.0,
        "sum_ns": 10486910.866666669,
        "mean_ns": 201671.36282051288,
        "median_ns": 17093.076434768293,
        "min_ns": 1058.0,
        "max_ns": 9998144.0,
        "variance_ns2": 1919083007920.8616,
        "iqr_ns": 9365.31049789127,
        "q1_ns": 3644.6267840220826,
        "q3_ns": 13009.937281913353
      },
      "first_seen_ts_ns": 1749778806583065044,
      "last_seen_ts_ns": 1749778870761710699,
      "duration_active_s": 64.178645655
    },
    {
      "tgid": 1,
      "comm": "pause",
      "cgroup_id": 15643,
      "on_cpu_stats_ns": {
        "count": 2.0,
        "sum_ns": 609714.4444444445,
        "mean_ns": 304857.22222222225,
        "median_ns": 325507.0,
        "min_ns": 284207.44444444444,
        "max_ns": 325507.0,
        "variance_ns2": 852826644.543209,
        "iqr_ns": 41299.55555555556,
        "q1_ns": 284207.44444444444,
        "q3_ns": 325507.0
      },
      "runq_latency_stats_ns": {
        "count": 2.0,
        "sum_ns": 3898.222222222222,
        "mean_ns": 1949.111111111111,
        "median_ns": 2032.0,
        "min_ns": 1866.2222222222222,
        "max_ns": 2032.0,
        "variance_ns2": 13741.135802469144,
        "iqr_ns": 165.77777777777783,
        "q1_ns": 1866.2222222222222,
        "q3_ns": 2032.0
      },
      "first_seen_ts_ns": 1749778832446250140,
      "last_seen_ts_ns": 1749778876115989973,
      "duration_active_s": 43.669739833
    },
    {
      "tgid": 65,
      "comm": "bash",
      "cgroup_id": 15993,
      "on_cpu_stats_ns": {
        "count": 25.0,
        "sum_ns": 255361.15277777775,
        "mean_ns": 10214.44611111111,
        "median_ns": 8896.01159191278,
        "min_ns": 4335.0,
        "max_ns": 24225.0,
        "variance_ns2": 21998311.816813275,
        "iqr_ns": 2990.1281629135483,
        "q1_ns": 7857.243448818001,
        "q3_ns": 10847.371611731549
      },
      "runq_latency_stats_ns": {
        "count": 25.0,
        "sum_ns": 217545.61111111107,
        "mean_ns": 8701.824444444443,
        "median_ns": 8214.41875404688,
        "min_ns": 1522.111111111111,
        "max_ns": 15843.0,
        "variance_ns2": 26087999.160106093,
        "iqr_ns": 9415.245071330588,
        "q1_ns": 3779.8651100823045,
        "q3_ns": 13195.110181412892
      },
      "first_seen_ts_ns": 1749778806172504341,
      "last_seen_ts_ns": 1749778875304506541,
      "duration_active_s": 69.1320022
    }
  ]
}
[01:41:16] Cleanup complete. Exiting.
