unlimited
PROGRAM: cpu
Looking for /opt/programs/cpu/ebpf-collect.c
[03:25:22] Waiting for start indicator file: '/mnt/flux/start_ebpf_collection'.
[03:25:24] Start indicator found. Proceeding with monitoring.
[03:25:24] Initializing eBPF for CPU Scheduling monitoring...
[03:25:25] BPF C code compiled and loaded.
[03:25:25] Attached tracepoints.
[03:25:25] Monitoring CPU scheduling events (polling aggregated map)... Press Ctrl+C to stop.
[03:26:31] Stop indicator file '/mnt/flux/stop_ebpf_collection' found. Stopping.
[03:26:31] Initiating cleanup sequence...
{
  "final_aggregated_summary_river": [
    {
      "tgid": 31,
      "comm": "bash",
      "cgroup_id": 59364,
      "on_cpu_stats_ns": {
        "count": 40.0,
        "sum_ns": 4984707.152777779,
        "mean_ns": 124617.67881944447,
        "median_ns": 18154.030366416155,
        "min_ns": 5928.0,
        "max_ns": 1320802.0,
        "variance_ns2": 76251617126.10788,
        "iqr_ns": 84566.95062344777,
        "q1_ns": 9994.063821036314,
        "q3_ns": 94561.01444448408
      },
      "runq_latency_stats_ns": {
        "count": 40.0,
        "sum_ns": 5630078.402777778,
        "mean_ns": 140751.96006944444,
        "median_ns": 4652.82241779635,
        "min_ns": 1072.0,
        "max_ns": 4986736.5,
        "variance_ns2": 620056993455.8457,
        "iqr_ns": 3937.193329259757,
        "q1_ns": 2251.838031163714,
        "q3_ns": 6189.031360423471
      },
      "first_seen_ts_ns": 1749785125261774133,
      "last_seen_ts_ns": 1749785191667378442,
      "duration_active_s": 66.405604309
    },
    {
      "tgid": 1,
      "comm": "pause",
      "cgroup_id": 59154,
      "on_cpu_stats_ns": {
        "count": 2.0,
        "sum_ns": 504377.22222222225,
        "mean_ns": 252188.61111111112,
        "median_ns": 253670.0,
        "min_ns": 250707.22222222222,
        "max_ns": 253670.0,
        "variance_ns2": 4389026.08024688,
        "iqr_ns": 2962.777777777781,
        "q1_ns": 250707.22222222222,
        "q3_ns": 253670.0
      },
      "runq_latency_stats_ns": {
        "count": 2.0,
        "sum_ns": 10214.333333333332,
        "mean_ns": 5107.166666666666,
        "median_ns": 7365.333333333333,
        "min_ns": 2849.0,
        "max_ns": 7365.333333333333,
        "variance_ns2": 10198633.388888886,
        "iqr_ns": 4516.333333333333,
        "q1_ns": 2849.0,
        "q3_ns": 7365.333333333333
      },
      "first_seen_ts_ns": 1749785133859942340,
      "last_seen_ts_ns": 1749785191667378442,
      "duration_active_s": 57.807436102
    }
  ]
}
[03:26:31] Cleanup complete. Exiting.
