unlimited
PROGRAM: cpu
Looking for /opt/programs/cpu/ebpf-collect.c
[05:01:53] Waiting for start indicator file: '/mnt/flux/start_ebpf_collection'.
[05:02:00] Start indicator found. Proceeding with monitoring.
[05:02:00] Initializing eBPF for CPU Scheduling monitoring...
[05:02:01] BPF C code compiled and loaded.
[05:02:01] Attached tracepoints.
[05:02:01] Monitoring CPU scheduling events (polling aggregated map)... Press Ctrl+C to stop.
[05:03:00] Stop indicator file '/mnt/flux/stop_ebpf_collection' found. Stopping.
[05:03:00] Initiating cleanup sequence...
{
  "final_aggregated_summary_river": [
    {
      "tgid": 45,
      "comm": "bash",
      "cgroup_id": 47249,
      "on_cpu_stats_ns": {
        "count": 54.0,
        "sum_ns": 4477092.999999999,
        "mean_ns": 82909.12962962962,
        "median_ns": 46781.50077067347,
        "min_ns": 5890.0,
        "max_ns": 525797.0,
        "variance_ns2": 10908895866.690426,
        "iqr_ns": 85715.90551974913,
        "q1_ns": 17294.328161200814,
        "q3_ns": 103010.23368094994
      },
      "runq_latency_stats_ns": {
        "count": 54.0,
        "sum_ns": 11103608.666666662,
        "mean_ns": 205622.3827160493,
        "median_ns": 7739.050997829844,
        "min_ns": 1017.0,
        "max_ns": 9989097.0,
        "variance_ns2": 1842868860337.3936,
        "iqr_ns": 662.9879904724348,
        "q1_ns": 7164.388251680955,
        "q3_ns": 7827.37624215339
      },
      "first_seen_ts_ns": 1750136521169887899,
      "last_seen_ts_ns": 1750136580852826209,
      "duration_active_s": 59.68293831
    },
    {
      "tgid": 74,
      "comm": "python3",
      "cgroup_id": 47165,
      "on_cpu_stats_ns": {
        "count": 158.0,
        "sum_ns": 4218888.999999999,
        "mean_ns": 26701.829113924043,
        "median_ns": 11799.511595086451,
        "min_ns": 3501.0,
        "max_ns": 860674.0,
        "variance_ns2": 6657310436.534303,
        "iqr_ns": 4865.895423121681,
        "q1_ns": 8978.059468602785,
        "q3_ns": 13843.954891724467
      },
      "runq_latency_stats_ns": {
        "count": 158.0,
        "sum_ns": 2670041.3333333316,
        "mean_ns": 16898.995780590707,
        "median_ns": 4809.792949736498,
        "min_ns": 751.0,
        "max_ns": 918308.0,
        "variance_ns2": 6323000173.43806,
        "iqr_ns": 3140.8710844083143,
        "q1_ns": 3985.140487396875,
        "q3_ns": 7126.011571805189
      },
      "first_seen_ts_ns": 1750136521169887899,
      "last_seen_ts_ns": 1750136580650251369,
      "duration_active_s": 59.48036347
    },
    {
      "tgid": 1,
      "comm": "pause",
      "cgroup_id": 46997,
      "on_cpu_stats_ns": {
        "count": 2.0,
        "sum_ns": 605152.2698412698,
        "mean_ns": 302576.1349206349,
        "median_ns": 405043.71428571426,
        "min_ns": 200108.55555555556,
        "max_ns": 405043.71428571426,
        "variance_ns2": 20999209641.87767,
        "iqr_ns": 204935.1587301587,
        "q1_ns": 200108.55555555556,
        "q3_ns": 405043.71428571426
      },
      "runq_latency_stats_ns": {
        "count": 2.0,
        "sum_ns": 5155.523809523809,
        "mean_ns": 2577.7619047619046,
        "median_ns": 3987.6666666666665,
        "min_ns": 1167.857142857143,
        "max_ns": 3987.6666666666665,
        "variance_ns2": 3975662.875283446,
        "iqr_ns": 2819.809523809524,
        "q1_ns": 1167.857142857143,
        "q3_ns": 3987.6666666666665
      },
      "first_seen_ts_ns": 1750136554130632569,
      "last_seen_ts_ns": 1750136580852826209,
      "duration_active_s": 26.72219364
    }
  ]
}
[05:03:00] Cleanup complete. Exiting.
