unlimited
PROGRAM: cpu
Looking for /opt/programs/cpu/ebpf-collect.c
[14:44:32] Waiting for start indicator file: '/mnt/flux/start_ebpf_collection'.
[14:44:38] Start indicator found. Proceeding with monitoring.
[14:44:38] Initializing eBPF for CPU Scheduling monitoring...
[14:44:39] BPF C code compiled and loaded.
[14:44:39] Attached tracepoints.
[14:44:39] Monitoring CPU scheduling events (polling aggregated map)... Press Ctrl+C to stop.
[14:45:42] Stop indicator file '/mnt/flux/stop_ebpf_collection' found. Stopping.
[14:45:42] Initiating cleanup sequence...
{
  "final_aggregated_summary_river": [
    {
      "tgid": 40,
      "comm": "bash",
      "cgroup_id": 57539,
      "on_cpu_stats_ns": {
        "count": 72.0,
        "sum_ns": 4951820.333333335,
        "mean_ns": 68775.28240740743,
        "median_ns": 32044.712976009112,
        "min_ns": 5956.0,
        "max_ns": 557904.0,
        "variance_ns2": 8727096820.921474,
        "iqr_ns": 85707.09094766746,
        "q1_ns": 18128.692514049224,
        "q3_ns": 103835.78346171668
      },
      "runq_latency_stats_ns": {
        "count": 71.0,
        "sum_ns": 11081981.75,
        "mean_ns": 156084.25,
        "median_ns": 13961.744334657344,
        "min_ns": 1247.0,
        "max_ns": 4982394.0,
        "variance_ns2": 649307700002.8816,
        "iqr_ns": 17221.093126157062,
        "q1_ns": 5441.465789200761,
        "q3_ns": 22662.558915357822
      },
      "first_seen_ts_ns": 1749998679303447539,
      "last_seen_ts_ns": 1749998742714991404,
      "duration_active_s": 63.411543865
    },
    {
      "tgid": 1,
      "comm": "pause",
      "cgroup_id": 57203,
      "on_cpu_stats_ns": {
        "count": 2.0,
        "sum_ns": 728239.0634920635,
        "mean_ns": 364119.5317460318,
        "median_ns": 477561.28571428574,
        "min_ns": 250677.77777777778,
        "max_ns": 477561.28571428574,
        "variance_ns2": 25738063086.78773,
        "iqr_ns": 226883.50793650796,
        "q1_ns": 250677.77777777778,
        "q3_ns": 477561.28571428574
      },
      "runq_latency_stats_ns": {
        "count": 2.0,
        "sum_ns": 8951.68253968254,
        "mean_ns": 4475.84126984127,
        "median_ns": 6810.111111111111,
        "min_ns": 2141.5714285714284,
        "max_ns": 6810.111111111111,
        "variance_ns2": 10897631.383723864,
        "iqr_ns": 4668.539682539683,
        "q1_ns": 2141.5714285714284,
        "q3_ns": 6810.111111111111
      },
      "first_seen_ts_ns": 1749998717793445275,
      "last_seen_ts_ns": 1749998742714991404,
      "duration_active_s": 24.921546129
    }
  ]
}
[14:45:42] Cleanup complete. Exiting.
