unlimited
PROGRAM: cpu
Looking for /opt/programs/cpu/ebpf-collect.c
[00:12:20] Waiting for start indicator file: '/mnt/flux/start_ebpf_collection'.
[00:12:27] Start indicator found. Proceeding with monitoring.
[00:12:27] Initializing eBPF for CPU Scheduling monitoring...
[00:12:27] BPF C code compiled and loaded.
[00:12:27] Attached tracepoints.
[00:12:27] Monitoring CPU scheduling events (polling aggregated map)... Press Ctrl+C to stop.
[00:13:41] Stop indicator file '/mnt/flux/stop_ebpf_collection' found. Stopping.
[00:13:41] Initiating cleanup sequence...
{
  "final_aggregated_summary_river": [
    {
      "tgid": 31,
      "comm": "bash",
      "cgroup_id": 16596,
      "on_cpu_stats_ns": {
        "count": 72.0,
        "sum_ns": 5836186.922366522,
        "mean_ns": 81058.15169953502,
        "median_ns": 48970.05741236171,
        "min_ns": 10100.0,
        "max_ns": 603845.0,
        "variance_ns2": 9317590154.938,
        "iqr_ns": 61177.21292886423,
        "q1_ns": 26048.59946321126,
        "q3_ns": 87225.81239207549
      },
      "runq_latency_stats_ns": {
        "count": 72.0,
        "sum_ns": 3228795.6532467543,
        "mean_ns": 44844.38407287159,
        "median_ns": 11218.07512919247,
        "min_ns": 2500.0,
        "max_ns": 1002189.0,
        "variance_ns2": 18284710965.94513,
        "iqr_ns": 29255.09454103262,
        "q1_ns": 6377.398993532089,
        "q3_ns": 35632.49353456471
      },
      "first_seen_ts_ns": 1749687147718230771,
      "last_seen_ts_ns": 1749687221546906542,
      "duration_active_s": 73.828675771
    },
    {
      "tgid": 1,
      "comm": "pause",
      "cgroup_id": 16386,
      "on_cpu_stats_ns": {
        "count": 2.0,
        "sum_ns": 759507.3333333333,
        "mean_ns": 379753.6666666666,
        "median_ns": 383433.0,
        "min_ns": 376074.3333333333,
        "max_ns": 383433.0,
        "variance_ns2": 27074987.555555914,
        "iqr_ns": 7358.666666666686,
        "q1_ns": 376074.3333333333,
        "q3_ns": 383433.0
      },
      "runq_latency_stats_ns": {
        "count": 2.0,
        "sum_ns": 17007.88888888889,
        "mean_ns": 8503.944444444445,
        "median_ns": 13387.888888888889,
        "min_ns": 3620.0,
        "max_ns": 13387.888888888889,
        "variance_ns2": 47705826.672839515,
        "iqr_ns": 9767.888888888889,
        "q1_ns": 3620.0,
        "q3_ns": 13387.888888888889
      },
      "first_seen_ts_ns": 1749687195472229372,
      "last_seen_ts_ns": 1749687221964499832,
      "duration_active_s": 26.49227046
    },
    {
      "tgid": 225,
      "comm": "xhpcg",
      "cgroup_id": 16736,
      "on_cpu_stats_ns": {
        "count": 40.0,
        "sum_ns": 723500.7523089823,
        "mean_ns": 18087.51880772456,
        "median_ns": 13683.907475871423,
        "min_ns": 8373.0,
        "max_ns": 111949.81034482758,
        "variance_ns2": 355186321.16163117,
        "iqr_ns": 3389.468094055337,
        "q1_ns": 11612.61919720942,
        "q3_ns": 15002.087291264757
      },
      "runq_latency_stats_ns": {
        "count": 40.0,
        "sum_ns": 431658.38495211094,
        "mean_ns": 10791.459623802773,
        "median_ns": 5771.529702730211,
        "min_ns": 2951.25,
        "max_ns": 85183.25,
        "variance_ns2": 201628973.47317973,
        "iqr_ns": 5717.908251478955,
        "q1_ns": 4495.140300179792,
        "q3_ns": 10213.048551658747
      },
      "first_seen_ts_ns": 1749687147610988146,
      "last_seen_ts_ns": 1749687155849560359,
      "duration_active_s": 8.238572213
    }
  ]
}
[00:13:41] Cleanup complete. Exiting.
