unlimited
PROGRAM: cpu
Looking for /opt/programs/cpu/ebpf-collect.c
[00:18:13] Waiting for start indicator file: '/mnt/flux/start_ebpf_collection'.
[00:18:15] Start indicator found. Proceeding with monitoring.
[00:18:15] Initializing eBPF for CPU Scheduling monitoring...
[00:18:16] BPF C code compiled and loaded.
[00:18:16] Attached tracepoints.
[00:18:16] Monitoring CPU scheduling events (polling aggregated map)... Press Ctrl+C to stop.
[00:19:14] Stop indicator file '/mnt/flux/stop_ebpf_collection' found. Stopping.
[00:19:14] Initiating cleanup sequence...
{
  "final_aggregated_summary_river": [
    {
      "tgid": 41,
      "comm": "bash",
      "cgroup_id": 18601,
      "on_cpu_stats_ns": {
        "count": 95.0,
        "sum_ns": 10364846.841130534,
        "mean_ns": 109103.65095926878,
        "median_ns": 61888.22246133282,
        "min_ns": 8391.25,
        "max_ns": 1431872.0,
        "variance_ns2": 32589212712.63421,
        "iqr_ns": 36124.2508377881,
        "q1_ns": 30442.175393034628,
        "q3_ns": 66566.42623082273
      },
      "runq_latency_stats_ns": {
        "count": 95.0,
        "sum_ns": 21369147.99812909,
        "mean_ns": 224938.3999803062,
        "median_ns": 13500.715431576533,
        "min_ns": 2680.0,
        "max_ns": 9355757.0,
        "variance_ns2": 1122741350261.414,
        "iqr_ns": 28258.319034806107,
        "q1_ns": 6915.6578744157405,
        "q3_ns": 35173.97690922185
      },
      "first_seen_ts_ns": 1749687496273201646,
      "last_seen_ts_ns": 1749687554149569249,
      "duration_active_s": 57.876367603
    },
    {
      "tgid": 1,
      "comm": "pause",
      "cgroup_id": 18321,
      "on_cpu_stats_ns": {
        "count": 1.0,
        "sum_ns": 384883.0,
        "mean_ns": 384883.0,
        "median_ns": 384883.0,
        "min_ns": 384883.0,
        "max_ns": 384883.0,
        "variance_ns2": null,
        "iqr_ns": 0.0,
        "q1_ns": 384883.0,
        "q3_ns": 384883.0
      },
      "runq_latency_stats_ns": {
        "count": 1.0,
        "sum_ns": 2720.0,
        "mean_ns": 2720.0,
        "median_ns": 2720.0,
        "min_ns": 2720.0,
        "max_ns": 2720.0,
        "variance_ns2": null,
        "iqr_ns": 0.0,
        "q1_ns": 2720.0,
        "q3_ns": 2720.0
      },
      "first_seen_ts_ns": 1749687554254081379,
      "last_seen_ts_ns": 1749687554254081379,
      "duration_active_s": 0
    },
    {
      "tgid": 229,
      "comm": "xhpcg",
      "cgroup_id": 18671,
      "on_cpu_stats_ns": {
        "count": 1.0,
        "sum_ns": 36991.0,
        "mean_ns": 36991.0,
        "median_ns": 36991.0,
        "min_ns": 36991.0,
        "max_ns": 36991.0,
        "variance_ns2": null,
        "iqr_ns": 0.0,
        "q1_ns": 36991.0,
        "q3_ns": 36991.0
      },
      "runq_latency_stats_ns": {
        "count": 1.0,
        "sum_ns": 29570.0,
        "mean_ns": 29570.0,
        "median_ns": 29570.0,
        "min_ns": 29570.0,
        "max_ns": 29570.0,
        "variance_ns2": null,
        "iqr_ns": 0.0,
        "q1_ns": 29570.0,
        "q3_ns": 29570.0
      },
      "first_seen_ts_ns": 1749687508422279486,
      "last_seen_ts_ns": 1749687508422279486,
      "duration_active_s": 0
    }
  ]
}
[00:19:14] Cleanup complete. Exiting.
