unlimited
PROGRAM: cpu
Looking for /opt/programs/cpu/ebpf-collect.c
[06:02:30] Waiting for start indicator file: '/mnt/flux/start_ebpf_collection'.
[06:02:36] Start indicator found. Proceeding with monitoring.
[06:02:36] Initializing eBPF for CPU Scheduling monitoring...
[06:02:36] BPF C code compiled and loaded.
[06:02:36] Attached tracepoints.
[06:02:36] Monitoring CPU scheduling events (polling aggregated map)... Press Ctrl+C to stop.
[06:03:42] Stop indicator file '/mnt/flux/stop_ebpf_collection' found. Stopping.
[06:03:42] Initiating cleanup sequence...
{
  "final_aggregated_summary_river": [
    {
      "tgid": 1,
      "comm": "pause",
      "cgroup_id": 74319,
      "on_cpu_stats_ns": {
        "count": 2.0,
        "sum_ns": 573529.0634920635,
        "mean_ns": 286764.5317460318,
        "median_ns": 364401.28571428574,
        "min_ns": 209127.77777777778,
        "max_ns": 364401.28571428574,
        "variance_ns2": 12054931133.454397,
        "iqr_ns": 155273.50793650796,
        "q1_ns": 209127.77777777778,
        "q3_ns": 364401.28571428574
      },
      "runq_latency_stats_ns": {
        "count": 2.0,
        "sum_ns": 6900.952380952382,
        "mean_ns": 3450.476190476191,
        "median_ns": 5235.666666666667,
        "min_ns": 1665.2857142857142,
        "max_ns": 5235.666666666667,
        "variance_ns2": 6373810.07256236,
        "iqr_ns": 3570.3809523809527,
        "q1_ns": 1665.2857142857142,
        "q3_ns": 5235.666666666667
      },
      "first_seen_ts_ns": 1750140214469899024,
      "last_seen_ts_ns": 1750140222466966921,
      "duration_active_s": 7.997067897
    },
    {
      "tgid": 121,
      "comm": "flux-broker-0",
      "cgroup_id": 74739,
      "on_cpu_stats_ns": {
        "count": 23.0,
        "sum_ns": 433034.32177009276,
        "mean_ns": 18827.579207395338,
        "median_ns": 6654.924997874147,
        "min_ns": 2794.0,
        "max_ns": 161491.0,
        "variance_ns2": 1104119070.41563,
        "iqr_ns": 27915.65822662063,
        "q1_ns": 5372.474852368852,
        "q3_ns": 33288.133078989486
      },
      "runq_latency_stats_ns": {
        "count": 23.0,
        "sum_ns": 1414091.3029136257,
        "mean_ns": 61482.23056146198,
        "median_ns": 1686.1249252675561,
        "min_ns": 418.86,
        "max_ns": 1203274.0,
        "variance_ns2": 62496657136.813225,
        "iqr_ns": 10825.125186598645,
        "q1_ns": 1183.484727307696,
        "q3_ns": 12008.60991390634
      },
      "first_seen_ts_ns": 1750140161789885657,
      "last_seen_ts_ns": 1750140222466966921,
      "duration_active_s": 60.677081264
    }
  ]
}
[06:03:42] Cleanup complete. Exiting.
