ln: failed to create symbolic link '/mnt/flux/view/lib/python': File exists
ln: failed to create symbolic link '/mnt/flux/view/lib/python3': File exists
unlimited
PROGRAM: cpu
Looking for /opt/programs/cpu/ebpf-collect.c
[00:21:56] Waiting for start indicator file: '/mnt/flux/start_ebpf_collection'.
[00:22:01] Start indicator found. Proceeding with monitoring.
[00:22:01] Initializing eBPF for CPU Scheduling monitoring...
[00:22:02] BPF C code compiled and loaded.
[00:22:02] Attached tracepoints.
[00:22:02] Monitoring CPU scheduling events (polling aggregated map)... Press Ctrl+C to stop.
[00:23:28] Stop indicator file '/mnt/flux/stop_ebpf_collection' found. Stopping.
[00:23:28] Initiating cleanup sequence...
{
  "final_aggregated_summary_river": [
    {
      "tgid": 31,
      "comm": "bash",
      "cgroup_id": 19821,
      "on_cpu_stats_ns": {
        "count": 128.0,
        "sum_ns": 15501835.76666666,
        "mean_ns": 121108.09192708328,
        "median_ns": 63341.6546630988,
        "min_ns": 10050.0,
        "max_ns": 847922.0,
        "variance_ns2": 29108066099.990376,
        "iqr_ns": 76750.6578155802,
        "q1_ns": 23314.783639975903,
        "q3_ns": 100065.4414555561
      },
      "runq_latency_stats_ns": {
        "count": 128.0,
        "sum_ns": 43135686.050000004,
        "mean_ns": 336997.54726562503,
        "median_ns": 14758.14308066284,
        "min_ns": 2460.0,
        "max_ns": 5846583.0,
        "variance_ns2": 941411735296.3474,
        "iqr_ns": 39082.91601180038,
        "q1_ns": 6812.423718080285,
        "q3_ns": 45895.33972988067
      },
      "first_seen_ts_ns": 1749687722510376566,
      "last_seen_ts_ns": 1749687808564252433,
      "duration_active_s": 86.053875867
    },
    {
      "tgid": 225,
      "comm": "xhpcg",
      "cgroup_id": 19961,
      "on_cpu_stats_ns": {
        "count": 35.0,
        "sum_ns": 1370335.900761372,
        "mean_ns": 39152.45430746777,
        "median_ns": 9999.145369505188,
        "min_ns": 8456.92,
        "max_ns": 521352.10714285716,
        "variance_ns2": 11732236468.740189,
        "iqr_ns": 10774.52929594729,
        "q1_ns": 9533.321756941925,
        "q3_ns": 20307.851052889215
      },
      "runq_latency_stats_ns": {
        "count": 35.0,
        "sum_ns": 506033.47166582046,
        "mean_ns": 14458.099190452012,
        "median_ns": 7820.372571809118,
        "min_ns": 2768.125,
        "max_ns": 74426.91139240506,
        "variance_ns2": 241967345.53968608,
        "iqr_ns": 8614.545596992655,
        "q1_ns": 5715.635941700174,
        "q3_ns": 14330.181538692828
      },
      "first_seen_ts_ns": 1749687742959169902,
      "last_seen_ts_ns": 1749687748582268856,
      "duration_active_s": 5.623098954
    },
    {
      "tgid": 1,
      "comm": "pause",
      "cgroup_id": 19611,
      "on_cpu_stats_ns": {
        "count": 2.0,
        "sum_ns": 925177.3333333333,
        "mean_ns": 462588.6666666666,
        "median_ns": 509407.3333333333,
        "min_ns": 415770.0,
        "max_ns": 509407.3333333333,
        "variance_ns2": 4383975096.888885,
        "iqr_ns": 93637.33333333331,
        "q1_ns": 415770.0,
        "q3_ns": 509407.3333333333
      },
      "runq_latency_stats_ns": {
        "count": 2.0,
        "sum_ns": 10975.666666666668,
        "mean_ns": 5487.833333333334,
        "median_ns": 7914.555555555556,
        "min_ns": 3061.1111111111113,
        "max_ns": 7914.555555555556,
        "variance_ns2": 11777961.487654323,
        "iqr_ns": 4853.444444444444,
        "q1_ns": 3061.1111111111113,
        "q3_ns": 7914.555555555556
      },
      "first_seen_ts_ns": 1749687735554204268,
      "last_seen_ts_ns": 1749687795623124872,
      "duration_active_s": 60.068920604
    }
  ]
}
[00:23:28] Cleanup complete. Exiting.
