unlimited
PROGRAM: cpu
Looking for /opt/programs/cpu/ebpf-collect.c
[14:26:49] Waiting for start indicator file: '/mnt/flux/start_ebpf_collection'.
[14:26:55] Start indicator found. Proceeding with monitoring.
[14:26:55] Initializing eBPF for CPU Scheduling monitoring...
[14:26:56] BPF C code compiled and loaded.
[14:26:56] Attached tracepoints.
[14:26:56] Monitoring CPU scheduling events (polling aggregated map)... Press Ctrl+C to stop.
[14:27:57] Stop indicator file '/mnt/flux/stop_ebpf_collection' found. Stopping.
[14:27:57] Initiating cleanup sequence...
{
  "final_aggregated_summary_river": [
    {
      "tgid": 40,
      "comm": "bash",
      "cgroup_id": 49148,
      "on_cpu_stats_ns": {
        "count": 53.0,
        "sum_ns": 7299964.083333333,
        "mean_ns": 137735.1713836478,
        "median_ns": 19625.202184139805,
        "min_ns": 4726.0,
        "max_ns": 4533836.5,
        "variance_ns2": 385997813364.03424,
        "iqr_ns": 39321.93507996321,
        "q1_ns": 12065.75788585208,
        "q3_ns": 51387.69296581529
      },
      "runq_latency_stats_ns": {
        "count": 53.0,
        "sum_ns": 10285240.999999998,
        "mean_ns": 194061.1509433962,
        "median_ns": 10698.428972699006,
        "min_ns": 1337.0,
        "max_ns": 6426694.0,
        "variance_ns2": 970423143288.2611,
        "iqr_ns": 7786.602957967225,
        "q1_ns": 5456.004791140238,
        "q3_ns": 13242.607749107463
      },
      "first_seen_ts_ns": 1749997616493418959,
      "last_seen_ts_ns": 1749997677305034749,
      "duration_active_s": 60.81161579
    },
    {
      "tgid": 1,
      "comm": "pause",
      "cgroup_id": 48812,
      "on_cpu_stats_ns": {
        "count": 2.0,
        "sum_ns": 742860.4285714286,
        "mean_ns": 371430.2142857143,
        "median_ns": 482730.4285714286,
        "min_ns": 260130.0,
        "max_ns": 482730.4285714286,
        "variance_ns2": 24775475400.09183,
        "iqr_ns": 222600.42857142858,
        "q1_ns": 260130.0,
        "q3_ns": 482730.4285714286
      },
      "runq_latency_stats_ns": {
        "count": 2.0,
        "sum_ns": 9726.777777777777,
        "mean_ns": 4863.388888888889,
        "median_ns": 7710.777777777777,
        "min_ns": 2016.0,
        "max_ns": 7710.777777777777,
        "variance_ns2": 16215246.9691358,
        "iqr_ns": 5694.777777777777,
        "q1_ns": 2016.0,
        "q3_ns": 7710.777777777777
      },
      "first_seen_ts_ns": 1749997637643447532,
      "last_seen_ts_ns": 1749997677305034749,
      "duration_active_s": 39.661587217
    }
  ]
}
[14:27:57] Cleanup complete. Exiting.
