unlimited
PROGRAM: cpu
Looking for /opt/programs/cpu/ebpf-collect.c
[01:51:05] Waiting for start indicator file: '/mnt/flux/start_ebpf_collection'.
[01:51:07] Start indicator found. Proceeding with monitoring.
[01:51:07] Initializing eBPF for CPU Scheduling monitoring...
[01:51:07] BPF C code compiled and loaded.
[01:51:07] Attached tracepoints.
[01:51:07] Monitoring CPU scheduling events (polling aggregated map)... Press Ctrl+C to stop.
[01:51:17] Stop indicator file '/mnt/flux/stop_ebpf_collection' found. Stopping.
[01:51:17] Initiating cleanup sequence...
{
  "final_aggregated_summary_river": [
    {
      "tgid": 1,
      "comm": "pause",
      "cgroup_id": 21752,
      "on_cpu_stats_ns": {
        "count": 11.0,
        "sum_ns": 22039632.33333334,
        "mean_ns": 2003602.93939394,
        "median_ns": 1109311.0973333332,
        "min_ns": 148615.0,
        "max_ns": 12355898.0,
        "variance_ns2": 11918055680206.51,
        "iqr_ns": 348207.6481481481,
        "q1_ns": 955312.3518518519,
        "q3_ns": 1303520.0
      },
      "runq_latency_stats_ns": {
        "count": 11.0,
        "sum_ns": 24423.124999999996,
        "mean_ns": 2220.2840909090905,
        "median_ns": 1363.2032499999998,
        "min_ns": 718.0,
        "max_ns": 9752.0,
        "variance_ns2": 6895175.762784091,
        "iqr_ns": 375.626953125,
        "q1_ns": 1106.373046875,
        "q3_ns": 1482.0
      },
      "first_seen_ts_ns": 1749779468071525758,
      "last_seen_ts_ns": 1749779477877223146,
      "duration_active_s": 9.805697388
    },
    {
      "tgid": 31,
      "comm": "bash",
      "cgroup_id": 21962,
      "on_cpu_stats_ns": {
        "count": 13.0,
        "sum_ns": 200528.5,
        "mean_ns": 15425.26923076923,
        "median_ns": 9393.640000000001,
        "min_ns": 6097.0,
        "max_ns": 76295.0,
        "variance_ns2": 345014028.525641,
        "iqr_ns": 4435.299999999999,
        "q1_ns": 8215.0,
        "q3_ns": 12650.3
      },
      "runq_latency_stats_ns": {
        "count": 13.0,
        "sum_ns": 99095.5,
        "mean_ns": 7622.7307692307695,
        "median_ns": 4466.5371428571425,
        "min_ns": 1414.0,
        "max_ns": 21719.0,
        "variance_ns2": 38686473.775641024,
        "iqr_ns": 8279.136565806877,
        "q1_ns": 2637.0,
        "q3_ns": 10916.136565806877
      },
      "first_seen_ts_ns": 1749779467551754578,
      "last_seen_ts_ns": 1749779477772639073,
      "duration_active_s": 10.220884495
    },
    {
      "tgid": 65,
      "comm": "bash",
      "cgroup_id": 22102,
      "on_cpu_stats_ns": {
        "count": 4.0,
        "sum_ns": 32956.22222222222,
        "mean_ns": 8239.055555555555,
        "median_ns": 8461.222222222223,
        "min_ns": 5112.0,
        "max_ns": 11020.0,
        "variance_ns2": 5858949.567901232,
        "iqr_ns": 2657.0,
        "q1_ns": 8363.0,
        "q3_ns": 11020.0
      },
      "runq_latency_stats_ns": {
        "count": 4.0,
        "sum_ns": 872860.2222222222,
        "mean_ns": 218215.05555555556,
        "median_ns": 7840.0,
        "min_ns": 1913.2222222222222,
        "max_ns": 859711.0,
        "variance_ns2": 182902806823.93826,
        "iqr_ns": 856315.0,
        "q1_ns": 3396.0,
        "q3_ns": 859711.0
      },
      "first_seen_ts_ns": 1749779467551754578,
      "last_seen_ts_ns": 1749779475329218412,
      "duration_active_s": 7.777463834
    }
  ]
}
[01:51:17] Cleanup complete. Exiting.
