unlimited
PROGRAM: cpu
Looking for /opt/programs/cpu/ebpf-collect.c
[05:04:13] Waiting for start indicator file: '/mnt/flux/start_ebpf_collection'.
[05:04:19] Start indicator found. Proceeding with monitoring.
[05:04:19] Initializing eBPF for CPU Scheduling monitoring...
[05:04:19] BPF C code compiled and loaded.
[05:04:19] Attached tracepoints.
[05:04:19] Monitoring CPU scheduling events (polling aggregated map)... Press Ctrl+C to stop.
[05:05:29] Stop indicator file '/mnt/flux/stop_ebpf_collection' found. Stopping.
[05:05:29] Initiating cleanup sequence...
{
  "final_aggregated_summary_river": [
    {
      "tgid": 225,
      "comm": "xhpcg",
      "cgroup_id": 35180,
      "on_cpu_stats_ns": {
        "count": 96.0,
        "sum_ns": 1136042.6746815313,
        "mean_ns": 11833.77786126595,
        "median_ns": 11509.869142582604,
        "min_ns": 6386.75,
        "max_ns": 29558.25,
        "variance_ns2": 13378826.268820968,
        "iqr_ns": 3462.8377425612052,
        "q1_ns": 9543.104280107054,
        "q3_ns": 13005.94202266826
      },
      "runq_latency_stats_ns": {
        "count": 96.0,
        "sum_ns": 433637.50175036385,
        "mean_ns": 4517.057309899624,
        "median_ns": 4420.518886770344,
        "min_ns": 1583.3333333333333,
        "max_ns": 13038.90909090909,
        "variance_ns2": 3980614.0885063335,
        "iqr_ns": 2546.183597468152,
        "q1_ns": 3284.172500680276,
        "q3_ns": 5830.356098148428
      },
      "first_seen_ts_ns": 1749618259898668386,
      "last_seen_ts_ns": 1749618277571156966,
      "duration_active_s": 17.67248858
    },
    {
      "tgid": 1,
      "comm": "pause",
      "cgroup_id": 34830,
      "on_cpu_stats_ns": {
        "count": 2.0,
        "sum_ns": 577893.0,
        "mean_ns": 288946.5,
        "median_ns": 352597.0,
        "min_ns": 225296.0,
        "max_ns": 352597.0,
        "variance_ns2": 8102772300.5,
        "iqr_ns": 127301.0,
        "q1_ns": 225296.0,
        "q3_ns": 352597.0
      },
      "runq_latency_stats_ns": {
        "count": 2.0,
        "sum_ns": 10699.666666666668,
        "mean_ns": 5349.833333333334,
        "median_ns": 7775.666666666667,
        "min_ns": 2924.0,
        "max_ns": 7775.666666666667,
        "variance_ns2": 11769334.722222226,
        "iqr_ns": 4851.666666666667,
        "q1_ns": 2924.0,
        "q3_ns": 7775.666666666667
      },
      "first_seen_ts_ns": 1749618281466075270,
      "last_seen_ts_ns": 1749618329955006993,
      "duration_active_s": 48.488931723
    },
    {
      "tgid": 30,
      "comm": "bash",
      "cgroup_id": 35040,
      "on_cpu_stats_ns": {
        "count": 31.0,
        "sum_ns": 471857.19999999995,
        "mean_ns": 15221.199999999999,
        "median_ns": 13270.89377106427,
        "min_ns": 5620.0,
        "max_ns": 28103.0,
        "variance_ns2": 53976726.24,
        "iqr_ns": 10863.641882478749,
        "q1_ns": 9260.82962559442,
        "q3_ns": 20124.47150807317
      },
      "runq_latency_stats_ns": {
        "count": 31.0,
        "sum_ns": 264535.2,
        "mean_ns": 8533.393548387097,
        "median_ns": 8878.735443461,
        "min_ns": 2249.5,
        "max_ns": 17940.0,
        "variance_ns2": 19492092.384623654,
        "iqr_ns": 7769.246673115807,
        "q1_ns": 4501.380785795713,
        "q3_ns": 12270.62745891152
      },
      "first_seen_ts_ns": 1749618259694921695,
      "last_seen_ts_ns": 1749618329448751016,
      "duration_active_s": 69.753829321
    }
  ]
}
[05:05:29] Cleanup complete. Exiting.
