unlimited
PROGRAM: cpu
Looking for /opt/programs/cpu/ebpf-collect.c
[03:06:00] Waiting for start indicator file: '/mnt/flux/start_ebpf_collection'.
[03:06:02] Start indicator found. Proceeding with monitoring.
[03:06:02] Initializing eBPF for CPU Scheduling monitoring...
[03:06:03] BPF C code compiled and loaded.
[03:06:03] Attached tracepoints.
[03:06:03] Monitoring CPU scheduling events (polling aggregated map)... Press Ctrl+C to stop.
[03:07:20] Stop indicator file '/mnt/flux/stop_ebpf_collection' found. Stopping.
[03:07:20] Initiating cleanup sequence...
{
  "final_aggregated_summary_river": [
    {
      "tgid": 31,
      "comm": "bash",
      "cgroup_id": 81711,
      "on_cpu_stats_ns": {
        "count": 101.0,
        "sum_ns": 7100490.916666666,
        "mean_ns": 70301.8902640264,
        "median_ns": 35023.77942028076,
        "min_ns": 9040.0,
        "max_ns": 1467022.0,
        "variance_ns2": 23636504163.359573,
        "iqr_ns": 46343.250346727444,
        "q1_ns": 19874.392909572947,
        "q3_ns": 66217.64325630039
      },
      "runq_latency_stats_ns": {
        "count": 101.0,
        "sum_ns": 47308709.5,
        "mean_ns": 468403.0643564356,
        "median_ns": 9823.17855653471,
        "min_ns": 2530.0,
        "max_ns": 19969708.0,
        "variance_ns2": 5873302802186.791,
        "iqr_ns": 24279.96684482363,
        "q1_ns": 4712.625090571103,
        "q3_ns": 28992.591935394732
      },
      "first_seen_ts_ns": 1749697563240299402,
      "last_seen_ts_ns": 1749697640128714731,
      "duration_active_s": 76.888415329
    },
    {
      "tgid": 1,
      "comm": "pause",
      "cgroup_id": 81501,
      "on_cpu_stats_ns": {
        "count": 4.0,
        "sum_ns": 2075859.8333333333,
        "mean_ns": 518964.9583333333,
        "median_ns": 666808.0,
        "min_ns": 266703.0,
        "max_ns": 743994.5,
        "variance_ns2": 50226292692.340294,
        "iqr_ns": 345640.1666666667,
        "q1_ns": 398354.3333333333,
        "q3_ns": 743994.5
      },
      "runq_latency_stats_ns": {
        "count": 4.0,
        "sum_ns": 37090.23809523809,
        "mean_ns": 9272.559523809523,
        "median_ns": 9483.666666666666,
        "min_ns": 3740.0,
        "max_ns": 14858.0,
        "variance_ns2": 20640205.379251696,
        "iqr_ns": 5849.428571428571,
        "q1_ns": 9008.57142857143,
        "q3_ns": 14858.0
      },
      "first_seen_ts_ns": 1749697577388122447,
      "last_seen_ts_ns": 1749697640333911247,
      "duration_active_s": 62.9457888
    },
    {
      "tgid": 223,
      "comm": "xhpcg",
      "cgroup_id": 81851,
      "on_cpu_stats_ns": {
        "count": 11.0,
        "sum_ns": 149588.57710654693,
        "mean_ns": 13598.96155514063,
        "median_ns": 10366.867139909235,
        "min_ns": 9558.875,
        "max_ns": 24640.0,
        "variance_ns2": 24926249.32609779,
        "iqr_ns": 4578.59460967958,
        "q1_ns": 10349.4375,
        "q3_ns": 14928.03210967958
      },
      "runq_latency_stats_ns": {
        "count": 11.0,
        "sum_ns": 180203.9507426596,
        "mean_ns": 16382.17734024178,
        "median_ns": 12107.373358096469,
        "min_ns": 3709.813953488372,
        "max_ns": 51299.25,
        "variance_ns2": 187625921.0798291,
        "iqr_ns": 17273.552559190026,
        "q1_ns": 7798.522692385336,
        "q3_ns": 25072.075251575363
      },
      "first_seen_ts_ns": 1749697582742304195,
      "last_seen_ts_ns": 1749697588822275316,
      "duration_active_s": 6.079971121
    }
  ]
}
[03:07:20] Cleanup complete. Exiting.
