unlimited
PROGRAM: cpu
Looking for /opt/programs/cpu/ebpf-collect.c
[04:45:16] Waiting for start indicator file: '/mnt/flux/start_ebpf_collection'.
[04:45:22] Start indicator found. Proceeding with monitoring.
[04:45:22] Initializing eBPF for CPU Scheduling monitoring...
[04:45:22] BPF C code compiled and loaded.
[04:45:22] Attached tracepoints.
[04:45:22] Monitoring CPU scheduling events (polling aggregated map)... Press Ctrl+C to stop.
[04:46:33] Stop indicator file '/mnt/flux/stop_ebpf_collection' found. Stopping.
[04:46:33] Initiating cleanup sequence...
{
  "final_aggregated_summary_river": [
    {
      "tgid": 30,
      "comm": "bash",
      "cgroup_id": 28050,
      "on_cpu_stats_ns": {
        "count": 33.0,
        "sum_ns": 2713068.4,
        "mean_ns": 82214.19393939394,
        "median_ns": 17081.421797938063,
        "min_ns": 6894.0,
        "max_ns": 2236941.5,
        "variance_ns2": 149676194857.81998,
        "iqr_ns": 9342.204944690558,
        "q1_ns": 13801.341442366516,
        "q3_ns": 23143.546387057075
      },
      "runq_latency_stats_ns": {
        "count": 33.0,
        "sum_ns": 272873.8833333333,
        "mean_ns": 8268.905555555555,
        "median_ns": 7473.698734525557,
        "min_ns": 1713.0,
        "max_ns": 17921.0,
        "variance_ns2": 20193965.019872688,
        "iqr_ns": 8348.51028982953,
        "q1_ns": 4307.799845942381,
        "q3_ns": 12656.31013577191
      },
      "first_seen_ts_ns": 1749617123019545397,
      "last_seen_ts_ns": 1749617191522971568,
      "duration_active_s": 68.503426171
    },
    {
      "tgid": 225,
      "comm": "xhpcg",
      "cgroup_id": 28190,
      "on_cpu_stats_ns": {
        "count": 126.0,
        "sum_ns": 1308376.097877693,
        "mean_ns": 10383.937284743595,
        "median_ns": 10134.477850416792,
        "min_ns": 6343.935064935065,
        "max_ns": 22566.0,
        "variance_ns2": 6058232.796272407,
        "iqr_ns": 2694.4030093213278,
        "q1_ns": 8703.524122326886,
        "q3_ns": 11397.927131648214
      },
      "runq_latency_stats_ns": {
        "count": 126.0,
        "sum_ns": 562289.9862452868,
        "mean_ns": 4462.618938454657,
        "median_ns": 4475.0457257858725,
        "min_ns": 1414.21875,
        "max_ns": 8649.642857142857,
        "variance_ns2": 1553559.1444241402,
        "iqr_ns": 1562.1145056492123,
        "q1_ns": 3719.5208984679357,
        "q3_ns": 5281.635404117148
      },
      "first_seen_ts_ns": 1749617123019545397,
      "last_seen_ts_ns": 1749617136331234489,
      "duration_active_s": 13.311689092
    },
    {
      "tgid": 1,
      "comm": "pause",
      "cgroup_id": 27840,
      "on_cpu_stats_ns": {
        "count": 2.0,
        "sum_ns": 875172.1904761905,
        "mean_ns": 437586.09523809527,
        "median_ns": 535060.8571428572,
        "min_ns": 340111.3333333333,
        "max_ns": 535060.8571428572,
        "variance_ns2": 19002658416.78005,
        "iqr_ns": 194949.52380952385,
        "q1_ns": 340111.3333333333,
        "q3_ns": 535060.8571428572
      },
      "runq_latency_stats_ns": {
        "count": 2.0,
        "sum_ns": 7657.111111111111,
        "mean_ns": 3828.5555555555557,
        "median_ns": 5858.111111111111,
        "min_ns": 1799.0,
        "max_ns": 5858.111111111111,
        "variance_ns2": 8238191.5061728405,
        "iqr_ns": 4059.1111111111113,
        "q1_ns": 1799.0,
        "q3_ns": 5858.111111111111
      },
      "first_seen_ts_ns": 1749617141349024109,
      "last_seen_ts_ns": 1749617193045933009,
      "duration_active_s": 51.6969089
    }
  ]
}
[04:46:33] Cleanup complete. Exiting.
