ln: failed to create symbolic link '/mnt/flux/view/lib/python': File exists
ln: failed to create symbolic link '/mnt/flux/view/lib/python3': File exists
unlimited
PROGRAM: cpu
Looking for /opt/programs/cpu/ebpf-collect.c
[01:08:30] Waiting for start indicator file: '/mnt/flux/start_ebpf_collection'.
[01:08:36] Start indicator found. Proceeding with monitoring.
[01:08:36] Initializing eBPF for CPU Scheduling monitoring...
[01:08:37] BPF C code compiled and loaded.
[01:08:37] Attached tracepoints.
[01:08:37] Monitoring CPU scheduling events (polling aggregated map)... Press Ctrl+C to stop.
[01:09:53] Stop indicator file '/mnt/flux/stop_ebpf_collection' found. Stopping.
[01:09:53] Initiating cleanup sequence...
{
  "final_aggregated_summary_river": [
    {
      "tgid": 31,
      "comm": "bash",
      "cgroup_id": 42276,
      "on_cpu_stats_ns": {
        "count": 89.0,
        "sum_ns": 19909180.055640437,
        "mean_ns": 223698.6523105667,
        "median_ns": 39482.66988182908,
        "min_ns": 8188.772727272727,
        "max_ns": 7723941.666666667,
        "variance_ns2": 961270593193.6187,
        "iqr_ns": 45889.24205062655,
        "q1_ns": 18172.53813088261,
        "q3_ns": 64061.78018150916
      },
      "runq_latency_stats_ns": {
        "count": 88.0,
        "sum_ns": 13591820.227323659,
        "mean_ns": 154452.5025832234,
        "median_ns": 15228.534007647188,
        "min_ns": 2530.0,
        "max_ns": 9977983.0,
        "variance_ns2": 1135616943411.8333,
        "iqr_ns": 15608.984366978531,
        "q1_ns": 6780.070562095205,
        "q3_ns": 22389.054929073736
      },
      "first_seen_ts_ns": 1749690517340281312,
      "last_seen_ts_ns": 1749690593177042125,
      "duration_active_s": 75.836760813
    },
    {
      "tgid": 1,
      "comm": "pause",
      "cgroup_id": 42066,
      "on_cpu_stats_ns": {
        "count": 2.0,
        "sum_ns": 1723337.0,
        "mean_ns": 861668.5,
        "median_ns": 1291744.2222222222,
        "min_ns": 431592.77777777775,
        "max_ns": 1291744.2222222222,
        "variance_ns2": 369930253689.9321,
        "iqr_ns": 860151.4444444445,
        "q1_ns": 431592.77777777775,
        "q3_ns": 1291744.2222222222
      },
      "runq_latency_stats_ns": {
        "count": 2.0,
        "sum_ns": 17892.444444444445,
        "mean_ns": 8946.222222222223,
        "median_ns": 12755.666666666666,
        "min_ns": 5136.777777777777,
        "max_ns": 12755.666666666666,
        "variance_ns2": 29023733.95061729,
        "iqr_ns": 7618.888888888889,
        "q1_ns": 5136.777777777777,
        "q3_ns": 12755.666666666666
      },
      "first_seen_ts_ns": 1749690556082297964,
      "last_seen_ts_ns": 1749690593177042125,
      "duration_active_s": 37.094744161
    }
  ]
}
[01:09:53] Cleanup complete. Exiting.
