unlimited
PROGRAM: cpu
Looking for /opt/programs/cpu/ebpf-collect.c
[02:58:57] Waiting for start indicator file: '/mnt/flux/start_ebpf_collection'.
[02:58:58] Start indicator found. Proceeding with monitoring.
[02:58:58] Initializing eBPF for CPU Scheduling monitoring...
[02:58:58] BPF C code compiled and loaded.
[02:58:58] Attached tracepoints.
[02:58:58] Monitoring CPU scheduling events (polling aggregated map)... Press Ctrl+C to stop.
[03:00:00] Stop indicator file '/mnt/flux/stop_ebpf_collection' found. Stopping.
[03:00:00] Initiating cleanup sequence...
{
  "final_aggregated_summary_river": [
    {
      "tgid": 31,
      "comm": "bash",
      "cgroup_id": 49124,
      "on_cpu_stats_ns": {
        "count": 32.0,
        "sum_ns": 1688598.0000000002,
        "mean_ns": 52768.68750000001,
        "median_ns": 19536.313777569372,
        "min_ns": 5071.0,
        "max_ns": 293399.0,
        "variance_ns2": 5126720154.366935,
        "iqr_ns": 65975.19357138636,
        "q1_ns": 11355.353526448864,
        "q3_ns": 77330.54709783522
      },
      "runq_latency_stats_ns": {
        "count": 32.0,
        "sum_ns": 411649.99999999994,
        "mean_ns": 12864.062499999998,
        "median_ns": 3948.2292331905182,
        "min_ns": 939.0,
        "max_ns": 203697.0,
        "variance_ns2": 1239461092.4475808,
        "iqr_ns": 4876.295595404099,
        "q1_ns": 3058.298359855476,
        "q3_ns": 7934.5939552595755
      },
      "first_seen_ts_ns": 1749783538863535080,
      "last_seen_ts_ns": 1749783600111792839,
      "duration_active_s": 61.248257759
    },
    {
      "tgid": 1,
      "comm": "pause",
      "cgroup_id": 48914,
      "on_cpu_stats_ns": {
        "count": 2.0,
        "sum_ns": 466877.77777777775,
        "mean_ns": 233438.88888888888,
        "median_ns": 253955.77777777778,
        "min_ns": 212922.0,
        "max_ns": 253955.77777777778,
        "variance_ns2": 841885459.3580242,
        "iqr_ns": 41033.77777777778,
        "q1_ns": 212922.0,
        "q3_ns": 253955.77777777778
      },
      "runq_latency_stats_ns": {
        "count": 2.0,
        "sum_ns": 8042.0,
        "mean_ns": 4021.0,
        "median_ns": 6603.0,
        "min_ns": 1439.0,
        "max_ns": 6603.0,
        "variance_ns2": 13333448.0,
        "iqr_ns": 5164.0,
        "q1_ns": 1439.0,
        "q3_ns": 6603.0
      },
      "first_seen_ts_ns": 1749783573749948665,
      "last_seen_ts_ns": 1749783600111792839,
      "duration_active_s": 26.361844174
    },
    {
      "tgid": 65,
      "comm": "bash",
      "cgroup_id": 49264,
      "on_cpu_stats_ns": {
        "count": 24.0,
        "sum_ns": 235481.64772727276,
        "mean_ns": 9811.735321969698,
        "median_ns": 9665.472126200275,
        "min_ns": 4572.0,
        "max_ns": 18469.0,
        "variance_ns2": 8106487.764310985,
        "iqr_ns": 1621.337942416434,
        "q1_ns": 9295.691904512696,
        "q3_ns": 10917.02984692913
      },
      "runq_latency_stats_ns": {
        "count": 24.0,
        "sum_ns": 193438.93181818182,
        "mean_ns": 8059.955492424243,
        "median_ns": 7576.527755645947,
        "min_ns": 1514.1818181818182,
        "max_ns": 16591.0,
        "variance_ns2": 25341894.138451274,
        "iqr_ns": 9493.76324202675,
        "q1_ns": 2722.2630246913577,
        "q3_ns": 12216.026266718107
      },
      "first_seen_ts_ns": 1749783538863535080,
      "last_seen_ts_ns": 1749783599297622686,
      "duration_active_s": 60.434087606
    }
  ]
}
[03:00:00] Cleanup complete. Exiting.
