unlimited
PROGRAM: cpu
Looking for /opt/programs/cpu/ebpf-collect.c
[04:03:52] Waiting for start indicator file: '/mnt/flux/start_ebpf_collection'.
[04:03:54] Start indicator found. Proceeding with monitoring.
[04:03:54] Initializing eBPF for CPU Scheduling monitoring...
[04:03:54] BPF C code compiled and loaded.
[04:03:54] Attached tracepoints.
[04:03:54] Monitoring CPU scheduling events (polling aggregated map)... Press Ctrl+C to stop.
[04:05:01] Stop indicator file '/mnt/flux/stop_ebpf_collection' found. Stopping.
[04:05:01] Initiating cleanup sequence...
{
  "final_aggregated_summary_river": [
    {
      "tgid": 31,
      "comm": "bash",
      "cgroup_id": 10703,
      "on_cpu_stats_ns": {
        "count": 69.0,
        "sum_ns": 3845856.5000000014,
        "mean_ns": 55737.0507246377,
        "median_ns": 27199.771150972047,
        "min_ns": 4958.0,
        "max_ns": 380164.0,
        "variance_ns2": 5213222819.193059,
        "iqr_ns": 44830.13719061889,
        "q1_ns": 16693.577665626595,
        "q3_ns": 61523.71485624548
      },
      "runq_latency_stats_ns": {
        "count": 69.0,
        "sum_ns": 1005291.5,
        "mean_ns": 14569.442028985508,
        "median_ns": 7546.121679052486,
        "min_ns": 1291.0,
        "max_ns": 411339.0,
        "variance_ns2": 2387933467.1599884,
        "iqr_ns": 5532.922340815818,
        "q1_ns": 3935.792884861401,
        "q3_ns": 9468.715225677219
      },
      "first_seen_ts_ns": 1749614635018054053,
      "last_seen_ts_ns": 1749614701351091152,
      "duration_active_s": 66.333037099
    },
    {
      "tgid": 225,
      "comm": "xhpcg",
      "cgroup_id": 10843,
      "on_cpu_stats_ns": {
        "count": 127.0,
        "sum_ns": 1430048.1772226908,
        "mean_ns": 11260.221867895203,
        "median_ns": 10388.99737212987,
        "min_ns": 6057.875,
        "max_ns": 45036.0,
        "variance_ns2": 16381040.981753372,
        "iqr_ns": 3220.2256281214886,
        "q1_ns": 8946.077740822851,
        "q3_ns": 12166.30336894434
      },
      "runq_latency_stats_ns": {
        "count": 127.0,
        "sum_ns": 1373790.7896754635,
        "mean_ns": 10817.250312405224,
        "median_ns": 4741.562832639006,
        "min_ns": 1411.21875,
        "max_ns": 542030.1111111111,
        "variance_ns2": 2463905808.8357544,
        "iqr_ns": 3466.6648327889466,
        "q1_ns": 3716.503350946838,
        "q3_ns": 7183.168183735785
      },
      "first_seen_ts_ns": 1749614634711199176,
      "last_seen_ts_ns": 1749614650624511966,
      "duration_active_s": 15.91331279
    },
    {
      "tgid": 1,
      "comm": "pause",
      "cgroup_id": 10493,
      "on_cpu_stats_ns": {
        "count": 2.0,
        "sum_ns": 813781.9841269841,
        "mean_ns": 406890.99206349207,
        "median_ns": 484194.4285714286,
        "min_ns": 329587.55555555556,
        "max_ns": 484194.4285714286,
        "variance_ns2": 11951642591.873142,
        "iqr_ns": 154606.87301587302,
        "q1_ns": 329587.55555555556,
        "q3_ns": 484194.4285714286
      },
      "runq_latency_stats_ns": {
        "count": 2.0,
        "sum_ns": 12430.190476190477,
        "mean_ns": 6215.0952380952385,
        "median_ns": 9236.333333333334,
        "min_ns": 3193.8571428571427,
        "max_ns": 9236.333333333334,
        "variance_ns2": 18255759.256235834,
        "iqr_ns": 6042.476190476191,
        "q1_ns": 3193.8571428571427,
        "q3_ns": 9236.333333333334
      },
      "first_seen_ts_ns": 1749614681118689978,
      "last_seen_ts_ns": 1749614701658028365,
      "duration_active_s": 20.539338387
    }
  ]
}
[04:05:01] Cleanup complete. Exiting.
