unlimited
PROGRAM: cpu
Looking for /opt/programs/cpu/ebpf-collect.c
[05:29:25] Waiting for start indicator file: '/mnt/flux/start_ebpf_collection'.
[05:29:30] Start indicator found. Proceeding with monitoring.
[05:29:30] Initializing eBPF for CPU Scheduling monitoring...
[05:29:31] BPF C code compiled and loaded.
[05:29:31] Attached tracepoints.
[05:29:31] Monitoring CPU scheduling events (polling aggregated map)... Press Ctrl+C to stop.
[05:30:37] Stop indicator file '/mnt/flux/stop_ebpf_collection' found. Stopping.
[05:30:37] Initiating cleanup sequence...
{
  "final_aggregated_summary_river": [
    {
      "tgid": 40,
      "comm": "bash",
      "cgroup_id": 60196,
      "on_cpu_stats_ns": {
        "count": 33.0,
        "sum_ns": 2414418.0000000005,
        "mean_ns": 73164.18181818184,
        "median_ns": 53196.631748832406,
        "min_ns": 7276.0,
        "max_ns": 329929.0,
        "variance_ns2": 4878244166.012784,
        "iqr_ns": 76522.37170138757,
        "q1_ns": 29643.921025984113,
        "q3_ns": 106166.29272737168
      },
      "runq_latency_stats_ns": {
        "count": 34.0,
        "sum_ns": 214217.0,
        "mean_ns": 6300.5,
        "median_ns": 5097.717335360008,
        "min_ns": 930.0,
        "max_ns": 20408.0,
        "variance_ns2": 19764743.333333332,
        "iqr_ns": 5383.339487349187,
        "q1_ns": 3684.014662049171,
        "q3_ns": 9067.354149398358
      },
      "first_seen_ts_ns": 1750138171499867879,
      "last_seen_ts_ns": 1750138237424365883,
      "duration_active_s": 65.924498004
    },
    {
      "tgid": 1,
      "comm": "pause",
      "cgroup_id": 59860,
      "on_cpu_stats_ns": {
        "count": 3.0,
        "sum_ns": 759529.3492063491,
        "mean_ns": 253176.4497354497,
        "median_ns": 226293.11111111112,
        "min_ns": 173499.66666666666,
        "max_ns": 359736.5714285714,
        "variance_ns2": 9213081595.51684,
        "iqr_ns": 186236.90476190476,
        "q1_ns": 173499.66666666666,
        "q3_ns": 359736.5714285714
      },
      "runq_latency_stats_ns": {
        "count": 3.0,
        "sum_ns": 6514.222222222223,
        "mean_ns": 2171.4074074074074,
        "median_ns": 913.8888888888889,
        "min_ns": 761.0,
        "max_ns": 4839.333333333333,
        "variance_ns2": 5344215.312757201,
        "iqr_ns": 4078.333333333333,
        "q1_ns": 761.0,
        "q3_ns": 4839.333333333333
      },
      "first_seen_ts_ns": 1750138174329885323,
      "last_seen_ts_ns": 1750138237424365883,
      "duration_active_s": 63.09448056
    }
  ]
}
[05:30:37] Cleanup complete. Exiting.
