unlimited
PROGRAM: cpu
Looking for /opt/programs/cpu/ebpf-collect.c
[02:26:25] Waiting for start indicator file: '/mnt/flux/start_ebpf_collection'.
[02:26:26] Start indicator found. Proceeding with monitoring.
[02:26:26] Initializing eBPF for CPU Scheduling monitoring...
[02:26:26] BPF C code compiled and loaded.
[02:26:26] Attached tracepoints.
[02:26:26] Monitoring CPU scheduling events (polling aggregated map)... Press Ctrl+C to stop.
[02:27:33] Stop indicator file '/mnt/flux/stop_ebpf_collection' found. Stopping.
[02:27:33] Initiating cleanup sequence...
{
  "final_aggregated_summary_river": [
    {
      "tgid": 31,
      "comm": "bash",
      "cgroup_id": 36314,
      "on_cpu_stats_ns": {
        "count": 37.0,
        "sum_ns": 4073650.5000000005,
        "mean_ns": 110098.66216216217,
        "median_ns": 36645.87043275696,
        "min_ns": 6419.0,
        "max_ns": 1065459.0,
        "variance_ns2": 43684357603.09797,
        "iqr_ns": 48019.11614152397,
        "q1_ns": 17748.481866568727,
        "q3_ns": 65767.5980080927
      },
      "runq_latency_stats_ns": {
        "count": 37.0,
        "sum_ns": 270708.0,
        "mean_ns": 7316.4324324324325,
        "median_ns": 5022.875851769061,
        "min_ns": 783.0,
        "max_ns": 30300.0,
        "variance_ns2": 46586635.974474475,
        "iqr_ns": 5275.597085662344,
        "q1_ns": 3201.924368409897,
        "q3_ns": 8477.52145407224
      },
      "first_seen_ts_ns": 1749781587049632812,
      "last_seen_ts_ns": 1749781653631159427,
      "duration_active_s": 66.581526615
    },
    {
      "tgid": 1,
      "comm": "pause",
      "cgroup_id": 36104,
      "on_cpu_stats_ns": {
        "count": 3.0,
        "sum_ns": 609502.1111111111,
        "mean_ns": 203167.37037037036,
        "median_ns": 208612.88888888888,
        "min_ns": 158836.0,
        "max_ns": 242053.22222222222,
        "variance_ns2": 1753516772.5473256,
        "iqr_ns": 83217.22222222222,
        "q1_ns": 158836.0,
        "q3_ns": 242053.22222222222
      },
      "runq_latency_stats_ns": {
        "count": 3.0,
        "sum_ns": 10970.333333333336,
        "mean_ns": 3656.7777777777783,
        "median_ns": 1757.0,
        "min_ns": 1259.7777777777778,
        "max_ns": 7953.555555555556,
        "variance_ns2": 13908531.938271606,
        "iqr_ns": 6693.777777777777,
        "q1_ns": 1259.7777777777778,
        "q3_ns": 7953.555555555556
      },
      "first_seen_ts_ns": 1749781593579955286,
      "last_seen_ts_ns": 1749781653733065966,
      "duration_active_s": 60.15311068
    },
    {
      "tgid": 65,
      "comm": "bash",
      "cgroup_id": 36454,
      "on_cpu_stats_ns": {
        "count": 25.0,
        "sum_ns": 301460.2638888889,
        "mean_ns": 12058.410555555554,
        "median_ns": 10193.888273997707,
        "min_ns": 4243.0,
        "max_ns": 25097.0,
        "variance_ns2": 33237310.97521348,
        "iqr_ns": 7718.931077198161,
        "q1_ns": 8165.134077304404,
        "q3_ns": 15884.065154502565
      },
      "runq_latency_stats_ns": {
        "count": 25.0,
        "sum_ns": 207630.26388888893,
        "mean_ns": 8305.210555555557,
        "median_ns": 8914.969224544224,
        "min_ns": 1640.888888888889,
        "max_ns": 16471.0,
        "variance_ns2": 25124896.184729937,
        "iqr_ns": 7649.071006799801,
        "q1_ns": 4293.374081023001,
        "q3_ns": 11942.445087822802
      },
      "first_seen_ts_ns": 1749781587049632812,
      "last_seen_ts_ns": 1749781651295393768,
      "duration_active_s": 64.245760956
    }
  ]
}
[02:27:33] Cleanup complete. Exiting.
