unlimited
PROGRAM: cpu
Looking for /opt/programs/cpu/ebpf-collect.c
[00:00:26] Waiting for start indicator file: '/mnt/flux/start_ebpf_collection'.
[00:00:32] Start indicator found. Proceeding with monitoring.
[00:00:32] Initializing eBPF for CPU Scheduling monitoring...
[00:00:32] BPF C code compiled and loaded.
[00:00:32] Attached tracepoints.
[00:00:32] Monitoring CPU scheduling events (polling aggregated map)... Press Ctrl+C to stop.
[00:01:52] Stop indicator file '/mnt/flux/stop_ebpf_collection' found. Stopping.
[00:01:52] Initiating cleanup sequence...
{
  "final_aggregated_summary_river": [
    {
      "tgid": 1,
      "comm": "pause",
      "cgroup_id": 12468,
      "on_cpu_stats_ns": {
        "count": 2.0,
        "sum_ns": 1012900.9027777778,
        "mean_ns": 506450.4513888889,
        "median_ns": 644949.125,
        "min_ns": 367951.77777777775,
        "max_ns": 644949.125,
        "variance_ns2": 38363765184.07418,
        "iqr_ns": 276997.34722222225,
        "q1_ns": 367951.77777777775,
        "q3_ns": 644949.125
      },
      "runq_latency_stats_ns": {
        "count": 2.0,
        "sum_ns": 12078.027777777777,
        "mean_ns": 6039.013888888889,
        "median_ns": 8386.777777777777,
        "min_ns": 3691.25,
        "max_ns": 8386.777777777777,
        "variance_ns2": 11023990.555941356,
        "iqr_ns": 4695.527777777777,
        "q1_ns": 3691.25,
        "q3_ns": 8386.777777777777
      },
      "first_seen_ts_ns": 1749686475332223064,
      "last_seen_ts_ns": 1749686512880787479,
      "duration_active_s": 37.548564415
    },
    {
      "tgid": 225,
      "comm": "xhpcg",
      "cgroup_id": 12866,
      "on_cpu_stats_ns": {
        "count": 15.0,
        "sum_ns": 205987.94919235786,
        "mean_ns": 13732.52994615719,
        "median_ns": 12917.28665785792,
        "min_ns": 8314.42857142857,
        "max_ns": 26818.433333333334,
        "variance_ns2": 20851723.166994665,
        "iqr_ns": 3276.585334969137,
        "q1_ns": 10919.882661750044,
        "q3_ns": 14196.46799671918
      },
      "runq_latency_stats_ns": {
        "count": 15.0,
        "sum_ns": 391254.2839946673,
        "mean_ns": 26083.61893297782,
        "median_ns": 9880.679379457095,
        "min_ns": 3021.875,
        "max_ns": 144785.57142857142,
        "variance_ns2": 1391766438.0774696,
        "iqr_ns": 19536.3233476135,
        "q1_ns": 6322.437974850267,
        "q3_ns": 25858.761322463768
      },
      "first_seen_ts_ns": 1749686433163579442,
      "last_seen_ts_ns": 1749686455768369207,
      "duration_active_s": 22.604789765
    }
  ]
}
[00:01:52] Cleanup complete. Exiting.
