unlimited
PROGRAM: cpu
Looking for /opt/programs/cpu/ebpf-collect.c
[03:56:13] Waiting for start indicator file: '/mnt/flux/start_ebpf_collection'.
[03:56:14] Start indicator found. Proceeding with monitoring.
[03:56:14] Initializing eBPF for CPU Scheduling monitoring...
[03:56:14] BPF C code compiled and loaded.
[03:56:14] Attached tracepoints.
[03:56:14] Monitoring CPU scheduling events (polling aggregated map)... Press Ctrl+C to stop.
[03:57:14] Stop indicator file '/mnt/flux/stop_ebpf_collection' found. Stopping.
[03:57:14] Initiating cleanup sequence...
{
  "final_aggregated_summary_river": [
    {
      "tgid": 31,
      "comm": "bash",
      "cgroup_id": 71499,
      "on_cpu_stats_ns": {
        "count": 38.0,
        "sum_ns": 1859035.9999999995,
        "mean_ns": 48921.999999999985,
        "median_ns": 19416.97266864325,
        "min_ns": 4448.0,
        "max_ns": 291821.0,
        "variance_ns2": 5076872850.824326,
        "iqr_ns": 39177.918108762395,
        "q1_ns": 11208.097034202576,
        "q3_ns": 50386.01514296497
      },
      "runq_latency_stats_ns": {
        "count": 38.0,
        "sum_ns": 450036.9999999999,
        "mean_ns": 11843.078947368418,
        "median_ns": 5160.842328538116,
        "min_ns": 1133.0,
        "max_ns": 208064.0,
        "variance_ns2": 1105262190.0341392,
        "iqr_ns": 7360.248845107555,
        "q1_ns": 2724.1068690407315,
        "q3_ns": 10084.355714148287
      },
      "first_seen_ts_ns": 1749786975469919848,
      "last_seen_ts_ns": 1749787033699597379,
      "duration_active_s": 58.229677531
    },
    {
      "tgid": 1,
      "comm": "pause",
      "cgroup_id": 71289,
      "on_cpu_stats_ns": {
        "count": 2.0,
        "sum_ns": 459630.6666666666,
        "mean_ns": 229815.3333333333,
        "median_ns": 259406.66666666666,
        "min_ns": 200224.0,
        "max_ns": 259406.66666666666,
        "variance_ns2": 1751294016.8888874,
        "iqr_ns": 59182.66666666666,
        "q1_ns": 200224.0,
        "q3_ns": 259406.66666666666
      },
      "runq_latency_stats_ns": {
        "count": 2.0,
        "sum_ns": 8841.666666666668,
        "mean_ns": 4420.833333333334,
        "median_ns": 7550.666666666667,
        "min_ns": 1291.0,
        "max_ns": 7550.666666666667,
        "variance_ns2": 19591713.38888889,
        "iqr_ns": 6259.666666666667,
        "q1_ns": 1291.0,
        "q3_ns": 7550.666666666667
      },
      "first_seen_ts_ns": 1749786993989950897,
      "last_seen_ts_ns": 1749787034511053373,
      "duration_active_s": 40.521102476
    },
    {
      "tgid": 65,
      "comm": "bash",
      "cgroup_id": 71639,
      "on_cpu_stats_ns": {
        "count": 22.0,
        "sum_ns": 203532.3666666667,
        "mean_ns": 9251.471212121214,
        "median_ns": 9036.418758037553,
        "min_ns": 2710.0,
        "max_ns": 16065.0,
        "variance_ns2": 10293488.256092405,
        "iqr_ns": 2658.0754282962307,
        "q1_ns": 7790.119191615227,
        "q3_ns": 10448.194619911457
      },
      "runq_latency_stats_ns": {
        "count": 22.0,
        "sum_ns": 163413.6666666667,
        "mean_ns": 7427.89393939394,
        "median_ns": 10106.50791005291,
        "min_ns": 1734.0,
        "max_ns": 14204.0,
        "variance_ns2": 17794990.342712842,
        "iqr_ns": 8360.692471565615,
        "q1_ns": 2811.22275390625,
        "q3_ns": 11171.915225471865
      },
      "first_seen_ts_ns": 1749786975150354808,
      "last_seen_ts_ns": 1749787031368716437,
      "duration_active_s": 56.218361629
    }
  ]
}
[03:57:14] Cleanup complete. Exiting.
