unlimited
PROGRAM: cpu
Looking for /opt/programs/cpu/ebpf-collect.c
[00:59:52] Waiting for start indicator file: '/mnt/flux/start_ebpf_collection'.
[00:59:58] Start indicator found. Proceeding with monitoring.
[00:59:58] Initializing eBPF for CPU Scheduling monitoring...
[00:59:59] BPF C code compiled and loaded.
[00:59:59] Attached tracepoints.
[00:59:59] Monitoring CPU scheduling events (polling aggregated map)... Press Ctrl+C to stop.
[01:00:04] Stop indicator file '/mnt/flux/stop_ebpf_collection' found. Stopping.
[01:00:04] Initiating cleanup sequence...
{
  "final_aggregated_summary_river": [
    {
      "tgid": 1,
      "comm": "pause",
      "cgroup_id": 35839,
      "on_cpu_stats_ns": {
        "count": 6.0,
        "sum_ns": 10246210.583333334,
        "mean_ns": 1707701.763888889,
        "median_ns": 2210478.0,
        "min_ns": 393093.3333333333,
        "max_ns": 2583976.0,
        "variance_ns2": 669918945975.968,
        "iqr_ns": 424703.2129629629,
        "q1_ns": 1785774.787037037,
        "q3_ns": 2210478.0
      },
      "runq_latency_stats_ns": {
        "count": 7.0,
        "sum_ns": 33823.62857142858,
        "mean_ns": 4831.946938775511,
        "median_ns": 2985.0,
        "min_ns": 2810.0,
        "max_ns": 13670.0,
        "variance_ns2": 16249062.343517981,
        "iqr_ns": 201.66666666666697,
        "q1_ns": 2898.333333333333,
        "q3_ns": 3100.0
      },
      "first_seen_ts_ns": 1749689999673855960,
      "last_seen_ts_ns": 1749690004674533943,
      "duration_active_s": 5.000677983
    },
    {
      "tgid": 31,
      "comm": "bash",
      "cgroup_id": 36049,
      "on_cpu_stats_ns": {
        "count": 18.0,
        "sum_ns": 3277342.0,
        "mean_ns": 182074.55555555556,
        "median_ns": 45240.38233578287,
        "min_ns": 11000.0,
        "max_ns": 1619018.5,
        "variance_ns2": 138306319271.84964,
        "iqr_ns": 200864.0465894756,
        "q1_ns": 37724.9494047619,
        "q3_ns": 238588.99599423748
      },
      "runq_latency_stats_ns": {
        "count": 18.0,
        "sum_ns": 1968478.4999999998,
        "mean_ns": 109359.91666666666,
        "median_ns": 10301.808441840276,
        "min_ns": 2845.0,
        "max_ns": 931528.0,
        "variance_ns2": 63141277714.56618,
        "iqr_ns": 83461.55051542622,
        "q1_ns": 12309.198412698413,
        "q3_ns": 95770.74892812464
      },
      "first_seen_ts_ns": 1749689999466324919,
      "last_seen_ts_ns": 1749690004674533943,
      "duration_active_s": 5.208209024
    }
  ]
}
[01:00:04] Cleanup complete. Exiting.
