unlimited
PROGRAM: cpu
Looking for /opt/programs/cpu/ebpf-collect.c
[00:36:40] Waiting for start indicator file: '/mnt/flux/start_ebpf_collection'.
[00:36:47] Start indicator found. Proceeding with monitoring.
[00:36:47] Initializing eBPF for CPU Scheduling monitoring...
[00:36:48] BPF C code compiled and loaded.
[00:36:48] Attached tracepoints.
[00:36:48] Monitoring CPU scheduling events (polling aggregated map)... Press Ctrl+C to stop.
[00:38:02] Stop indicator file '/mnt/flux/stop_ebpf_collection' found. Stopping.
[00:38:02] Initiating cleanup sequence...
{
  "final_aggregated_summary_river": [
    {
      "tgid": 30,
      "comm": "bash",
      "cgroup_id": 24321,
      "on_cpu_stats_ns": {
        "count": 43.0,
        "sum_ns": 4653427.75,
        "mean_ns": 108219.25,
        "median_ns": 32901.51387869699,
        "min_ns": 9410.0,
        "max_ns": 1149169.0,
        "variance_ns2": 74320428622.7186,
        "iqr_ns": 55694.08364578514,
        "q1_ns": 20139.920724118932,
        "q3_ns": 75834.00436990407
      },
      "runq_latency_stats_ns": {
        "count": 43.0,
        "sum_ns": 36694844.95000001,
        "mean_ns": 853368.4872093025,
        "median_ns": 158800.33658378967,
        "min_ns": 3780.0,
        "max_ns": 33921969.0,
        "variance_ns2": 26697357403986.832,
        "iqr_ns": 715571.3438575815,
        "q1_ns": 15829.490433060766,
        "q3_ns": 731400.8342906423
      },
      "first_seen_ts_ns": 1749688608274990225,
      "last_seen_ts_ns": 1749688681543076504,
      "duration_active_s": 73.268086279
    },
    {
      "tgid": 1,
      "comm": "pause",
      "cgroup_id": 24111,
      "on_cpu_stats_ns": {
        "count": 1.0,
        "sum_ns": 463845.0,
        "mean_ns": 463845.0,
        "median_ns": 463845.0,
        "min_ns": 463845.0,
        "max_ns": 463845.0,
        "variance_ns2": null,
        "iqr_ns": 0.0,
        "q1_ns": 463845.0,
        "q3_ns": 463845.0
      },
      "runq_latency_stats_ns": {
        "count": 1.0,
        "sum_ns": 7755.555555555556,
        "mean_ns": 7755.555555555556,
        "median_ns": 7755.555555555556,
        "min_ns": 7755.555555555556,
        "max_ns": 7755.555555555556,
        "variance_ns2": null,
        "iqr_ns": 0.0,
        "q1_ns": 7755.555555555556,
        "q3_ns": 7755.555555555556
      },
      "first_seen_ts_ns": 1749688635721895428,
      "last_seen_ts_ns": 1749688635721895428,
      "duration_active_s": 0
    }
  ]
}
[00:38:02] Cleanup complete. Exiting.
