unlimited
PROGRAM: cpu
Looking for /opt/programs/cpu/ebpf-collect.c
[02:09:58] Waiting for start indicator file: '/mnt/flux/start_ebpf_collection'.
[02:10:04] Start indicator found. Proceeding with monitoring.
[02:10:04] Initializing eBPF for CPU Scheduling monitoring...
[02:10:05] BPF C code compiled and loaded.
[02:10:05] Attached tracepoints.
[02:10:05] Monitoring CPU scheduling events (polling aggregated map)... Press Ctrl+C to stop.
[02:11:17] Stop indicator file '/mnt/flux/stop_ebpf_collection' found. Stopping.
[02:11:17] Initiating cleanup sequence...
{
  "final_aggregated_summary_river": [
    {
      "tgid": 225,
      "comm": "xhpcg",
      "cgroup_id": 61741,
      "on_cpu_stats_ns": {
        "count": 43.0,
        "sum_ns": 15388893.21094475,
        "mean_ns": 357881.2374638314,
        "median_ns": 43355.48340318212,
        "min_ns": 9441.708333333334,
        "max_ns": 13407874.0,
        "variance_ns2": 4167517037229.4575,
        "iqr_ns": 27967.32890623974,
        "q1_ns": 19088.723728819703,
        "q3_ns": 47056.052635059445
      },
      "runq_latency_stats_ns": {
        "count": 43.0,
        "sum_ns": 1062452.3429596974,
        "mean_ns": 24708.19402231854,
        "median_ns": 15562.408781681514,
        "min_ns": 2926.6666666666665,
        "max_ns": 331297.3043478261,
        "variance_ns2": 2500397453.485293,
        "iqr_ns": 22587.466158203537,
        "q1_ns": 7722.054245865475,
        "q3_ns": 30309.52040406901
      },
      "first_seen_ts_ns": 1749694205636594985,
      "last_seen_ts_ns": 1749694212552250788,
      "duration_active_s": 6.915655803
    },
    {
      "tgid": 30,
      "comm": "bash",
      "cgroup_id": 61601,
      "on_cpu_stats_ns": {
        "count": 44.0,
        "sum_ns": 1402878.7,
        "mean_ns": 31883.606818181815,
        "median_ns": 31161.053240242458,
        "min_ns": 10130.0,
        "max_ns": 105831.0,
        "variance_ns2": 315205087.75785947,
        "iqr_ns": 22904.315099937427,
        "q1_ns": 18658.375943497245,
        "q3_ns": 41562.69104343467
      },
      "runq_latency_stats_ns": {
        "count": 44.0,
        "sum_ns": 1106906.461904762,
        "mean_ns": 25156.96504329005,
        "median_ns": 14404.460477719587,
        "min_ns": 4030.0,
        "max_ns": 221181.0,
        "variance_ns2": 1215493929.845572,
        "iqr_ns": 28358.956692451477,
        "q1_ns": 7340.249313513877,
        "q3_ns": 35699.20600596535
      },
      "first_seen_ts_ns": 1749694205744961647,
      "last_seen_ts_ns": 1749694275795399712,
      "duration_active_s": 70.050438065
    },
    {
      "tgid": 1,
      "comm": "pause",
      "cgroup_id": 61391,
      "on_cpu_stats_ns": {
        "count": 3.0,
        "sum_ns": 1094741.4444444445,
        "mean_ns": 364913.81481481483,
        "median_ns": 360156.44444444444,
        "min_ns": 350593.0,
        "max_ns": 383992.0,
        "variance_ns2": 295847729.8806592,
        "iqr_ns": 33399.0,
        "q1_ns": 350593.0,
        "q3_ns": 383992.0
      },
      "runq_latency_stats_ns": {
        "count": 3.0,
        "sum_ns": 22265.666666666664,
        "mean_ns": 7421.888888888889,
        "median_ns": 7488.888888888889,
        "min_ns": 3710.0,
        "max_ns": 11066.777777777777,
        "variance_ns2": 13533911.56790123,
        "iqr_ns": 7356.777777777777,
        "q1_ns": 3710.0,
        "q3_ns": 11066.777777777777
      },
      "first_seen_ts_ns": 1749694216732610068,
      "last_seen_ts_ns": 1749694277034391323,
      "duration_active_s": 60.301781255
    }
  ]
}
[02:11:17] Cleanup complete. Exiting.
