ln: failed to create symbolic link '/mnt/flux/view/lib/python': File exists
ln: failed to create symbolic link '/mnt/flux/view/lib/python3': File exists
unlimited
PROGRAM: cpu
Looking for /opt/programs/cpu/ebpf-collect.c
[02:35:51] Waiting for start indicator file: '/mnt/flux/start_ebpf_collection'.
[02:35:57] Start indicator found. Proceeding with monitoring.
[02:35:57] Initializing eBPF for CPU Scheduling monitoring...
[02:35:58] BPF C code compiled and loaded.
[02:35:58] Attached tracepoints.
[02:35:58] Monitoring CPU scheduling events (polling aggregated map)... Press Ctrl+C to stop.
[02:37:09] Stop indicator file '/mnt/flux/stop_ebpf_collection' found. Stopping.
[02:37:09] Initiating cleanup sequence...
{
  "final_aggregated_summary_river": [
    {
      "tgid": 31,
      "comm": "bash",
      "cgroup_id": 71089,
      "on_cpu_stats_ns": {
        "count": 91.0,
        "sum_ns": 7528347.833333331,
        "mean_ns": 82729.09706959705,
        "median_ns": 46606.321990901335,
        "min_ns": 8780.0,
        "max_ns": 1297121.0,
        "variance_ns2": 20686180823.80698,
        "iqr_ns": 55608.26591125264,
        "q1_ns": 19340.09705187937,
        "q3_ns": 74948.36296313201
      },
      "runq_latency_stats_ns": {
        "count": 91.0,
        "sum_ns": 20128699.5,
        "mean_ns": 221194.5,
        "median_ns": 10462.299939230952,
        "min_ns": 2460.0,
        "max_ns": 9986954.0,
        "variance_ns2": 1462549422982.6821,
        "iqr_ns": 12140.455923270278,
        "q1_ns": 6465.874431276153,
        "q3_ns": 18606.33035454643
      },
      "first_seen_ts_ns": 1749695758555895604,
      "last_seen_ts_ns": 1749695829473334704,
      "duration_active_s": 70.9174391
    },
    {
      "tgid": 229,
      "comm": "xhpcg",
      "cgroup_id": 71229,
      "on_cpu_stats_ns": {
        "count": 22.0,
        "sum_ns": 1417589.4313811092,
        "mean_ns": 64435.88324459587,
        "median_ns": 21451.62490847462,
        "min_ns": 8682.5,
        "max_ns": 993215.2692307692,
        "variance_ns2": 43354158726.130684,
        "iqr_ns": 34070.84242844492,
        "q1_ns": 11877.607846973571,
        "q3_ns": 45948.450275418494
      },
      "runq_latency_stats_ns": {
        "count": 22.0,
        "sum_ns": 1156109.193241559,
        "mean_ns": 52550.417874616316,
        "median_ns": 16191.804845126457,
        "min_ns": 3051.5625,
        "max_ns": 785201.5769230769,
        "variance_ns2": 27080143236.771584,
        "iqr_ns": 14785.240533615946,
        "q1_ns": 6218.882066804933,
        "q3_ns": 21004.12260042088
      },
      "first_seen_ts_ns": 1749695758438838526,
      "last_seen_ts_ns": 1749695760682554033,
      "duration_active_s": 2.243715507
    },
    {
      "tgid": 1,
      "comm": "pause",
      "cgroup_id": 70879,
      "on_cpu_stats_ns": {
        "count": 3.0,
        "sum_ns": 1159866.5,
        "mean_ns": 386622.1666666667,
        "median_ns": 385923.0,
        "min_ns": 143481.0,
        "max_ns": 630462.5,
        "variance_ns2": 59288111961.083336,
        "iqr_ns": 486981.5,
        "q1_ns": 143481.0,
        "q3_ns": 630462.5
      },
      "runq_latency_stats_ns": {
        "count": 3.0,
        "sum_ns": 29215.0,
        "mean_ns": 9738.333333333334,
        "median_ns": 8170.0,
        "min_ns": 7100.0,
        "max_ns": 13945.0,
        "variance_ns2": 13558258.333333334,
        "iqr_ns": 6845.0,
        "q1_ns": 7100.0,
        "q3_ns": 13945.0
      },
      "first_seen_ts_ns": 1749695776995505776,
      "last_seen_ts_ns": 1749695829678097907,
      "duration_active_s": 52.682592131
    }
  ]
}
[02:37:09] Cleanup complete. Exiting.
