unlimited
PROGRAM: cpu
Looking for /opt/programs/cpu/ebpf-collect.c
[03:05:38] Waiting for start indicator file: '/mnt/flux/start_ebpf_collection'.
[03:05:39] Start indicator found. Proceeding with monitoring.
[03:05:39] Initializing eBPF for CPU Scheduling monitoring...
[03:05:39] BPF C code compiled and loaded.
[03:05:39] Attached tracepoints.
[03:05:39] Monitoring CPU scheduling events (polling aggregated map)... Press Ctrl+C to stop.
[03:06:36] Stop indicator file '/mnt/flux/stop_ebpf_collection' found. Stopping.
[03:06:36] Initiating cleanup sequence...
{
  "final_aggregated_summary_river": [
    {
      "tgid": 31,
      "comm": "bash",
      "cgroup_id": 51674,
      "on_cpu_stats_ns": {
        "count": 41.0,
        "sum_ns": 2588396.9999999995,
        "mean_ns": 63131.63414634146,
        "median_ns": 42607.668776366525,
        "min_ns": 5727.0,
        "max_ns": 302102.0,
        "variance_ns2": 5057471251.637804,
        "iqr_ns": 66418.43242832027,
        "q1_ns": 13787.441424260784,
        "q3_ns": 80205.87385258106
      },
      "runq_latency_stats_ns": {
        "count": 41.0,
        "sum_ns": 228001.49999999997,
        "mean_ns": 5561.012195121951,
        "median_ns": 3813.44403808026,
        "min_ns": 998.0,
        "max_ns": 26261.0,
        "variance_ns2": 25558233.331097562,
        "iqr_ns": 4423.276004585242,
        "q1_ns": 2787.016619601006,
        "q3_ns": 7210.292624186248
      },
      "first_seen_ts_ns": 1749783939712204644,
      "last_seen_ts_ns": 1749783996018433835,
      "duration_active_s": 56.306229191
    },
    {
      "tgid": 1,
      "comm": "pause",
      "cgroup_id": 51534,
      "on_cpu_stats_ns": {
        "count": 2.0,
        "sum_ns": 586430.4761904762,
        "mean_ns": 293215.2380952381,
        "median_ns": 384444.14285714284,
        "min_ns": 201986.33333333334,
        "max_ns": 384444.14285714284,
        "variance_ns2": 16645426128.11337,
        "iqr_ns": 182457.8095238095,
        "q1_ns": 201986.33333333334,
        "q3_ns": 384444.14285714284
      },
      "runq_latency_stats_ns": {
        "count": 2.0,
        "sum_ns": 2494.126984126984,
        "mean_ns": 1247.063492063492,
        "median_ns": 1562.5555555555557,
        "min_ns": 931.5714285714286,
        "max_ns": 1562.5555555555557,
        "variance_ns2": 199070.48425296048,
        "iqr_ns": 630.9841269841271,
        "q1_ns": 931.5714285714286,
        "q3_ns": 1562.5555555555557
      },
      "first_seen_ts_ns": 1749783993790149035,
      "last_seen_ts_ns": 1749783996018433835,
      "duration_active_s": 2.2282848
    },
    {
      "tgid": 65,
      "comm": "bash",
      "cgroup_id": 51814,
      "on_cpu_stats_ns": {
        "count": 20.0,
        "sum_ns": 203020.86994949495,
        "mean_ns": 10151.043497474748,
        "median_ns": 9239.351475694444,
        "min_ns": 4255.0,
        "max_ns": 18735.0,
        "variance_ns2": 21353470.559903335,
        "iqr_ns": 3960.7601920234856,
        "q1_ns": 7312.72993390538,
        "q3_ns": 11273.490125928865
      },
      "runq_latency_stats_ns": {
        "count": 20.0,
        "sum_ns": 162176.7563131313,
        "mean_ns": 8108.837815656566,
        "median_ns": 9196.657462700987,
        "min_ns": 1518.2222222222222,
        "max_ns": 15808.0,
        "variance_ns2": 15934305.237930624,
        "iqr_ns": 6427.2426924221845,
        "q1_ns": 5394.245535714285,
        "q3_ns": 11821.48822813647
      },
      "first_seen_ts_ns": 1749783939712204644,
      "last_seen_ts_ns": 1749783995306279430,
      "duration_active_s": 55.594074786
    }
  ]
}
[03:06:36] Cleanup complete. Exiting.
