unlimited
PROGRAM: cpu
Looking for /opt/programs/cpu/ebpf-collect.c
[03:33:30] Waiting for start indicator file: '/mnt/flux/start_ebpf_collection'.
[03:33:36] Start indicator found. Proceeding with monitoring.
[03:33:36] Initializing eBPF for CPU Scheduling monitoring...
[03:33:36] BPF C code compiled and loaded.
[03:33:36] Attached tracepoints.
[03:33:36] Monitoring CPU scheduling events (polling aggregated map)... Press Ctrl+C to stop.
[03:34:49] Stop indicator file '/mnt/flux/stop_ebpf_collection' found. Stopping.
[03:34:49] Initiating cleanup sequence...
{
  "final_aggregated_summary_river": [
    {
      "tgid": 31,
      "comm": "bash",
      "cgroup_id": 62569,
      "on_cpu_stats_ns": {
        "count": 47.0,
        "sum_ns": 3360803.7499999995,
        "mean_ns": 71506.46276595743,
        "median_ns": 33109.13761109985,
        "min_ns": 7335.0,
        "max_ns": 416389.0,
        "variance_ns2": 9134433817.365278,
        "iqr_ns": 34935.092428584496,
        "q1_ns": 12638.341268061122,
        "q3_ns": 47573.43369664562
      },
      "runq_latency_stats_ns": {
        "count": 47.0,
        "sum_ns": 5874513.249999998,
        "mean_ns": 124989.64361702124,
        "median_ns": 11503.663466117185,
        "min_ns": 1432.0,
        "max_ns": 5537678.0,
        "variance_ns2": 650781560772.665,
        "iqr_ns": 15757.584346268006,
        "q1_ns": 5128.066799445525,
        "q3_ns": 20885.65114571353
      },
      "first_seen_ts_ns": 1749785616753420271,
      "last_seen_ts_ns": 1749785689152348218,
      "duration_active_s": 72.398927947
    },
    {
      "tgid": 1,
      "comm": "pause",
      "cgroup_id": 62359,
      "on_cpu_stats_ns": {
        "count": 2.0,
        "sum_ns": 486790.44444444444,
        "mean_ns": 243395.22222222222,
        "median_ns": 295623.44444444444,
        "min_ns": 191167.0,
        "max_ns": 295623.44444444444,
        "variance_ns2": 5455574392.987654,
        "iqr_ns": 104456.44444444444,
        "q1_ns": 191167.0,
        "q3_ns": 295623.44444444444
      },
      "runq_latency_stats_ns": {
        "count": 2.0,
        "sum_ns": 5807.444444444444,
        "mean_ns": 2903.722222222222,
        "median_ns": 4173.444444444444,
        "min_ns": 1634.0,
        "max_ns": 4173.444444444444,
        "variance_ns2": 3224389.0432098764,
        "iqr_ns": 2539.4444444444443,
        "q1_ns": 1634.0,
        "q3_ns": 4173.444444444444
      },
      "first_seen_ts_ns": 1749785673906654542,
      "last_seen_ts_ns": 1749785689254120481,
      "duration_active_s": 15.347465939
    },
    {
      "tgid": 65,
      "comm": "bash",
      "cgroup_id": 62709,
      "on_cpu_stats_ns": {
        "count": 23.0,
        "sum_ns": 191720.02222222212,
        "mean_ns": 8335.653140096614,
        "median_ns": 8554.412048350649,
        "min_ns": 4272.0,
        "max_ns": 16191.0,
        "variance_ns2": 5967848.127160004,
        "iqr_ns": 2587.7653345554327,
        "q1_ns": 7048.814866523436,
        "q3_ns": 9636.580201078868
      },
      "runq_latency_stats_ns": {
        "count": 23.0,
        "sum_ns": 150963.5888888889,
        "mean_ns": 6563.634299516908,
        "median_ns": 7835.596583577905,
        "min_ns": 1754.0,
        "max_ns": 9748.0,
        "variance_ns2": 9834796.412984433,
        "iqr_ns": 5311.669045657426,
        "q1_ns": 4110.254260409777,
        "q3_ns": 9421.923306067203
      },
      "first_seen_ts_ns": 1749785616646904930,
      "last_seen_ts_ns": 1749785687331417837,
      "duration_active_s": 70.684512907
    }
  ]
}
[03:34:49] Cleanup complete. Exiting.
