unlimited
PROGRAM: cpu
Looking for /opt/programs/cpu/ebpf-collect.c
[05:36:39] Waiting for start indicator file: '/mnt/flux/start_ebpf_collection'.
[05:36:45] Start indicator found. Proceeding with monitoring.
[05:36:45] Initializing eBPF for CPU Scheduling monitoring...
[05:36:45] BPF C code compiled and loaded.
[05:36:45] Attached tracepoints.
[05:36:45] Monitoring CPU scheduling events (polling aggregated map)... Press Ctrl+C to stop.
[05:37:45] Stop indicator file '/mnt/flux/stop_ebpf_collection' found. Stopping.
[05:37:45] Initiating cleanup sequence...
{
  "final_aggregated_summary_river": [
    {
      "tgid": 45,
      "comm": "bash",
      "cgroup_id": 63240,
      "on_cpu_stats_ns": {
        "count": 35.0,
        "sum_ns": 4158343.3333333335,
        "mean_ns": 118809.80952380953,
        "median_ns": 54480.141161439264,
        "min_ns": 8785.0,
        "max_ns": 931089.0,
        "variance_ns2": 35116193535.931595,
        "iqr_ns": 125389.48462579005,
        "q1_ns": 23801.53215502058,
        "q3_ns": 149191.01678081063
      },
      "runq_latency_stats_ns": {
        "count": 35.0,
        "sum_ns": 345396.16666666674,
        "mean_ns": 9868.461904761907,
        "median_ns": 6531.0348417580635,
        "min_ns": 2871.5,
        "max_ns": 53003.5,
        "variance_ns2": 88275628.10961716,
        "iqr_ns": 7287.657211170022,
        "q1_ns": 4381.536010127965,
        "q3_ns": 11669.193221297986
      },
      "first_seen_ts_ns": 1750138605689898473,
      "last_seen_ts_ns": 1750138665840701656,
      "duration_active_s": 60.150803183
    },
    {
      "tgid": 89,
      "comm": "python3",
      "cgroup_id": 63156,
      "on_cpu_stats_ns": {
        "count": 137.0,
        "sum_ns": 1488359.0000000002,
        "mean_ns": 10863.934306569345,
        "median_ns": 10956.208198909068,
        "min_ns": 4685.0,
        "max_ns": 38864.0,
        "variance_ns2": 15445313.429476172,
        "iqr_ns": 4935.806084103868,
        "q1_ns": 8289.04696662798,
        "q3_ns": 13224.853050731848
      },
      "runq_latency_stats_ns": {
        "count": 137.0,
        "sum_ns": 933713.9999999995,
        "mean_ns": 6815.430656934303,
        "median_ns": 5302.360487853987,
        "min_ns": 782.0,
        "max_ns": 53644.0,
        "variance_ns2": 32854502.14405323,
        "iqr_ns": 3188.1736062342716,
        "q1_ns": 4347.4663598152565,
        "q3_ns": 7535.639966049528
      },
      "first_seen_ts_ns": 1750138605909897120,
      "last_seen_ts_ns": 1750138665840701656,
      "duration_active_s": 59.930804536
    },
    {
      "tgid": 1,
      "comm": "pause",
      "cgroup_id": 62820,
      "on_cpu_stats_ns": {
        "count": 2.0,
        "sum_ns": 554334.0634920635,
        "mean_ns": 277167.0317460318,
        "median_ns": 355581.28571428574,
        "min_ns": 198752.77777777778,
        "max_ns": 355581.28571428574,
        "variance_ns2": 12297590450.795668,
        "iqr_ns": 156828.50793650796,
        "q1_ns": 198752.77777777778,
        "q3_ns": 355581.28571428574
      },
      "runq_latency_stats_ns": {
        "count": 2.0,
        "sum_ns": 10732.761904761905,
        "mean_ns": 5366.380952380952,
        "median_ns": 9833.333333333334,
        "min_ns": 899.4285714285714,
        "max_ns": 9833.333333333334,
        "variance_ns2": 39907327.147392295,
        "iqr_ns": 8933.904761904763,
        "q1_ns": 899.4285714285714,
        "q3_ns": 9833.333333333334
      },
      "first_seen_ts_ns": 1750138654389894000,
      "last_seen_ts_ns": 1750138665840701656,
      "duration_active_s": 11.450807656
    }
  ]
}
[05:37:45] Cleanup complete. Exiting.
