unlimited
PROGRAM: cpu
Looking for /opt/programs/cpu/ebpf-collect.c
[06:30:27] Waiting for start indicator file: '/mnt/flux/start_ebpf_collection'.
[06:30:33] Start indicator found. Proceeding with monitoring.
[06:30:33] Initializing eBPF for CPU Scheduling monitoring...
[06:30:33] BPF C code compiled and loaded.
[06:30:33] Attached tracepoints.
[06:30:33] Monitoring CPU scheduling events (polling aggregated map)... Press Ctrl+C to stop.
[06:31:43] Stop indicator file '/mnt/flux/stop_ebpf_collection' found. Stopping.
[06:31:43] Initiating cleanup sequence...
{
  "final_aggregated_summary_river": [
    {
      "tgid": 31,
      "comm": "bash",
      "cgroup_id": 66820,
      "on_cpu_stats_ns": {
        "count": 64.0,
        "sum_ns": 6539527.583333333,
        "mean_ns": 102180.11848958333,
        "median_ns": 45360.772649687744,
        "min_ns": 4337.083333333333,
        "max_ns": 891291.0,
        "variance_ns2": 27092752977.8734,
        "iqr_ns": 112809.03885696945,
        "q1_ns": 17885.001678669447,
        "q3_ns": 130694.0405356389
      },
      "runq_latency_stats_ns": {
        "count": 64.0,
        "sum_ns": 14003355.916666673,
        "mean_ns": 218802.43619791677,
        "median_ns": 14371.074580669254,
        "min_ns": 1037.0,
        "max_ns": 9958239.0,
        "variance_ns2": 1700891785543.39,
        "iqr_ns": 25921.64656069841,
        "q1_ns": 4128.144676752357,
        "q3_ns": 30049.791237450765
      },
      "first_seen_ts_ns": 1749623433499421926,
      "last_seen_ts_ns": 1749623503441579805,
      "duration_active_s": 69.942157879
    },
    {
      "tgid": 225,
      "comm": "xhpcg",
      "cgroup_id": 66960,
      "on_cpu_stats_ns": {
        "count": 106.0,
        "sum_ns": 1127935.7624889915,
        "mean_ns": 10640.903419707467,
        "median_ns": 10235.016288456512,
        "min_ns": 5455.875,
        "max_ns": 41982.5,
        "variance_ns2": 18663392.269141275,
        "iqr_ns": 3326.7967115510673,
        "q1_ns": 8534.488158169563,
        "q3_ns": 11861.28486972063
      },
      "runq_latency_stats_ns": {
        "count": 106.0,
        "sum_ns": 1093187.3247445012,
        "mean_ns": 10313.087969287746,
        "median_ns": 5911.812554660586,
        "min_ns": 1859.9375,
        "max_ns": 597269.0,
        "variance_ns2": 3314118121.155277,
        "iqr_ns": 2408.7104038697953,
        "q1_ns": 4300.932450346671,
        "q3_ns": 6709.642854216467
      },
      "first_seen_ts_ns": 1749623433805517220,
      "last_seen_ts_ns": 1749623449312078487,
      "duration_active_s": 15.506561267
    },
    {
      "tgid": 1,
      "comm": "pause",
      "cgroup_id": 66610,
      "on_cpu_stats_ns": {
        "count": 3.0,
        "sum_ns": 759914.6666666666,
        "mean_ns": 253304.88888888888,
        "median_ns": 231209.88888888888,
        "min_ns": 207691.0,
        "max_ns": 321013.77777777775,
        "variance_ns2": 3576654759.5678997,
        "iqr_ns": 113322.77777777775,
        "q1_ns": 207691.0,
        "q3_ns": 321013.77777777775
      },
      "runq_latency_stats_ns": {
        "count": 3.0,
        "sum_ns": 9338.111111111111,
        "mean_ns": 3112.703703703704,
        "median_ns": 2633.8888888888887,
        "min_ns": 2230.0,
        "max_ns": 4474.222222222223,
        "variance_ns2": 1431081.0658436222,
        "iqr_ns": 2244.2222222222226,
        "q1_ns": 2230.0,
        "q3_ns": 4474.222222222223
      },
      "first_seen_ts_ns": 1749623441993675028,
      "last_seen_ts_ns": 1749623503441579805,
      "duration_active_s": 61.447904777
    }
  ]
}
[06:31:43] Cleanup complete. Exiting.
