unlimited
PROGRAM: cpu
Looking for /opt/programs/cpu/ebpf-collect.c
[04:14:35] Waiting for start indicator file: '/mnt/flux/start_ebpf_collection'.
[04:14:36] Start indicator found. Proceeding with monitoring.
[04:14:36] Initializing eBPF for CPU Scheduling monitoring...
[04:14:36] BPF C code compiled and loaded.
[04:14:36] Attached tracepoints.
[04:14:36] Monitoring CPU scheduling events (polling aggregated map)... Press Ctrl+C to stop.
[04:15:44] Stop indicator file '/mnt/flux/stop_ebpf_collection' found. Stopping.
[04:15:44] Initiating cleanup sequence...
{
  "final_aggregated_summary_river": [
    {
      "tgid": 31,
      "comm": "bash",
      "cgroup_id": 78539,
      "on_cpu_stats_ns": {
        "count": 37.0,
        "sum_ns": 1742799.222222223,
        "mean_ns": 47102.6816816817,
        "median_ns": 12232.381158400203,
        "min_ns": 4518.0,
        "max_ns": 318179.0,
        "variance_ns2": 5847157942.1621475,
        "iqr_ns": 11920.268623703458,
        "q1_ns": 9669.212256009923,
        "q3_ns": 21589.48087971338
      },
      "runq_latency_stats_ns": {
        "count": 37.0,
        "sum_ns": 13759278.000000004,
        "mean_ns": 371872.37837837846,
        "median_ns": 4166.655063756921,
        "min_ns": 1383.0,
        "max_ns": 9983484.0,
        "variance_ns2": 2969391946296.1147,
        "iqr_ns": 11856.662697211574,
        "q1_ns": 2904.895884233487,
        "q3_ns": 14761.55858144506
      },
      "first_seen_ts_ns": 1749788076749920199,
      "last_seen_ts_ns": 1749788144130555713,
      "duration_active_s": 67.380635514
    },
    {
      "tgid": 1,
      "comm": "pause",
      "cgroup_id": 78399,
      "on_cpu_stats_ns": {
        "count": 2.0,
        "sum_ns": 458188.3333333334,
        "mean_ns": 229094.1666666667,
        "median_ns": 255373.33333333334,
        "min_ns": 202815.0,
        "max_ns": 255373.33333333334,
        "variance_ns2": 1381189201.3888903,
        "iqr_ns": 52558.33333333334,
        "q1_ns": 202815.0,
        "q3_ns": 255373.33333333334
      },
      "runq_latency_stats_ns": {
        "count": 2.0,
        "sum_ns": 9402.888888888889,
        "mean_ns": 4701.444444444444,
        "median_ns": 7632.888888888889,
        "min_ns": 1770.0,
        "max_ns": 7632.888888888889,
        "variance_ns2": 17186733.061728396,
        "iqr_ns": 5862.888888888889,
        "q1_ns": 1770.0,
        "q3_ns": 7632.888888888889
      },
      "first_seen_ts_ns": 1749788134009959090,
      "last_seen_ts_ns": 1749788144130555713,
      "duration_active_s": 10.120596623
    },
    {
      "tgid": 65,
      "comm": "bash",
      "cgroup_id": 78679,
      "on_cpu_stats_ns": {
        "count": 22.0,
        "sum_ns": 226016.98611111112,
        "mean_ns": 10273.49936868687,
        "median_ns": 9746.583452939258,
        "min_ns": 5666.875,
        "max_ns": 21662.0,
        "variance_ns2": 12573123.330035225,
        "iqr_ns": 2235.32756898516,
        "q1_ns": 8644.956562464147,
        "q3_ns": 10880.284131449307
      },
      "runq_latency_stats_ns": {
        "count": 22.0,
        "sum_ns": 190722.625,
        "mean_ns": 8669.210227272728,
        "median_ns": 9537.393608940973,
        "min_ns": 1744.375,
        "max_ns": 16249.0,
        "variance_ns2": 23264815.522896376,
        "iqr_ns": 8273.702170826233,
        "q1_ns": 5291.864908854167,
        "q3_ns": 13565.5670796804
      },
      "first_seen_ts_ns": 1749788076432993463,
      "last_seen_ts_ns": 1749788143317503552,
      "duration_active_s": 66.884510089
    }
  ]
}
[04:15:44] Cleanup complete. Exiting.
