unlimited
PROGRAM: cpu
Looking for /opt/programs/cpu/ebpf-collect.c
[05:25:49] Waiting for start indicator file: '/mnt/flux/start_ebpf_collection'.
[05:25:55] Start indicator found. Proceeding with monitoring.
[05:25:55] Initializing eBPF for CPU Scheduling monitoring...
[05:25:55] BPF C code compiled and loaded.
[05:25:55] Attached tracepoints.
[05:25:55] Monitoring CPU scheduling events (polling aggregated map)... Press Ctrl+C to stop.
[05:27:05] Stop indicator file '/mnt/flux/stop_ebpf_collection' found. Stopping.
[05:27:05] Initiating cleanup sequence...
{
  "final_aggregated_summary_river": [
    {
      "tgid": 1,
      "comm": "pause",
      "cgroup_id": 58338,
      "on_cpu_stats_ns": {
        "count": 2.0,
        "sum_ns": 585352.6984126985,
        "mean_ns": 292676.34920634923,
        "median_ns": 368032.14285714284,
        "min_ns": 217320.55555555556,
        "max_ns": 368032.14285714284,
        "variance_ns2": 11356991273.481977,
        "iqr_ns": 150711.58730158728,
        "q1_ns": 217320.55555555556,
        "q3_ns": 368032.14285714284
      },
      "runq_latency_stats_ns": {
        "count": 2.0,
        "sum_ns": 7319.6984126984125,
        "mean_ns": 3659.8492063492063,
        "median_ns": 6288.555555555556,
        "min_ns": 1031.142857142857,
        "max_ns": 6288.555555555556,
        "variance_ns2": 13820194.140715545,
        "iqr_ns": 5257.412698412699,
        "q1_ns": 1031.142857142857,
        "q3_ns": 6288.555555555556
      },
      "first_seen_ts_ns": 1750137994339906610,
      "last_seen_ts_ns": 1750138025921962523,
      "duration_active_s": 31.582055913
    },
    {
      "tgid": 44,
      "comm": "bash",
      "cgroup_id": 58674,
      "on_cpu_stats_ns": {
        "count": 18.0,
        "sum_ns": 149275.99999999997,
        "mean_ns": 8293.11111111111,
        "median_ns": 7983.466840277779,
        "min_ns": 5337.0,
        "max_ns": 12982.0,
        "variance_ns2": 3897070.104575165,
        "iqr_ns": 2020.6589975872057,
        "q1_ns": 6759.349444444443,
        "q3_ns": 8780.008442031649
      },
      "runq_latency_stats_ns": {
        "count": 18.0,
        "sum_ns": 182482.00000000003,
        "mean_ns": 10137.88888888889,
        "median_ns": 11261.457823129253,
        "min_ns": 1527.0,
        "max_ns": 15016.0,
        "variance_ns2": 12367309.163398698,
        "iqr_ns": 3051.6938085133734,
        "q1_ns": 9228.083333333334,
        "q3_ns": 12279.777141846707
      },
      "first_seen_ts_ns": 1750137956489886268,
      "last_seen_ts_ns": 1750138024507121580,
      "duration_active_s": 68.017235312
    }
  ]
}
[05:27:05] Cleanup complete. Exiting.
