unlimited
PROGRAM: cpu
Looking for /opt/programs/cpu/ebpf-collect.c
[15:31:16] Waiting for start indicator file: '/mnt/flux/start_ebpf_collection'.
[15:31:22] Start indicator found. Proceeding with monitoring.
[15:31:22] Initializing eBPF for CPU Scheduling monitoring...
[15:31:23] BPF C code compiled and loaded.
[15:31:23] Attached tracepoints.
[15:31:23] Monitoring CPU scheduling events (polling aggregated map)... Press Ctrl+C to stop.
[15:32:37] Stop indicator file '/mnt/flux/stop_ebpf_collection' found. Stopping.
[15:32:37] Initiating cleanup sequence...
{
  "final_aggregated_summary_river": [
    {
      "tgid": 40,
      "comm": "bash",
      "cgroup_id": 78937,
      "on_cpu_stats_ns": {
        "count": 77.0,
        "sum_ns": 4305065.989145658,
        "mean_ns": 55909.94791098257,
        "median_ns": 29876.885577829897,
        "min_ns": 5719.0,
        "max_ns": 434493.0,
        "variance_ns2": 5370638761.310907,
        "iqr_ns": 56487.72324365501,
        "q1_ns": 14020.876967722903,
        "q3_ns": 70508.60021137791
      },
      "runq_latency_stats_ns": {
        "count": 77.0,
        "sum_ns": 1188601.556722689,
        "mean_ns": 15436.383853541416,
        "median_ns": 5232.042335899177,
        "min_ns": 1239.0,
        "max_ns": 147156.0,
        "variance_ns2": 880572882.8420721,
        "iqr_ns": 6101.738269565554,
        "q1_ns": 3947.491097836461,
        "q3_ns": 10049.229367402015
      },
      "first_seen_ts_ns": 1750001483393449127,
      "last_seen_ts_ns": 1750001557768329970,
      "duration_active_s": 74.374880843
    },
    {
      "tgid": 1,
      "comm": "pause",
      "cgroup_id": 78601,
      "on_cpu_stats_ns": {
        "count": 3.0,
        "sum_ns": 1471428.285714286,
        "mean_ns": 490476.09523809527,
        "median_ns": 478291.28571428574,
        "min_ns": 344920.0,
        "max_ns": 648217.0,
        "variance_ns2": 23108619739.59864,
        "iqr_ns": 303297.0,
        "q1_ns": 344920.0,
        "q3_ns": 648217.0
      },
      "runq_latency_stats_ns": {
        "count": 2.0,
        "sum_ns": 120091.71428571429,
        "mean_ns": 60045.857142857145,
        "median_ns": 118643.0,
        "min_ns": 1448.7142857142858,
        "max_ns": 118643.0,
        "variance_ns2": 6867250302.040816,
        "iqr_ns": 117194.28571428571,
        "q1_ns": 1448.7142857142858,
        "q3_ns": 118643.0
      },
      "first_seen_ts_ns": 1750001538144112683,
      "last_seen_ts_ns": 1750001557768329970,
      "duration_active_s": 19.624217287
    },
    {
      "tgid": 57,
      "comm": "bash",
      "cgroup_id": 79021,
      "on_cpu_stats_ns": {
        "count": 1.0,
        "sum_ns": 108273.0,
        "mean_ns": 108273.0,
        "median_ns": 108273.0,
        "min_ns": 108273.0,
        "max_ns": 108273.0,
        "variance_ns2": null,
        "iqr_ns": 0.0,
        "q1_ns": 108273.0,
        "q3_ns": 108273.0
      },
      "runq_latency_stats_ns": {
        "count": 1.0,
        "sum_ns": 4808.0,
        "mean_ns": 4808.0,
        "median_ns": 4808.0,
        "min_ns": 4808.0,
        "max_ns": 4808.0,
        "variance_ns2": null,
        "iqr_ns": 0.0,
        "q1_ns": 4808.0,
        "q3_ns": 4808.0
      },
      "first_seen_ts_ns": 1750001498559450450,
      "last_seen_ts_ns": 1750001498559450450,
      "duration_active_s": 0
    }
  ]
}
[15:32:37] Cleanup complete. Exiting.
