unlimited
PROGRAM: cpu
Looking for /opt/programs/cpu/ebpf-collect.c
[07:00:40] Waiting for start indicator file: '/mnt/flux/start_ebpf_collection'.
[07:00:46] Start indicator found. Proceeding with monitoring.
[07:00:46] Initializing eBPF for CPU Scheduling monitoring...
[07:00:46] BPF C code compiled and loaded.
[07:00:46] Attached tracepoints.
[07:00:46] Monitoring CPU scheduling events (polling aggregated map)... Press Ctrl+C to stop.
[07:01:57] Stop indicator file '/mnt/flux/stop_ebpf_collection' found. Stopping.
[07:01:57] Initiating cleanup sequence...
{
  "final_aggregated_summary_river": [
    {
      "tgid": 31,
      "comm": "bash",
      "cgroup_id": 77635,
      "on_cpu_stats_ns": {
        "count": 68.0,
        "sum_ns": 7959138.166666669,
        "mean_ns": 117046.14950980396,
        "median_ns": 51135.225520047345,
        "min_ns": 7746.0,
        "max_ns": 880435.0,
        "variance_ns2": 33360565285.370758,
        "iqr_ns": 204256.49678506225,
        "q1_ns": 17207.98691533822,
        "q3_ns": 221464.48370040048
      },
      "runq_latency_stats_ns": {
        "count": 68.0,
        "sum_ns": 4029067.6666666646,
        "mean_ns": 59250.99509803919,
        "median_ns": 15015.196175607514,
        "min_ns": 1428.0,
        "max_ns": 1272663.6666666667,
        "variance_ns2": 42985857541.55804,
        "iqr_ns": 28404.042657195663,
        "q1_ns": 6249.544761993283,
        "q3_ns": 34653.587419188945
      },
      "first_seen_ts_ns": 1749625246614496909,
      "last_seen_ts_ns": 1749625317142918885,
      "duration_active_s": 70.528421976
    },
    {
      "tgid": 1,
      "comm": "pause",
      "cgroup_id": 77425,
      "on_cpu_stats_ns": {
        "count": 2.0,
        "sum_ns": 621676.7777777778,
        "mean_ns": 310838.3888888889,
        "median_ns": 387156.77777777775,
        "min_ns": 234520.0,
        "max_ns": 387156.77777777775,
        "variance_ns2": 11648992965.191355,
        "iqr_ns": 152636.77777777775,
        "q1_ns": 234520.0,
        "q3_ns": 387156.77777777775
      },
      "runq_latency_stats_ns": {
        "count": 2.0,
        "sum_ns": 8961.666666666668,
        "mean_ns": 4480.833333333334,
        "median_ns": 5786.666666666667,
        "min_ns": 3175.0,
        "max_ns": 5786.666666666667,
        "variance_ns2": 3410401.388888891,
        "iqr_ns": 2611.666666666667,
        "q1_ns": 3175.0,
        "q3_ns": 5786.666666666667
      },
      "first_seen_ts_ns": 1749625302074720643,
      "last_seen_ts_ns": 1749625317142918885,
      "duration_active_s": 15.068198242
    },
    {
      "tgid": 225,
      "comm": "xhpcg",
      "cgroup_id": 77775,
      "on_cpu_stats_ns": {
        "count": 36.0,
        "sum_ns": 373410.1622258601,
        "mean_ns": 10372.504506273892,
        "median_ns": 8197.651410407205,
        "min_ns": 5283.1875,
        "max_ns": 33656.0,
        "variance_ns2": 48256984.03973166,
        "iqr_ns": 4900.089149414969,
        "q1_ns": 6804.306266629143,
        "q3_ns": 11704.395416044112
      },
      "runq_latency_stats_ns": {
        "count": 36.0,
        "sum_ns": 116610.46769307774,
        "mean_ns": 3239.179658141048,
        "median_ns": 2640.578657388368,
        "min_ns": 1260.6875,
        "max_ns": 9828.0,
        "variance_ns2": 3280897.9861324704,
        "iqr_ns": 2472.877769632045,
        "q1_ns": 1894.8628629989105,
        "q3_ns": 4367.740632630956
      },
      "first_seen_ts_ns": 1749625246410476795,
      "last_seen_ts_ns": 1749625267314652069,
      "duration_active_s": 20.904175274
    }
  ]
}
[07:01:57] Cleanup complete. Exiting.
