unlimited
PROGRAM: cpu
Looking for /opt/programs/cpu/ebpf-collect.c
[03:08:00] Waiting for start indicator file: '/mnt/flux/start_ebpf_collection'.
[03:08:06] Start indicator found. Proceeding with monitoring.
[03:08:06] Initializing eBPF for CPU Scheduling monitoring...
[03:08:07] BPF C code compiled and loaded.
[03:08:07] Attached tracepoints.
[03:08:07] Monitoring CPU scheduling events (polling aggregated map)... Press Ctrl+C to stop.
[03:09:27] Stop indicator file '/mnt/flux/stop_ebpf_collection' found. Stopping.
[03:09:27] Initiating cleanup sequence...
{
  "final_aggregated_summary_river": [
    {
      "tgid": 31,
      "comm": "bash",
      "cgroup_id": 82356,
      "on_cpu_stats_ns": {
        "count": 115.0,
        "sum_ns": 7348117.090637793,
        "mean_ns": 63896.67035337211,
        "median_ns": 42652.657346951295,
        "min_ns": 9810.0,
        "max_ns": 732186.0,
        "variance_ns2": 6647344525.552021,
        "iqr_ns": 46699.96275482142,
        "q1_ns": 23294.98934856788,
        "q3_ns": 69994.9521033893
      },
      "runq_latency_stats_ns": {
        "count": 115.0,
        "sum_ns": 34149293.38893018,
        "mean_ns": 296950.37729504507,
        "median_ns": 13132.528626442565,
        "min_ns": 2590.0,
        "max_ns": 19913494.0,
        "variance_ns2": 3836535294938.059,
        "iqr_ns": 28098.616971237625,
        "q1_ns": 7991.05406543714,
        "q3_ns": 36089.671036674765
      },
      "first_seen_ts_ns": 1749697687598712146,
      "last_seen_ts_ns": 1749697767164335841,
      "duration_active_s": 79.565623695
    },
    {
      "tgid": 1,
      "comm": "pause",
      "cgroup_id": 82146,
      "on_cpu_stats_ns": {
        "count": 3.0,
        "sum_ns": 1332464.111111111,
        "mean_ns": 444154.70370370365,
        "median_ns": 416403.0,
        "min_ns": 384065.55555555556,
        "max_ns": 531995.5555555555,
        "variance_ns2": 6048439018.843617,
        "iqr_ns": 147929.99999999994,
        "q1_ns": 384065.55555555556,
        "q3_ns": 531995.5555555555
      },
      "runq_latency_stats_ns": {
        "count": 3.0,
        "sum_ns": 28349.111111111113,
        "mean_ns": 9449.703703703704,
        "median_ns": 7937.777777777777,
        "min_ns": 5270.0,
        "max_ns": 15141.333333333334,
        "variance_ns2": 26075245.44855967,
        "iqr_ns": 9871.333333333334,
        "q1_ns": 5270.0,
        "q3_ns": 15141.333333333334
      },
      "first_seen_ts_ns": 1749697697442260814,
      "last_seen_ts_ns": 1749697767480302132,
      "duration_active_s": 70.038041318
    }
  ]
}
[03:09:27] Cleanup complete. Exiting.
