unlimited
PROGRAM: cpu
Looking for /opt/programs/cpu/ebpf-collect.c
[05:17:49] Waiting for start indicator file: '/mnt/flux/start_ebpf_collection'.
[05:17:55] Start indicator found. Proceeding with monitoring.
[05:17:55] Initializing eBPF for CPU Scheduling monitoring...
[05:17:55] BPF C code compiled and loaded.
[05:17:55] Attached tracepoints.
[05:17:55] Monitoring CPU scheduling events (polling aggregated map)... Press Ctrl+C to stop.
[05:18:55] Stop indicator file '/mnt/flux/stop_ebpf_collection' found. Stopping.
[05:18:55] Initiating cleanup sequence...
{
  "final_aggregated_summary_river": [
    {
      "tgid": 40,
      "comm": "bash",
      "cgroup_id": 54869,
      "on_cpu_stats_ns": {
        "count": 22.0,
        "sum_ns": 1712729.833333333,
        "mean_ns": 77851.35606060605,
        "median_ns": 57048.45575294175,
        "min_ns": 8857.0,
        "max_ns": 450797.0,
        "variance_ns2": 10101762792.31295,
        "iqr_ns": 91117.14297186847,
        "q1_ns": 16045.746637792723,
        "q3_ns": 107162.88960966119
      },
      "runq_latency_stats_ns": {
        "count": 22.0,
        "sum_ns": 147250.5,
        "mean_ns": 6693.204545454546,
        "median_ns": 4644.940797619048,
        "min_ns": 2161.0,
        "max_ns": 29407.0,
        "variance_ns2": 35096342.80140693,
        "iqr_ns": 3852.103910383598,
        "q1_ns": 3651.0212962962964,
        "q3_ns": 7503.125206679894
      },
      "first_seen_ts_ns": 1750137476009902612,
      "last_seen_ts_ns": 1750137535450903145,
      "duration_active_s": 59.441000533
    },
    {
      "tgid": 111,
      "comm": "ZMQbg/Reaper",
      "cgroup_id": 54953,
      "on_cpu_stats_ns": {
        "count": 94.0,
        "sum_ns": 686895.7341689052,
        "mean_ns": 7307.4014273287785,
        "median_ns": 7058.7233245129755,
        "min_ns": 3690.25,
        "max_ns": 13578.375,
        "variance_ns2": 4333477.228891391,
        "iqr_ns": 2688.2852869797307,
        "q1_ns": 6143.1169335825225,
        "q3_ns": 8831.402220562253
      },
      "runq_latency_stats_ns": {
        "count": 94.0,
        "sum_ns": 402385.5818387481,
        "mean_ns": 4280.697679135618,
        "median_ns": 4187.601525155099,
        "min_ns": 1489.5625,
        "max_ns": 9666.0,
        "variance_ns2": 2051509.137701868,
        "iqr_ns": 1521.8998054871713,
        "q1_ns": 3466.478201840507,
        "q3_ns": 4988.3780073276785
      },
      "first_seen_ts_ns": 1750137477739958862,
      "last_seen_ts_ns": 1750137493348330932,
      "duration_active_s": 15.60837207
    },
    {
      "tgid": 1,
      "comm": "pause",
      "cgroup_id": 54533,
      "on_cpu_stats_ns": {
        "count": 2.0,
        "sum_ns": 573405.6984126985,
        "mean_ns": 286702.84920634923,
        "median_ns": 351762.14285714284,
        "min_ns": 221643.55555555556,
        "max_ns": 351762.14285714284,
        "variance_ns2": 8465423380.680391,
        "iqr_ns": 130118.58730158728,
        "q1_ns": 221643.55555555556,
        "q3_ns": 351762.14285714284
      },
      "runq_latency_stats_ns": {
        "count": 2.0,
        "sum_ns": 9120.190476190477,
        "mean_ns": 4560.0952380952385,
        "median_ns": 8216.333333333334,
        "min_ns": 903.8571428571429,
        "max_ns": 8216.333333333334,
        "variance_ns2": 26736154.01814059,
        "iqr_ns": 7312.476190476191,
        "q1_ns": 903.8571428571429,
        "q3_ns": 8216.333333333334
      },
      "first_seen_ts_ns": 1750137514289898829,
      "last_seen_ts_ns": 1750137535450903145,
      "duration_active_s": 21.161004316
    }
  ]
}
[05:18:55] Cleanup complete. Exiting.
