unlimited
PROGRAM: cpu
Looking for /opt/programs/cpu/ebpf-collect.c
[01:26:32] Waiting for start indicator file: '/mnt/flux/start_ebpf_collection'.
[01:26:33] Start indicator found. Proceeding with monitoring.
[01:26:33] Initializing eBPF for CPU Scheduling monitoring...
[01:26:33] BPF C code compiled and loaded.
[01:26:33] Attached tracepoints.
[01:26:33] Monitoring CPU scheduling events (polling aggregated map)... Press Ctrl+C to stop.
[01:27:36] Stop indicator file '/mnt/flux/stop_ebpf_collection' found. Stopping.
[01:27:36] Initiating cleanup sequence...
{
  "final_aggregated_summary_river": [
    {
      "tgid": 1,
      "comm": "pause",
      "cgroup_id": 10570,
      "on_cpu_stats_ns": {
        "count": 3.0,
        "sum_ns": 2086015.8021978023,
        "mean_ns": 695338.6007326008,
        "median_ns": 523001.23076923075,
        "min_ns": 396133.5714285714,
        "max_ns": 1166881.0,
        "variance_ns2": 170788026476.78595,
        "iqr_ns": 770747.4285714286,
        "q1_ns": 396133.5714285714,
        "q3_ns": 1166881.0
      },
      "runq_latency_stats_ns": {
        "count": 3.0,
        "sum_ns": 3543.2307692307695,
        "mean_ns": 1181.076923076923,
        "median_ns": 1198.2307692307693,
        "min_ns": 884.0,
        "max_ns": 1461.0,
        "variance_ns2": 83452.94082840237,
        "iqr_ns": 577.0,
        "q1_ns": 884.0,
        "q3_ns": 1461.0
      },
      "first_seen_ts_ns": 1749778052307518232,
      "last_seen_ts_ns": 1749778056855961443,
      "duration_active_s": 4.548443211
    },
    {
      "tgid": 31,
      "comm": "bash",
      "cgroup_id": 10710,
      "on_cpu_stats_ns": {
        "count": 28.0,
        "sum_ns": 1321075.1666666665,
        "mean_ns": 47181.25595238095,
        "median_ns": 33247.12750838133,
        "min_ns": 3614.0,
        "max_ns": 171222.0,
        "variance_ns2": 2064974007.8219798,
        "iqr_ns": 53639.09364054707,
        "q1_ns": 13533.894348002257,
        "q3_ns": 67172.98798854933
      },
      "runq_latency_stats_ns": {
        "count": 28.0,
        "sum_ns": 196602.33333333334,
        "mean_ns": 7021.5119047619055,
        "median_ns": 4821.255169954953,
        "min_ns": 980.0,
        "max_ns": 24409.0,
        "variance_ns2": 41699390.658289246,
        "iqr_ns": 7586.502757526523,
        "q1_ns": 2140.7722312102746,
        "q3_ns": 9727.274988736797
      },
      "first_seen_ts_ns": 1749777994460105201,
      "last_seen_ts_ns": 1749778053318310015,
      "duration_active_s": 58.858204814
    },
    {
      "tgid": 65,
      "comm": "bash",
      "cgroup_id": 10850,
      "on_cpu_stats_ns": {
        "count": 21.0,
        "sum_ns": 237740.86111111107,
        "mean_ns": 11320.993386243385,
        "median_ns": 10360.602759259258,
        "min_ns": 5021.0,
        "max_ns": 20907.0,
        "variance_ns2": 24141502.37591858,
        "iqr_ns": 6695.303865182435,
        "q1_ns": 7604.346452277881,
        "q3_ns": 14299.650317460317
      },
      "runq_latency_stats_ns": {
        "count": 21.0,
        "sum_ns": 173822.7083333333,
        "mean_ns": 8277.271825396825,
        "median_ns": 7841.629374498958,
        "min_ns": 1486.375,
        "max_ns": 16103.0,
        "variance_ns2": 22873074.355836637,
        "iqr_ns": 8167.24397784127,
        "q1_ns": 3990.8234849563487,
        "q3_ns": 12158.067462797619
      },
      "first_seen_ts_ns": 1749777994051002318,
      "last_seen_ts_ns": 1749778055335743445,
      "duration_active_s": 61.284741127
    }
  ]
}
[01:27:36] Cleanup complete. Exiting.
