unlimited
PROGRAM: cpu
Looking for /opt/programs/cpu/ebpf-collect.c
[04:49:43] Waiting for start indicator file: '/mnt/flux/start_ebpf_collection'.
[04:49:49] Start indicator found. Proceeding with monitoring.
[04:49:49] Initializing eBPF for CPU Scheduling monitoring...
[04:49:49] BPF C code compiled and loaded.
[04:49:49] Attached tracepoints.
[04:49:49] Monitoring CPU scheduling events (polling aggregated map)... Press Ctrl+C to stop.
[04:50:52] Stop indicator file '/mnt/flux/stop_ebpf_collection' found. Stopping.
[04:50:52] Initiating cleanup sequence...
{
  "final_aggregated_summary_river": [
    {
      "tgid": 88,
      "comm": "python3",
      "cgroup_id": 41780,
      "on_cpu_stats_ns": {
        "count": 338.0,
        "sum_ns": 16371216.48307596,
        "mean_ns": 48435.5517250768,
        "median_ns": 44411.95906715517,
        "min_ns": 3617.0,
        "max_ns": 377950.0,
        "variance_ns2": 2529644658.9443417,
        "iqr_ns": 71450.2730232501,
        "q1_ns": 10426.70486668623,
        "q3_ns": 81876.97788993633
      },
      "runq_latency_stats_ns": {
        "count": 342.0,
        "sum_ns": 12945399.984683026,
        "mean_ns": 37852.04673883926,
        "median_ns": 23709.640330570255,
        "min_ns": 447.0,
        "max_ns": 897970.7843137255,
        "variance_ns2": 7864017777.767641,
        "iqr_ns": 40373.076535650835,
        "q1_ns": 5679.619365186146,
        "q3_ns": 46052.69590083698
      },
      "first_seen_ts_ns": 1750135790078041114,
      "last_seen_ts_ns": 1750135852559984403,
      "duration_active_s": 62.481943289
    },
    {
      "tgid": 1,
      "comm": "pause",
      "cgroup_id": 41612,
      "on_cpu_stats_ns": {
        "count": 2.0,
        "sum_ns": 545956.3174603174,
        "mean_ns": 272978.1587301587,
        "median_ns": 354597.4285714286,
        "min_ns": 191358.88888888888,
        "max_ns": 354597.4285714286,
        "variance_ns2": 13323410418.84405,
        "iqr_ns": 163238.5396825397,
        "q1_ns": 191358.88888888888,
        "q3_ns": 354597.4285714286
      },
      "runq_latency_stats_ns": {
        "count": 2.0,
        "sum_ns": 8278.746031746032,
        "mean_ns": 4139.373015873016,
        "median_ns": 7353.888888888889,
        "min_ns": 924.8571428571429,
        "max_ns": 7353.888888888889,
        "variance_ns2": 20666224.595742,
        "iqr_ns": 6429.031746031746,
        "q1_ns": 924.8571428571429,
        "q3_ns": 7353.888888888889
      },
      "first_seen_ts_ns": 1750135834089881332,
      "last_seen_ts_ns": 1750135852559984403,
      "duration_active_s": 18.470103071
    },
    {
      "tgid": 44,
      "comm": "bash",
      "cgroup_id": 41864,
      "on_cpu_stats_ns": {
        "count": 19.0,
        "sum_ns": 179407.99999999997,
        "mean_ns": 9442.526315789471,
        "median_ns": 8135.11446208113,
        "min_ns": 6357.0,
        "max_ns": 18746.0,
        "variance_ns2": 12407136.263157895,
        "iqr_ns": 860.5154458774259,
        "q1_ns": 8098.294449955908,
        "q3_ns": 8958.809895833334
      },
      "runq_latency_stats_ns": {
        "count": 19.0,
        "sum_ns": 191686.0,
        "mean_ns": 10088.736842105263,
        "median_ns": 12011.196550857034,
        "min_ns": 1899.0,
        "max_ns": 15440.0,
        "variance_ns2": 22506102.87134503,
        "iqr_ns": 3295.099038567527,
        "q1_ns": 10035.972580467373,
        "q3_ns": 13331.0716190349
      },
      "first_seen_ts_ns": 1750135792479889613,
      "last_seen_ts_ns": 1750135852457332707,
      "duration_active_s": 59.977443094
    }
  ]
}
[04:50:52] Cleanup complete. Exiting.
