unlimited
PROGRAM: cpu
Looking for /opt/programs/cpu/ebpf-collect.c
[14:01:21] Waiting for start indicator file: '/mnt/flux/start_ebpf_collection'.
[14:01:28] Start indicator found. Proceeding with monitoring.
[14:01:28] Initializing eBPF for CPU Scheduling monitoring...
[14:01:28] BPF C code compiled and loaded.
[14:01:28] Attached tracepoints.
[14:01:28] Monitoring CPU scheduling events (polling aggregated map)... Press Ctrl+C to stop.
[14:01:41] Stop indicator file '/mnt/flux/stop_ebpf_collection' found. Stopping.
[14:01:41] Initiating cleanup sequence...
{
  "final_aggregated_summary_river": [
    {
      "tgid": 1,
      "comm": "pause",
      "cgroup_id": 34894,
      "on_cpu_stats_ns": {
        "count": 8.0,
        "sum_ns": 18918878.537037037,
        "mean_ns": 2364859.8171296297,
        "median_ns": 1345872.75,
        "min_ns": 358244.037037037,
        "max_ns": 11641909.0,
        "variance_ns2": 14256764167699.61,
        "iqr_ns": 1533532.9994855965,
        "q1_ns": 1021216.7546296297,
        "q3_ns": 2554749.754115226
      },
      "runq_latency_stats_ns": {
        "count": 8.0,
        "sum_ns": 17020.986863710998,
        "mean_ns": 2127.6233579638747,
        "median_ns": 1829.0,
        "min_ns": 1112.0344827586207,
        "max_ns": 4652.0,
        "variance_ns2": 1510392.0530065575,
        "iqr_ns": 1067.8510536398467,
        "q1_ns": 1312.375,
        "q3_ns": 2380.2260536398467
      },
      "first_seen_ts_ns": 1749996089056791398,
      "last_seen_ts_ns": 1749996101310897059,
      "duration_active_s": 12.254105661
    },
    {
      "tgid": 57,
      "comm": "bash",
      "cgroup_id": 35314,
      "on_cpu_stats_ns": {
        "count": 1.0,
        "sum_ns": 125601.0,
        "mean_ns": 125601.0,
        "median_ns": 125601.0,
        "min_ns": 125601.0,
        "max_ns": 125601.0,
        "variance_ns2": null,
        "iqr_ns": 0.0,
        "q1_ns": 125601.0,
        "q3_ns": 125601.0
      },
      "runq_latency_stats_ns": {
        "count": 1.0,
        "sum_ns": 5399.0,
        "mean_ns": 5399.0,
        "median_ns": 5399.0,
        "min_ns": 5399.0,
        "max_ns": 5399.0,
        "variance_ns2": null,
        "iqr_ns": 0.0,
        "q1_ns": 5399.0,
        "q3_ns": 5399.0
      },
      "first_seen_ts_ns": 1749996091832559846,
      "last_seen_ts_ns": 1749996091832559846,
      "duration_active_s": 0
    },
    {
      "tgid": 44,
      "comm": "bash",
      "cgroup_id": 35230,
      "on_cpu_stats_ns": {
        "count": 4.0,
        "sum_ns": 33649.0,
        "mean_ns": 8412.25,
        "median_ns": 7910.0,
        "min_ns": 5785.0,
        "max_ns": 13948.0,
        "variance_ns2": 14529754.916666666,
        "iqr_ns": 7942.0,
        "q1_ns": 6006.0,
        "q3_ns": 13948.0
      },
      "runq_latency_stats_ns": {
        "count": 4.0,
        "sum_ns": 34215.0,
        "mean_ns": 8553.75,
        "median_ns": 10740.0,
        "min_ns": 3192.0,
        "max_ns": 11815.0,
        "variance_ns2": 14723718.916666666,
        "iqr_ns": 3347.0,
        "q1_ns": 8468.0,
        "q3_ns": 11815.0
      },
      "first_seen_ts_ns": 1749996091426832542,
      "last_seen_ts_ns": 1749996099473215519,
      "duration_active_s": 8.046382977
    }
  ]
}
[14:01:41] Cleanup complete. Exiting.
