unlimited
PROGRAM: cpu
Looking for /opt/programs/cpu/ebpf-collect.c
[13:45:07] Waiting for start indicator file: '/mnt/flux/start_ebpf_collection'.
[13:45:13] Start indicator found. Proceeding with monitoring.
[13:45:13] Initializing eBPF for CPU Scheduling monitoring...
[13:45:14] BPF C code compiled and loaded.
[13:45:14] Attached tracepoints.
[13:45:14] Monitoring CPU scheduling events (polling aggregated map)... Press Ctrl+C to stop.
[13:46:31] Stop indicator file '/mnt/flux/stop_ebpf_collection' found. Stopping.
[13:46:31] Initiating cleanup sequence...
{
  "final_aggregated_summary_river": [
    {
      "tgid": 40,
      "comm": "bash",
      "cgroup_id": 25898,
      "on_cpu_stats_ns": {
        "count": 81.0,
        "sum_ns": 6019159.833333335,
        "mean_ns": 74310.61522633747,
        "median_ns": 38983.18632422344,
        "min_ns": 6285.0,
        "max_ns": 487784.0,
        "variance_ns2": 9597084373.744894,
        "iqr_ns": 63743.785825964296,
        "q1_ns": 17129.635090665335,
        "q3_ns": 80873.42091662964
      },
      "runq_latency_stats_ns": {
        "count": 81.0,
        "sum_ns": 1491268.083333334,
        "mean_ns": 18410.717078189307,
        "median_ns": 9013.17920856293,
        "min_ns": 1567.0,
        "max_ns": 181824.66666666666,
        "variance_ns2": 943895360.3995968,
        "iqr_ns": 11062.769734399142,
        "q1_ns": 5045.085921690923,
        "q3_ns": 16107.855656090065
      },
      "first_seen_ts_ns": 1749995114273473643,
      "last_seen_ts_ns": 1749995191964370486,
      "duration_active_s": 77.690896843
    },
    {
      "tgid": 1,
      "comm": "pause",
      "cgroup_id": 25562,
      "on_cpu_stats_ns": {
        "count": 3.0,
        "sum_ns": 908762.3174603175,
        "mean_ns": 302920.7724867725,
        "median_ns": 228164.11111111112,
        "min_ns": 221718.77777777778,
        "max_ns": 458879.4285714286,
        "variance_ns2": 18252712386.24347,
        "iqr_ns": 237160.6507936508,
        "q1_ns": 221718.77777777778,
        "q3_ns": 458879.4285714286
      },
      "runq_latency_stats_ns": {
        "count": 3.0,
        "sum_ns": 11525.30158730159,
        "mean_ns": 3841.7671957671964,
        "median_ns": 4034.0,
        "min_ns": 1850.857142857143,
        "max_ns": 5640.444444444444,
        "variance_ns2": 3617958.067355338,
        "iqr_ns": 3789.587301587301,
        "q1_ns": 1850.857142857143,
        "q3_ns": 5640.444444444444
      },
      "first_seen_ts_ns": 1749995117373418159,
      "last_seen_ts_ns": 1749995191964370486,
      "duration_active_s": 74.590952327
    }
  ]
}
[13:46:31] Cleanup complete. Exiting.
