unlimited
PROGRAM: cpu
Looking for /opt/programs/cpu/ebpf-collect.c
[14:15:18] Waiting for start indicator file: '/mnt/flux/start_ebpf_collection'.
[14:15:24] Start indicator found. Proceeding with monitoring.
[14:15:24] Initializing eBPF for CPU Scheduling monitoring...
[14:15:25] BPF C code compiled and loaded.
[14:15:25] Attached tracepoints.
[14:15:25] Monitoring CPU scheduling events (polling aggregated map)... Press Ctrl+C to stop.
[14:16:18] Stop indicator file '/mnt/flux/stop_ebpf_collection' found. Stopping.
[14:16:18] Initiating cleanup sequence...
{
  "final_aggregated_summary_river": [
    {
      "tgid": 40,
      "comm": "bash",
      "cgroup_id": 43806,
      "on_cpu_stats_ns": {
        "count": 57.0,
        "sum_ns": 7313079.92857143,
        "mean_ns": 128299.64786967421,
        "median_ns": 50716.80890166713,
        "min_ns": 8312.0,
        "max_ns": 910922.5,
        "variance_ns2": 32521165463.899815,
        "iqr_ns": 56713.069650886,
        "q1_ns": 20678.111863994916,
        "q3_ns": 77391.18151488091
      },
      "runq_latency_stats_ns": {
        "count": 57.0,
        "sum_ns": 8079674.9523809515,
        "mean_ns": 141748.68337510442,
        "median_ns": 7702.558132387839,
        "min_ns": 1337.0,
        "max_ns": 5933166.0,
        "variance_ns2": 626299434361.0406,
        "iqr_ns": 6173.929646270847,
        "q1_ns": 6248.342992169951,
        "q3_ns": 12422.272638440798
      },
      "first_seen_ts_ns": 1749996925493468013,
      "last_seen_ts_ns": 1749996978370003423,
      "duration_active_s": 52.87653541
    },
    {
      "tgid": 1,
      "comm": "pause",
      "cgroup_id": 43470,
      "on_cpu_stats_ns": {
        "count": 2.0,
        "sum_ns": 740212.7142857143,
        "mean_ns": 370106.35714285716,
        "median_ns": 493513.71428571426,
        "min_ns": 246699.0,
        "max_ns": 493513.71428571426,
        "variance_ns2": 30458751593.969376,
        "iqr_ns": 246814.71428571426,
        "q1_ns": 246699.0,
        "q3_ns": 493513.71428571426
      },
      "runq_latency_stats_ns": {
        "count": 2.0,
        "sum_ns": 3420.6984126984125,
        "mean_ns": 1710.3492063492063,
        "median_ns": 1860.5555555555557,
        "min_ns": 1560.142857142857,
        "max_ns": 1860.5555555555557,
        "variance_ns2": 45123.89468379945,
        "iqr_ns": 300.41269841269855,
        "q1_ns": 1560.142857142857,
        "q3_ns": 1860.5555555555557
      },
      "first_seen_ts_ns": 1749996977556851333,
      "last_seen_ts_ns": 1749996978370003423,
      "duration_active_s": 0.81315209
    },
    {
      "tgid": 57,
      "comm": "bash",
      "cgroup_id": 43890,
      "on_cpu_stats_ns": {
        "count": 1.0,
        "sum_ns": 115238.0,
        "mean_ns": 115238.0,
        "median_ns": 115238.0,
        "min_ns": 115238.0,
        "max_ns": 115238.0,
        "variance_ns2": null,
        "iqr_ns": 0.0,
        "q1_ns": 115238.0,
        "q3_ns": 115238.0
      },
      "runq_latency_stats_ns": {
        "count": 1.0,
        "sum_ns": 8656.0,
        "mean_ns": 8656.0,
        "median_ns": 8656.0,
        "min_ns": 8656.0,
        "max_ns": 8656.0,
        "variance_ns2": null,
        "iqr_ns": 0.0,
        "q1_ns": 8656.0,
        "q3_ns": 8656.0
      },
      "first_seen_ts_ns": 1749996951963509730,
      "last_seen_ts_ns": 1749996951963509730,
      "duration_active_s": 0
    }
  ]
}
[14:16:18] Cleanup complete. Exiting.
