unlimited
PROGRAM: cpu
Looking for /opt/programs/cpu/ebpf-collect.c
[04:38:22] Waiting for start indicator file: '/mnt/flux/start_ebpf_collection'.
[04:38:28] Start indicator found. Proceeding with monitoring.
[04:38:28] Initializing eBPF for CPU Scheduling monitoring...
[04:38:28] BPF C code compiled and loaded.
[04:38:28] Attached tracepoints.
[04:38:28] Monitoring CPU scheduling events (polling aggregated map)... Press Ctrl+C to stop.
[04:39:30] Stop indicator file '/mnt/flux/stop_ebpf_collection' found. Stopping.
[04:39:30] Initiating cleanup sequence...
{
  "final_aggregated_summary_river": [
    {
      "tgid": 88,
      "comm": "python3",
      "cgroup_id": 36448,
      "on_cpu_stats_ns": {
        "count": 255.0,
        "sum_ns": 10922834.811787214,
        "mean_ns": 42834.64632073417,
        "median_ns": 36653.784114812195,
        "min_ns": 3229.076923076923,
        "max_ns": 373873.0,
        "variance_ns2": 2191131333.536267,
        "iqr_ns": 63464.47219651018,
        "q1_ns": 6340.051321172347,
        "q3_ns": 69804.52351768252
      },
      "runq_latency_stats_ns": {
        "count": 255.0,
        "sum_ns": 7853537.997225388,
        "mean_ns": 30798.188224413287,
        "median_ns": 14297.03589259535,
        "min_ns": 455.6392405063291,
        "max_ns": 427127.3103448276,
        "variance_ns2": 2369133226.6488514,
        "iqr_ns": 43098.59291063188,
        "q1_ns": 3345.4312347951,
        "q3_ns": 46444.02414542698
      },
      "first_seen_ts_ns": 1750135108606792674,
      "last_seen_ts_ns": 1750135170606487414,
      "duration_active_s": 61.99969474
    },
    {
      "tgid": 1,
      "comm": "pause",
      "cgroup_id": 36196,
      "on_cpu_stats_ns": {
        "count": 2.0,
        "sum_ns": 521637.09090909094,
        "mean_ns": 260818.54545454547,
        "median_ns": 367089.0,
        "min_ns": 154548.0909090909,
        "max_ns": 367089.0,
        "variance_ns2": 22586819018.59504,
        "iqr_ns": 212540.9090909091,
        "q1_ns": 154548.0909090909,
        "q3_ns": 367089.0
      },
      "runq_latency_stats_ns": {
        "count": 2.0,
        "sum_ns": 5225.174603174602,
        "mean_ns": 2612.587301587301,
        "median_ns": 4021.8888888888887,
        "min_ns": 1203.2857142857142,
        "max_ns": 4021.8888888888887,
        "variance_ns2": 3972261.927941546,
        "iqr_ns": 2818.6031746031745,
        "q1_ns": 1203.2857142857142,
        "q3_ns": 4021.8888888888887
      },
      "first_seen_ts_ns": 1750135114035048764,
      "last_seen_ts_ns": 1750135170606487414,
      "duration_active_s": 56.57143865
    },
    {
      "tgid": 44,
      "comm": "bash",
      "cgroup_id": 36532,
      "on_cpu_stats_ns": {
        "count": 15.0,
        "sum_ns": 124247.99999999999,
        "mean_ns": 8283.199999999999,
        "median_ns": 7791.844102733685,
        "min_ns": 4111.0,
        "max_ns": 17194.0,
        "variance_ns2": 12587809.028571427,
        "iqr_ns": 4062.155150156771,
        "q1_ns": 6104.390674603174,
        "q3_ns": 10166.545824759945
      },
      "runq_latency_stats_ns": {
        "count": 15.0,
        "sum_ns": 167753.0,
        "mean_ns": 11183.533333333333,
        "median_ns": 11239.78998611111,
        "min_ns": 2053.0,
        "max_ns": 19588.0,
        "variance_ns2": 22552446.409523807,
        "iqr_ns": 3875.1045634920647,
        "q1_ns": 9551.002380952381,
        "q3_ns": 13426.106944444446
      },
      "first_seen_ts_ns": 1750135112516840758,
      "last_seen_ts_ns": 1750135168486174481,
      "duration_active_s": 55.969333723
    }
  ]
}
[04:39:30] Cleanup complete. Exiting.
