unlimited
PROGRAM: cpu
Looking for /opt/programs/cpu/ebpf-collect.c
[00:24:07] Waiting for start indicator file: '/mnt/flux/start_ebpf_collection'.
[00:24:14] Start indicator found. Proceeding with monitoring.
[00:24:14] Initializing eBPF for CPU Scheduling monitoring...
[00:24:15] BPF C code compiled and loaded.
[00:24:15] Attached tracepoints.
[00:24:15] Monitoring CPU scheduling events (polling aggregated map)... Press Ctrl+C to stop.
[00:25:35] Stop indicator file '/mnt/flux/stop_ebpf_collection' found. Stopping.
[00:25:35] Initiating cleanup sequence...
{
  "final_aggregated_summary_river": [
    {
      "tgid": 31,
      "comm": "bash",
      "cgroup_id": 20466,
      "on_cpu_stats_ns": {
        "count": 105.0,
        "sum_ns": 8354145.166666662,
        "mean_ns": 79563.28730158726,
        "median_ns": 34628.591164795514,
        "min_ns": 9110.0,
        "max_ns": 723825.5,
        "variance_ns2": 13850991708.13221,
        "iqr_ns": 61977.98957398826,
        "q1_ns": 19535.807392047234,
        "q3_ns": 81513.7969660355
      },
      "runq_latency_stats_ns": {
        "count": 105.0,
        "sum_ns": 74331950.8333333,
        "mean_ns": 707923.341269841,
        "median_ns": 11077.322053094556,
        "min_ns": 2490.0,
        "max_ns": 61389502.0,
        "variance_ns2": 36081008046597.98,
        "iqr_ns": 18058.602937799616,
        "q1_ns": 9158.906408652212,
        "q3_ns": 27217.50934645183
      },
      "first_seen_ts_ns": 1749687855466453394,
      "last_seen_ts_ns": 1749687935189004426,
      "duration_active_s": 79.722551032
    },
    {
      "tgid": 1,
      "comm": "pause",
      "cgroup_id": 20256,
      "on_cpu_stats_ns": {
        "count": 3.0,
        "sum_ns": 1969439.236111111,
        "mean_ns": 656479.7453703703,
        "median_ns": 767912.2222222222,
        "min_ns": 416337.8888888889,
        "max_ns": 785189.125,
        "variance_ns2": 43325706268.177536,
        "iqr_ns": 368851.2361111111,
        "q1_ns": 416337.8888888889,
        "q3_ns": 785189.125
      },
      "runq_latency_stats_ns": {
        "count": 3.0,
        "sum_ns": 92705.38888888888,
        "mean_ns": 30901.796296296292,
        "median_ns": 18395.555555555555,
        "min_ns": 3582.5,
        "max_ns": 70727.33333333333,
        "variance_ns2": 1244411703.9393,
        "iqr_ns": 67144.83333333333,
        "q1_ns": 3582.5,
        "q3_ns": 70727.33333333333
      },
      "first_seen_ts_ns": 1749687855570788717,
      "last_seen_ts_ns": 1749687935189004426,
      "duration_active_s": 79.618215709
    },
    {
      "tgid": 225,
      "comm": "xhpcg",
      "cgroup_id": 20606,
      "on_cpu_stats_ns": {
        "count": 8.0,
        "sum_ns": 162800.01810344827,
        "mean_ns": 20350.002262931033,
        "median_ns": 16623.208333333332,
        "min_ns": 10082.1,
        "max_ns": 37750.0,
        "variance_ns2": 88332952.46839073,
        "iqr_ns": 5544.916666666664,
        "q1_ns": 13535.625,
        "q3_ns": 19080.541666666664
      },
      "runq_latency_stats_ns": {
        "count": 8.0,
        "sum_ns": 49224.39367816092,
        "mean_ns": 6153.049209770115,
        "median_ns": 7074.375,
        "min_ns": 3228.0,
        "max_ns": 10990.0,
        "variance_ns2": 8311077.133904832,
        "iqr_ns": 3382.96875,
        "q1_ns": 4864.53125,
        "q3_ns": 8247.5
      },
      "first_seen_ts_ns": 1749687874398208701,
      "last_seen_ts_ns": 1749687877262323046,
      "duration_active_s": 2.864114345
    }
  ]
}
[00:25:35] Cleanup complete. Exiting.
