unlimited
PROGRAM: cpu
Looking for /opt/programs/cpu/ebpf-collect.c
[13:41:09] Waiting for start indicator file: '/mnt/flux/start_ebpf_collection'.
[13:41:15] Start indicator found. Proceeding with monitoring.
[13:41:15] Initializing eBPF for CPU Scheduling monitoring...
[13:41:16] BPF C code compiled and loaded.
[13:41:16] Attached tracepoints.
[13:41:16] Monitoring CPU scheduling events (polling aggregated map)... Press Ctrl+C to stop.
[13:41:28] Stop indicator file '/mnt/flux/stop_ebpf_collection' found. Stopping.
[13:41:28] Initiating cleanup sequence...
{
  "final_aggregated_summary_river": [
    {
      "tgid": 1,
      "comm": "pause",
      "cgroup_id": 22947,
      "on_cpu_stats_ns": {
        "count": 9.0,
        "sum_ns": 10470639.802857144,
        "mean_ns": 1163404.4225396826,
        "median_ns": 678307.5,
        "min_ns": 67740.0,
        "max_ns": 4947693.0,
        "variance_ns2": 2273348833632.3667,
        "iqr_ns": 1332578.4630555555,
        "q1_ns": 451677.16444444447,
        "q3_ns": 1784255.6275
      },
      "runq_latency_stats_ns": {
        "count": 9.0,
        "sum_ns": 266797.1476190477,
        "mean_ns": 29644.127513227522,
        "median_ns": 6189.148148148148,
        "min_ns": 1428.0,
        "max_ns": 154080.6,
        "variance_ns2": 2656216655.571337,
        "iqr_ns": 27680.392708333333,
        "q1_ns": 2284.1072916666667,
        "q3_ns": 29964.5
      },
      "first_seen_ts_ns": 1749994876775744241,
      "last_seen_ts_ns": 1749994888238521965,
      "duration_active_s": 11.462777724
    },
    {
      "tgid": 44,
      "comm": "bash",
      "cgroup_id": 23283,
      "on_cpu_stats_ns": {
        "count": 4.0,
        "sum_ns": 34565.0,
        "mean_ns": 8641.25,
        "median_ns": 7622.0,
        "min_ns": 5654.0,
        "max_ns": 14667.0,
        "variance_ns2": 16783188.916666668,
        "iqr_ns": 8045.0,
        "q1_ns": 6622.0,
        "q3_ns": 14667.0
      },
      "runq_latency_stats_ns": {
        "count": 4.0,
        "sum_ns": 23034.5,
        "mean_ns": 5758.625,
        "median_ns": 6465.0,
        "min_ns": 2194.5,
        "max_ns": 10552.0,
        "variance_ns2": 13308346.895833336,
        "iqr_ns": 6729.0,
        "q1_ns": 3823.0,
        "q3_ns": 10552.0
      },
      "first_seen_ts_ns": 1749994879483080651,
      "last_seen_ts_ns": 1749994887419479900,
      "duration_active_s": 7.936399249
    }
  ]
}
[13:41:28] Cleanup complete. Exiting.
