unlimited
PROGRAM: cpu
Looking for /opt/programs/cpu/ebpf-collect.c
[04:40:08] Waiting for start indicator file: '/mnt/flux/start_ebpf_collection'.
[04:40:14] Start indicator found. Proceeding with monitoring.
[04:40:14] Initializing eBPF for CPU Scheduling monitoring...
[04:40:14] BPF C code compiled and loaded.
[04:40:14] Attached tracepoints.
[04:40:14] Monitoring CPU scheduling events (polling aggregated map)... Press Ctrl+C to stop.
[04:41:13] Stop indicator file '/mnt/flux/stop_ebpf_collection' found. Stopping.
[04:41:13] Initiating cleanup sequence...
{
  "final_aggregated_summary_river": [
    {
      "tgid": 88,
      "comm": "python3",
      "cgroup_id": 37209,
      "on_cpu_stats_ns": {
        "count": 305.0,
        "sum_ns": 15622859.98408071,
        "mean_ns": 51222.49175108429,
        "median_ns": 48010.816373069276,
        "min_ns": 3262.9166666666665,
        "max_ns": 1055830.125,
        "variance_ns2": 5573484369.70269,
        "iqr_ns": 73585.77855571375,
        "q1_ns": 9998.269198783162,
        "q3_ns": 83584.04775449692
      },
      "runq_latency_stats_ns": {
        "count": 305.0,
        "sum_ns": 10727750.764060227,
        "mean_ns": 35172.95332478763,
        "median_ns": 28016.23825809303,
        "min_ns": 425.0689655172414,
        "max_ns": 1073772.0,
        "variance_ns2": 5958992296.163346,
        "iqr_ns": 41623.31949055834,
        "q1_ns": 5594.313306227101,
        "q3_ns": 47217.63279678544
      },
      "first_seen_ts_ns": 1750135214809877970,
      "last_seen_ts_ns": 1750135273767001795,
      "duration_active_s": 58.957123825
    },
    {
      "tgid": 1,
      "comm": "pause",
      "cgroup_id": 36957,
      "on_cpu_stats_ns": {
        "count": 2.0,
        "sum_ns": 587898.2222222222,
        "mean_ns": 293949.1111111111,
        "median_ns": 363115.0,
        "min_ns": 224783.22222222222,
        "max_ns": 363115.0,
        "variance_ns2": 9567840371.580246,
        "iqr_ns": 138331.77777777778,
        "q1_ns": 224783.22222222222,
        "q3_ns": 363115.0
      },
      "runq_latency_stats_ns": {
        "count": 2.0,
        "sum_ns": 7406.666666666667,
        "mean_ns": 3703.3333333333335,
        "median_ns": 6683.666666666667,
        "min_ns": 723.0,
        "max_ns": 6683.666666666667,
        "variance_ns2": 17764773.555555556,
        "iqr_ns": 5960.666666666667,
        "q1_ns": 723.0,
        "q3_ns": 6683.666666666667
      },
      "first_seen_ts_ns": 1750135234059902644,
      "last_seen_ts_ns": 1750135273767001795,
      "duration_active_s": 39.707099151
    },
    {
      "tgid": 44,
      "comm": "bash",
      "cgroup_id": 37293,
      "on_cpu_stats_ns": {
        "count": 17.0,
        "sum_ns": 153715.0,
        "mean_ns": 9042.058823529413,
        "median_ns": 8417.300805555555,
        "min_ns": 4477.0,
        "max_ns": 17348.0,
        "variance_ns2": 12126058.933823531,
        "iqr_ns": 5207.2696420561815,
        "q1_ns": 6022.174846060051,
        "q3_ns": 11229.444488116233
      },
      "runq_latency_stats_ns": {
        "count": 17.0,
        "sum_ns": 164221.0,
        "mean_ns": 9660.058823529413,
        "median_ns": 11932.360823045268,
        "min_ns": 1791.0,
        "max_ns": 22355.0,
        "variance_ns2": 31170095.80882353,
        "iqr_ns": 3791.4414422812642,
        "q1_ns": 8059.813232409126,
        "q3_ns": 11851.25467469039
      },
      "first_seen_ts_ns": 1750135216459894634,
      "last_seen_ts_ns": 1750135272447402753,
      "duration_active_s": 55.987508119
    }
  ]
}
[04:41:13] Cleanup complete. Exiting.
