unlimited
PROGRAM: cpu
Looking for /opt/programs/cpu/ebpf-collect.c
[14:34:38] Waiting for start indicator file: '/mnt/flux/start_ebpf_collection'.
[14:34:44] Start indicator found. Proceeding with monitoring.
[14:34:44] Initializing eBPF for CPU Scheduling monitoring...
[14:34:45] BPF C code compiled and loaded.
[14:34:45] Attached tracepoints.
[14:34:45] Monitoring CPU scheduling events (polling aggregated map)... Press Ctrl+C to stop.
[14:35:37] Stop indicator file '/mnt/flux/stop_ebpf_collection' found. Stopping.
[14:35:37] Initiating cleanup sequence...
{
  "final_aggregated_summary_river": [
    {
      "tgid": 1,
      "comm": "pause",
      "cgroup_id": 52617,
      "on_cpu_stats_ns": {
        "count": 2.0,
        "sum_ns": 743111.6825396826,
        "mean_ns": 371555.8412698413,
        "median_ns": 474730.5714285714,
        "min_ns": 268381.1111111111,
        "max_ns": 474730.5714285714,
        "variance_ns2": 21290049886.653553,
        "iqr_ns": 206349.4603174603,
        "q1_ns": 268381.1111111111,
        "q3_ns": 474730.5714285714
      },
      "runq_latency_stats_ns": {
        "count": 2.0,
        "sum_ns": 10792.222222222223,
        "mean_ns": 5396.111111111111,
        "median_ns": 7953.222222222223,
        "min_ns": 2839.0,
        "max_ns": 7953.222222222223,
        "variance_ns2": 13077634.469135804,
        "iqr_ns": 5114.222222222223,
        "q1_ns": 2839.0,
        "q3_ns": 7953.222222222223
      },
      "first_seen_ts_ns": 1749998117723454682,
      "last_seen_ts_ns": 1749998137841510821,
      "duration_active_s": 20.118056139
    },
    {
      "tgid": 250,
      "comm": "xhpcg",
      "cgroup_id": 53037,
      "on_cpu_stats_ns": {
        "count": 1.0,
        "sum_ns": 7624.875,
        "mean_ns": 7624.875,
        "median_ns": 7624.875,
        "min_ns": 7624.875,
        "max_ns": 7624.875,
        "variance_ns2": null,
        "iqr_ns": 0.0,
        "q1_ns": 7624.875,
        "q3_ns": 7624.875
      },
      "runq_latency_stats_ns": {
        "count": 1.0,
        "sum_ns": 7094.1875,
        "mean_ns": 7094.1875,
        "median_ns": 7094.1875,
        "min_ns": 7094.1875,
        "max_ns": 7094.1875,
        "variance_ns2": null,
        "iqr_ns": 0.0,
        "q1_ns": 7094.1875,
        "q3_ns": 7094.1875
      },
      "first_seen_ts_ns": 1749998115843459468,
      "last_seen_ts_ns": 1749998115843459468,
      "duration_active_s": 0
    }
  ]
}
[14:35:37] Cleanup complete. Exiting.
