unlimited
PROGRAM: cpu
Looking for /opt/programs/cpu/ebpf-collect.c
[15:27:47] Waiting for start indicator file: '/mnt/flux/start_ebpf_collection'.
[15:27:53] Start indicator found. Proceeding with monitoring.
[15:27:53] Initializing eBPF for CPU Scheduling monitoring...
[15:27:53] BPF C code compiled and loaded.
[15:27:53] Attached tracepoints.
[15:27:53] Monitoring CPU scheduling events (polling aggregated map)... Press Ctrl+C to stop.
[15:28:58] Stop indicator file '/mnt/flux/stop_ebpf_collection' found. Stopping.
[15:28:58] Initiating cleanup sequence...
{
  "final_aggregated_summary_river": [
    {
      "tgid": 1,
      "comm": "pause",
      "cgroup_id": 77143,
      "on_cpu_stats_ns": {
        "count": 2.0,
        "sum_ns": 784946.6507936509,
        "mean_ns": 392473.32539682544,
        "median_ns": 516409.4285714286,
        "min_ns": 268537.22222222225,
        "max_ns": 516409.4285714286,
        "variance_ns2": 30720315340.211754,
        "iqr_ns": 247872.20634920633,
        "q1_ns": 268537.22222222225,
        "q3_ns": 516409.4285714286
      },
      "runq_latency_stats_ns": {
        "count": 2.0,
        "sum_ns": 5349.206349206349,
        "mean_ns": 2674.6031746031745,
        "median_ns": 4059.777777777778,
        "min_ns": 1289.4285714285713,
        "max_ns": 4059.777777777778,
        "variance_ns2": 3837417.362559839,
        "iqr_ns": 2770.3492063492067,
        "q1_ns": 1289.4285714285713,
        "q3_ns": 4059.777777777778
      },
      "first_seen_ts_ns": 1750001298093448792,
      "last_seen_ts_ns": 1750001338427890962,
      "duration_active_s": 40.33444217
    },
    {
      "tgid": 44,
      "comm": "bash",
      "cgroup_id": 77395,
      "on_cpu_stats_ns": {
        "count": 23.0,
        "sum_ns": 270929.6666666666,
        "mean_ns": 11779.55072463768,
        "median_ns": 11678.022939198601,
        "min_ns": 5579.0,
        "max_ns": 18929.0,
        "variance_ns2": 11029072.006148439,
        "iqr_ns": 4899.004221479539,
        "q1_ns": 9737.660661112615,
        "q3_ns": 14636.664882592155
      },
      "runq_latency_stats_ns": {
        "count": 23.0,
        "sum_ns": 284411.6666666666,
        "mean_ns": 12365.724637681158,
        "median_ns": 14758.811846064815,
        "min_ns": 1649.0,
        "max_ns": 22818.0,
        "variance_ns2": 56791812.41062803,
        "iqr_ns": 14729.508289241625,
        "q1_ns": 3005.833333333333,
        "q3_ns": 17735.341622574957
      },
      "first_seen_ts_ns": 1750001274047393480,
      "last_seen_ts_ns": 1750001335491335661,
      "duration_active_s": 61.443942181
    },
    {
      "tgid": 250,
      "comm": "xhpcg",
      "cgroup_id": 77479,
      "on_cpu_stats_ns": {
        "count": 2.0,
        "sum_ns": 38036.05,
        "mean_ns": 19018.025,
        "median_ns": 23310.3,
        "min_ns": 14725.75,
        "max_ns": 23310.3,
        "variance_ns2": 36847249.35125001,
        "iqr_ns": 8584.55,
        "q1_ns": 14725.75,
        "q3_ns": 23310.3
      },
      "runq_latency_stats_ns": {
        "count": 2.0,
        "sum_ns": 18853.25,
        "mean_ns": 9426.625,
        "median_ns": 9940.5,
        "min_ns": 8912.75,
        "max_ns": 9940.5,
        "variance_ns2": 528135.03125,
        "iqr_ns": 1027.75,
        "q1_ns": 8912.75,
        "q3_ns": 9940.5
      },
      "first_seen_ts_ns": 1750001323794663476,
      "last_seen_ts_ns": 1750001323901773915,
      "duration_active_s": 0.107110439
    }
  ]
}
[15:28:58] Cleanup complete. Exiting.
