unlimited
PROGRAM: cpu
Looking for /opt/programs/cpu/ebpf-collect.c
[14:54:38] Waiting for start indicator file: '/mnt/flux/start_ebpf_collection'.
[14:54:44] Start indicator found. Proceeding with monitoring.
[14:54:44] Initializing eBPF for CPU Scheduling monitoring...
[14:54:44] BPF C code compiled and loaded.
[14:54:44] Attached tracepoints.
[14:54:44] Monitoring CPU scheduling events (polling aggregated map)... Press Ctrl+C to stop.
[14:55:59] Stop indicator file '/mnt/flux/stop_ebpf_collection' found. Stopping.
[14:55:59] Initiating cleanup sequence...
{
  "final_aggregated_summary_river": [
    {
      "tgid": 40,
      "comm": "bash",
      "cgroup_id": 62100,
      "on_cpu_stats_ns": {
        "count": 49.0,
        "sum_ns": 13787985.083333332,
        "mean_ns": 281387.4506802721,
        "median_ns": 48034.41232479692,
        "min_ns": 6080.0,
        "max_ns": 7295448.5,
        "variance_ns2": 1083364347055.8878,
        "iqr_ns": 62009.21723617034,
        "q1_ns": 26080.156289413382,
        "q3_ns": 88089.37352558372
      },
      "runq_latency_stats_ns": {
        "count": 51.0,
        "sum_ns": 1201414.8333333337,
        "mean_ns": 23557.153594771247,
        "median_ns": 10377.99141894284,
        "min_ns": 1198.0,
        "max_ns": 192917.66666666666,
        "variance_ns2": 1287548955.4095476,
        "iqr_ns": 18467.26665720767,
        "q1_ns": 5422.270373370486,
        "q3_ns": 23889.537030578154
      },
      "first_seen_ts_ns": 1749999287455849562,
      "last_seen_ts_ns": 1749999359654927835,
      "duration_active_s": 72.199078273
    },
    {
      "tgid": 1,
      "comm": "pause",
      "cgroup_id": 61764,
      "on_cpu_stats_ns": {
        "count": 2.0,
        "sum_ns": 744697.8888888889,
        "mean_ns": 372348.94444444444,
        "median_ns": 488033.0,
        "min_ns": 256664.88888888888,
        "max_ns": 488033.0,
        "variance_ns2": 26765601419.561733,
        "iqr_ns": 231368.11111111112,
        "q1_ns": 256664.88888888888,
        "q3_ns": 488033.0
      },
      "runq_latency_stats_ns": {
        "count": 2.0,
        "sum_ns": 12298.20634920635,
        "mean_ns": 6149.103174603175,
        "median_ns": 9135.777777777777,
        "min_ns": 3162.4285714285716,
        "max_ns": 9135.777777777777,
        "variance_ns2": 17840450.370496348,
        "iqr_ns": 5973.349206349206,
        "q1_ns": 3162.4285714285716,
        "q3_ns": 9135.777777777777
      },
      "first_seen_ts_ns": 1749999317818539618,
      "last_seen_ts_ns": 1749999359654927835,
      "duration_active_s": 41.836388217
    },
    {
      "tgid": 57,
      "comm": "bash",
      "cgroup_id": 62184,
      "on_cpu_stats_ns": {
        "count": 1.0,
        "sum_ns": 107698.0,
        "mean_ns": 107698.0,
        "median_ns": 107698.0,
        "min_ns": 107698.0,
        "max_ns": 107698.0,
        "variance_ns2": null,
        "iqr_ns": 0.0,
        "q1_ns": 107698.0,
        "q3_ns": 107698.0
      },
      "runq_latency_stats_ns": {
        "count": 1.0,
        "sum_ns": 5851.0,
        "mean_ns": 5851.0,
        "median_ns": 5851.0,
        "min_ns": 5851.0,
        "max_ns": 5851.0,
        "variance_ns2": null,
        "iqr_ns": 0.0,
        "q1_ns": 5851.0,
        "q3_ns": 5851.0
      },
      "first_seen_ts_ns": 1749999286637555890,
      "last_seen_ts_ns": 1749999286637555890,
      "duration_active_s": 0
    }
  ]
}
[14:55:59] Cleanup complete. Exiting.
