unlimited
PROGRAM: cpu
Looking for /opt/programs/cpu/ebpf-collect.c
[02:04:59] Waiting for start indicator file: '/mnt/flux/start_ebpf_collection'.
[02:05:00] Start indicator found. Proceeding with monitoring.
[02:05:00] Initializing eBPF for CPU Scheduling monitoring...
[02:05:01] BPF C code compiled and loaded.
[02:05:01] Attached tracepoints.
[02:05:01] Monitoring CPU scheduling events (polling aggregated map)... Press Ctrl+C to stop.
[02:06:11] Stop indicator file '/mnt/flux/stop_ebpf_collection' found. Stopping.
[02:06:11] Initiating cleanup sequence...
{
  "final_aggregated_summary_river": [
    {
      "tgid": 31,
      "comm": "bash",
      "cgroup_id": 28029,
      "on_cpu_stats_ns": {
        "count": 29.0,
        "sum_ns": 1612166.9999999998,
        "mean_ns": 55591.96551724137,
        "median_ns": 20840.431653451342,
        "min_ns": 4552.0,
        "max_ns": 273483.0,
        "variance_ns2": 5103229834.463053,
        "iqr_ns": 52819.8874292929,
        "q1_ns": 11528.489769781147,
        "q3_ns": 64348.37719907405
      },
      "runq_latency_stats_ns": {
        "count": 29.0,
        "sum_ns": 297626.49999999994,
        "mean_ns": 10262.982758620688,
        "median_ns": 3080.6931884171418,
        "min_ns": 974.0,
        "max_ns": 106638.0,
        "variance_ns2": 418889404.79433495,
        "iqr_ns": 7597.694239299111,
        "q1_ns": 1964.663314269452,
        "q3_ns": 9562.357553568563
      },
      "first_seen_ts_ns": 1749780301718501496,
      "last_seen_ts_ns": 1749780371220529436,
      "duration_active_s": 69.50202794
    },
    {
      "tgid": 1,
      "comm": "pause",
      "cgroup_id": 27819,
      "on_cpu_stats_ns": {
        "count": 2.0,
        "sum_ns": 471914.22222222225,
        "mean_ns": 235957.11111111112,
        "median_ns": 259560.22222222222,
        "min_ns": 212354.0,
        "max_ns": 259560.22222222222,
        "variance_ns2": 1114213708.2469141,
        "iqr_ns": 47206.22222222222,
        "q1_ns": 212354.0,
        "q3_ns": 259560.22222222222
      },
      "runq_latency_stats_ns": {
        "count": 2.0,
        "sum_ns": 15165.444444444445,
        "mean_ns": 7582.722222222223,
        "median_ns": 9098.444444444445,
        "min_ns": 6067.0,
        "max_ns": 9098.444444444445,
        "variance_ns2": 4594827.709876546,
        "iqr_ns": 3031.4444444444453,
        "q1_ns": 6067.0,
        "q3_ns": 9098.444444444445
      },
      "first_seen_ts_ns": 1749780333269565455,
      "last_seen_ts_ns": 1749780371220529436,
      "duration_active_s": 37.950963981
    },
    {
      "tgid": 65,
      "comm": "bash",
      "cgroup_id": 28169,
      "on_cpu_stats_ns": {
        "count": 26.0,
        "sum_ns": 258442.12499999994,
        "mean_ns": 9940.081730769229,
        "median_ns": 8475.949848422619,
        "min_ns": 3581.0,
        "max_ns": 24435.0,
        "variance_ns2": 19599274.116177883,
        "iqr_ns": 3818.8357547424184,
        "q1_ns": 7626.869234969516,
        "q3_ns": 11445.704989711934
      },
      "runq_latency_stats_ns": {
        "count": 26.0,
        "sum_ns": 163562.0,
        "mean_ns": 6290.846153846154,
        "median_ns": 5700.927000933273,
        "min_ns": 1600.25,
        "max_ns": 10567.0,
        "variance_ns2": 8999580.620384611,
        "iqr_ns": 5451.6021297272,
        "q1_ns": 3556.2186740542165,
        "q3_ns": 9007.820803781417
      },
      "first_seen_ts_ns": 1749780301306462295,
      "last_seen_ts_ns": 1749780367381084800,
      "duration_active_s": 66.074622505
    }
  ]
}
[02:06:11] Cleanup complete. Exiting.
