unlimited
PROGRAM: cpu
Looking for /opt/programs/cpu/ebpf-collect.c
[02:45:29] Waiting for start indicator file: '/mnt/flux/start_ebpf_collection'.
[02:45:30] Start indicator found. Proceeding with monitoring.
[02:45:30] Initializing eBPF for CPU Scheduling monitoring...
[02:45:31] BPF C code compiled and loaded.
[02:45:31] Attached tracepoints.
[02:45:31] Monitoring CPU scheduling events (polling aggregated map)... Press Ctrl+C to stop.
[02:46:42] Stop indicator file '/mnt/flux/stop_ebpf_collection' found. Stopping.
[02:46:42] Initiating cleanup sequence...
{
  "final_aggregated_summary_river": [
    {
      "tgid": 31,
      "comm": "bash",
      "cgroup_id": 43969,
      "on_cpu_stats_ns": {
        "count": 33.0,
        "sum_ns": 2267682.1666666665,
        "mean_ns": 68717.64141414141,
        "median_ns": 20951.36483142464,
        "min_ns": 4673.0,
        "max_ns": 470729.0,
        "variance_ns2": 11369941961.170351,
        "iqr_ns": 26416.67007776874,
        "q1_ns": 10909.471152939524,
        "q3_ns": 37326.141230708265
      },
      "runq_latency_stats_ns": {
        "count": 33.0,
        "sum_ns": 6801978.166666669,
        "mean_ns": 206120.55050505057,
        "median_ns": 16035.794660606123,
        "min_ns": 1103.0,
        "max_ns": 4199902.0,
        "variance_ns2": 664854787482.3861,
        "iqr_ns": 56310.34747622159,
        "q1_ns": 5486.257990159869,
        "q3_ns": 61796.60546638146
      },
      "first_seen_ts_ns": 1749782731289927983,
      "last_seen_ts_ns": 1749782801664229064,
      "duration_active_s": 70.374301081
    },
    {
      "tgid": 1,
      "comm": "pause",
      "cgroup_id": 43829,
      "on_cpu_stats_ns": {
        "count": 3.0,
        "sum_ns": 733525.3333333333,
        "mean_ns": 244508.44444444444,
        "median_ns": 252989.44444444444,
        "min_ns": 209850.0,
        "max_ns": 270685.8888888889,
        "variance_ns2": 979196864.9753083,
        "iqr_ns": 60835.888888888876,
        "q1_ns": 209850.0,
        "q3_ns": 270685.8888888889
      },
      "runq_latency_stats_ns": {
        "count": 3.0,
        "sum_ns": 20194.11111111111,
        "mean_ns": 6731.37037037037,
        "median_ns": 6821.777777777777,
        "min_ns": 5136.0,
        "max_ns": 8236.333333333334,
        "variance_ns2": 2409146.818930042,
        "iqr_ns": 3100.333333333334,
        "q1_ns": 5136.0,
        "q3_ns": 8236.333333333334
      },
      "first_seen_ts_ns": 1749782733698637309,
      "last_seen_ts_ns": 1749782802681932886,
      "duration_active_s": 68.983295577
    },
    {
      "tgid": 65,
      "comm": "bash",
      "cgroup_id": 44109,
      "on_cpu_stats_ns": {
        "count": 21.0,
        "sum_ns": 193598.0535714286,
        "mean_ns": 9218.95493197279,
        "median_ns": 8290.655804732407,
        "min_ns": 5329.0,
        "max_ns": 16387.0,
        "variance_ns2": 9541922.355153669,
        "iqr_ns": 3157.8220570575695,
        "q1_ns": 7380.656555875698,
        "q3_ns": 10538.478612933268
      },
      "runq_latency_stats_ns": {
        "count": 21.0,
        "sum_ns": 125486.82341269839,
        "mean_ns": 5975.563019652304,
        "median_ns": 5473.20852786483,
        "min_ns": 1560.142857142857,
        "max_ns": 9809.0,
        "variance_ns2": 8916769.812964499,
        "iqr_ns": 5483.331854565007,
        "q1_ns": 3298.515480757733,
        "q3_ns": 8781.84733532274
      },
      "first_seen_ts_ns": 1749782731289927983,
      "last_seen_ts_ns": 1749782799341967643,
      "duration_active_s": 68.05203966
    }
  ]
}
[02:46:42] Cleanup complete. Exiting.
