unlimited
PROGRAM: cpu
Looking for /opt/programs/cpu/ebpf-collect.c
[14:28:25] Waiting for start indicator file: '/mnt/flux/start_ebpf_collection'.
[14:28:32] Start indicator found. Proceeding with monitoring.
[14:28:32] Initializing eBPF for CPU Scheduling monitoring...
[14:28:33] BPF C code compiled and loaded.
[14:28:33] Attached tracepoints.
[14:28:33] Monitoring CPU scheduling events (polling aggregated map)... Press Ctrl+C to stop.
[14:29:39] Stop indicator file '/mnt/flux/stop_ebpf_collection' found. Stopping.
[14:29:39] Initiating cleanup sequence...
{
  "final_aggregated_summary_river": [
    {
      "tgid": 40,
      "comm": "bash",
      "cgroup_id": 49909,
      "on_cpu_stats_ns": {
        "count": 83.0,
        "sum_ns": 8484515.550000004,
        "mean_ns": 102223.0789156627,
        "median_ns": 40798.59431344927,
        "min_ns": 5539.0,
        "max_ns": 671256.0,
        "variance_ns2": 24236250839.80582,
        "iqr_ns": 71618.63981703854,
        "q1_ns": 15250.722533471442,
        "q3_ns": 86869.36235050998
      },
      "runq_latency_stats_ns": {
        "count": 83.0,
        "sum_ns": 3104141.6500000013,
        "mean_ns": 37399.29698795182,
        "median_ns": 7410.204651885413,
        "min_ns": 1091.0,
        "max_ns": 1053024.0,
        "variance_ns2": 18756934309.94718,
        "iqr_ns": 16012.082467444465,
        "q1_ns": 5208.025845264308,
        "q3_ns": 21220.108312708773
      },
      "first_seen_ts_ns": 1749997713225990184,
      "last_seen_ts_ns": 1749997779861090632,
      "duration_active_s": 66.635100448
    },
    {
      "tgid": 1,
      "comm": "pause",
      "cgroup_id": 49573,
      "on_cpu_stats_ns": {
        "count": 2.0,
        "sum_ns": 1008979.1111111111,
        "mean_ns": 504489.55555555556,
        "median_ns": 767180.0,
        "min_ns": 241799.11111111112,
        "max_ns": 767180.0,
        "variance_ns2": 138012539204.8395,
        "iqr_ns": 525380.8888888889,
        "q1_ns": 241799.11111111112,
        "q3_ns": 767180.0
      },
      "runq_latency_stats_ns": {
        "count": 2.0,
        "sum_ns": 6185.444444444444,
        "mean_ns": 3092.722222222222,
        "median_ns": 4938.444444444444,
        "min_ns": 1247.0,
        "max_ns": 4938.444444444444,
        "variance_ns2": 6813381.043209876,
        "iqr_ns": 3691.4444444444443,
        "q1_ns": 1247.0,
        "q3_ns": 4938.444444444444
      },
      "first_seen_ts_ns": 1749997757723496180,
      "last_seen_ts_ns": 1749997779861090632,
      "duration_active_s": 22.137594452
    },
    {
      "tgid": 250,
      "comm": "xhpcg",
      "cgroup_id": 49993,
      "on_cpu_stats_ns": {
        "count": 1.0,
        "sum_ns": 13878.75,
        "mean_ns": 13878.75,
        "median_ns": 13878.75,
        "min_ns": 13878.75,
        "max_ns": 13878.75,
        "variance_ns2": null,
        "iqr_ns": 0.0,
        "q1_ns": 13878.75,
        "q3_ns": 13878.75
      },
      "runq_latency_stats_ns": {
        "count": 1.0,
        "sum_ns": 10923.0,
        "mean_ns": 10923.0,
        "median_ns": 10923.0,
        "min_ns": 10923.0,
        "max_ns": 10923.0,
        "variance_ns2": null,
        "iqr_ns": 0.0,
        "q1_ns": 10923.0,
        "q3_ns": 10923.0
      },
      "first_seen_ts_ns": 1749997769003490554,
      "last_seen_ts_ns": 1749997769003490554,
      "duration_active_s": 0
    }
  ]
}
[14:29:39] Cleanup complete. Exiting.
