unlimited
PROGRAM: cpu
Looking for /opt/programs/cpu/ebpf-collect.c
[05:20:55] Waiting for start indicator file: '/mnt/flux/start_ebpf_collection'.
[05:21:01] Start indicator found. Proceeding with monitoring.
[05:21:01] Initializing eBPF for CPU Scheduling monitoring...
[05:21:01] BPF C code compiled and loaded.
[05:21:01] Attached tracepoints.
[05:21:01] Monitoring CPU scheduling events (polling aggregated map)... Press Ctrl+C to stop.
[05:21:56] Stop indicator file '/mnt/flux/stop_ebpf_collection' found. Stopping.
[05:21:56] Initiating cleanup sequence...
{
  "final_aggregated_summary_river": [
    {
      "tgid": 40,
      "comm": "bash",
      "cgroup_id": 56391,
      "on_cpu_stats_ns": {
        "count": 62.0,
        "sum_ns": 3050751.949999999,
        "mean_ns": 49205.676612903204,
        "median_ns": 16346.775192232994,
        "min_ns": 4198.0,
        "max_ns": 716482.5,
        "variance_ns2": 11625075868.60462,
        "iqr_ns": 41670.36470636747,
        "q1_ns": 8558.914692363654,
        "q3_ns": 50229.27939873113
      },
      "runq_latency_stats_ns": {
        "count": 63.0,
        "sum_ns": 10723407.950000007,
        "mean_ns": 170212.8246031747,
        "median_ns": 3605.3506975879054,
        "min_ns": 1040.5,
        "max_ns": 10146229.0,
        "variance_ns2": 1631226562162.0078,
        "iqr_ns": 4270.0835733404765,
        "q1_ns": 2795.71053114641,
        "q3_ns": 7065.794104486887
      },
      "first_seen_ts_ns": 1750137662319893029,
      "last_seen_ts_ns": 1750137716604666076,
      "duration_active_s": 54.284773047
    },
    {
      "tgid": 111,
      "comm": "ZMQbg/Reaper",
      "cgroup_id": 56475,
      "on_cpu_stats_ns": {
        "count": 88.0,
        "sum_ns": 628572.1879381642,
        "mean_ns": 7142.865772024594,
        "median_ns": 7300.086752833335,
        "min_ns": 2856.0666666666666,
        "max_ns": 18432.0,
        "variance_ns2": 7257750.293029688,
        "iqr_ns": 3995.6790724462307,
        "q1_ns": 5096.1310659953715,
        "q3_ns": 9091.810138441602
      },
      "runq_latency_stats_ns": {
        "count": 88.0,
        "sum_ns": 371023.43255778926,
        "mean_ns": 4216.175369974878,
        "median_ns": 4404.482022056841,
        "min_ns": 538.75,
        "max_ns": 26335.391304347828,
        "variance_ns2": 9283279.655744966,
        "iqr_ns": 3413.1698025919363,
        "q1_ns": 2329.9872639539212,
        "q3_ns": 5743.157066545858
      },
      "first_seen_ts_ns": 1750137663969884522,
      "last_seen_ts_ns": 1750137679647855039,
      "duration_active_s": 15.677970517
    },
    {
      "tgid": 1,
      "comm": "pause",
      "cgroup_id": 56055,
      "on_cpu_stats_ns": {
        "count": 1.0,
        "sum_ns": 245460.0,
        "mean_ns": 245460.0,
        "median_ns": 245460.0,
        "min_ns": 245460.0,
        "max_ns": 245460.0,
        "variance_ns2": null,
        "iqr_ns": 0.0,
        "q1_ns": 245460.0,
        "q3_ns": 245460.0
      },
      "runq_latency_stats_ns": {
        "count": 1.0,
        "sum_ns": 7039.888888888889,
        "mean_ns": 7039.888888888889,
        "median_ns": 7039.888888888889,
        "min_ns": 7039.888888888889,
        "max_ns": 7039.888888888889,
        "variance_ns2": null,
        "iqr_ns": 0.0,
        "q1_ns": 7039.888888888889,
        "q3_ns": 7039.888888888889
      },
      "first_seen_ts_ns": 1750137694279902351,
      "last_seen_ts_ns": 1750137694279902351,
      "duration_active_s": 0
    }
  ]
}
[05:21:56] Cleanup complete. Exiting.
