unlimited
PROGRAM: cpu
Looking for /opt/programs/cpu/ebpf-collect.c
[03:41:42] Waiting for start indicator file: '/mnt/flux/start_ebpf_collection'.
[03:41:43] Start indicator found. Proceeding with monitoring.
[03:41:43] Initializing eBPF for CPU Scheduling monitoring...
[03:41:44] BPF C code compiled and loaded.
[03:41:44] Attached tracepoints.
[03:41:44] Monitoring CPU scheduling events (polling aggregated map)... Press Ctrl+C to stop.
[03:42:49] Stop indicator file '/mnt/flux/stop_ebpf_collection' found. Stopping.
[03:42:49] Initiating cleanup sequence...
{
  "final_aggregated_summary_river": [
    {
      "tgid": 31,
      "comm": "bash",
      "cgroup_id": 65774,
      "on_cpu_stats_ns": {
        "count": 47.0,
        "sum_ns": 3893530.1666666656,
        "mean_ns": 82841.0673758865,
        "median_ns": 14778.206735938855,
        "min_ns": 5626.0,
        "max_ns": 735351.0,
        "variance_ns2": 18099849276.148136,
        "iqr_ns": 85248.12939104122,
        "q1_ns": 7667.276066111683,
        "q3_ns": 92915.4054571529
      },
      "runq_latency_stats_ns": {
        "count": 47.0,
        "sum_ns": 411140.1666666666,
        "mean_ns": 8747.663120567375,
        "median_ns": 4838.080416174958,
        "min_ns": 1128.0,
        "max_ns": 91278.0,
        "variance_ns2": 179680431.9100113,
        "iqr_ns": 7292.0840532131215,
        "q1_ns": 2806.7021867512203,
        "q3_ns": 10098.786239964342
      },
      "first_seen_ts_ns": 1749786104148031560,
      "last_seen_ts_ns": 1749786164383588691,
      "duration_active_s": 60.235557131
    },
    {
      "tgid": 1,
      "comm": "pause",
      "cgroup_id": 65564,
      "on_cpu_stats_ns": {
        "count": 2.0,
        "sum_ns": 458769.1111111111,
        "mean_ns": 229384.55555555556,
        "median_ns": 261053.11111111112,
        "min_ns": 197716.0,
        "max_ns": 261053.11111111112,
        "variance_ns2": 2005794821.950618,
        "iqr_ns": 63337.111111111124,
        "q1_ns": 197716.0,
        "q3_ns": 261053.11111111112
      },
      "runq_latency_stats_ns": {
        "count": 2.0,
        "sum_ns": 9489.888888888889,
        "mean_ns": 4744.944444444444,
        "median_ns": 8077.888888888889,
        "min_ns": 1412.0,
        "max_ns": 8077.888888888889,
        "variance_ns2": 22217037.33950617,
        "iqr_ns": 6665.888888888889,
        "q1_ns": 1412.0,
        "q3_ns": 8077.888888888889
      },
      "first_seen_ts_ns": 1749786153879927083,
      "last_seen_ts_ns": 1749786169739436435,
      "duration_active_s": 15.859509352
    },
    {
      "tgid": 65,
      "comm": "bash",
      "cgroup_id": 65914,
      "on_cpu_stats_ns": {
        "count": 24.0,
        "sum_ns": 246707.68055555556,
        "mean_ns": 10279.486689814816,
        "median_ns": 10026.557052975744,
        "min_ns": 4298.0,
        "max_ns": 20929.0,
        "variance_ns2": 12623341.833358143,
        "iqr_ns": 2249.129709875602,
        "q1_ns": 8382.380210537918,
        "q3_ns": 10631.50992041352
      },
      "runq_latency_stats_ns": {
        "count": 24.0,
        "sum_ns": 194537.24999999997,
        "mean_ns": 8105.718749999999,
        "median_ns": 10246.257481060606,
        "min_ns": 1691.0,
        "max_ns": 16091.0,
        "variance_ns2": 21359173.815557063,
        "iqr_ns": 8174.471966043477,
        "q1_ns": 3366.307746651786,
        "q3_ns": 11540.779712695263
      },
      "first_seen_ts_ns": 1749786104257210474,
      "last_seen_ts_ns": 1749786167310432189,
      "duration_active_s": 63.053221715
    }
  ]
}
[03:42:49] Cleanup complete. Exiting.
