unlimited
PROGRAM: cpu
Looking for /opt/programs/cpu/ebpf-collect.c
[06:46:00] Waiting for start indicator file: '/mnt/flux/start_ebpf_collection'.
[06:46:06] Start indicator found. Proceeding with monitoring.
[06:46:06] Initializing eBPF for CPU Scheduling monitoring...
[06:46:06] BPF C code compiled and loaded.
[06:46:06] Attached tracepoints.
[06:46:06] Monitoring CPU scheduling events (polling aggregated map)... Press Ctrl+C to stop.
[06:47:13] Stop indicator file '/mnt/flux/stop_ebpf_collection' found. Stopping.
[06:47:13] Initiating cleanup sequence...
{
  "final_aggregated_summary_river": [
    {
      "tgid": 31,
      "comm": "bash",
      "cgroup_id": 72560,
      "on_cpu_stats_ns": {
        "count": 83.0,
        "sum_ns": 5697588.333333335,
        "mean_ns": 68645.64257028114,
        "median_ns": 42069.09976239965,
        "min_ns": 6212.0,
        "max_ns": 633766.0,
        "variance_ns2": 8326870331.696565,
        "iqr_ns": 103264.62518552614,
        "q1_ns": 19309.324932637915,
        "q3_ns": 122573.95011816405
      },
      "runq_latency_stats_ns": {
        "count": 83.0,
        "sum_ns": 6106980.000000005,
        "mean_ns": 73578.07228915668,
        "median_ns": 6570.263777450315,
        "min_ns": 1147.0,
        "max_ns": 3413199.0,
        "variance_ns2": 165425239967.807,
        "iqr_ns": 13832.330566591623,
        "q1_ns": 3941.694781117381,
        "q3_ns": 17774.025347709005
      },
      "first_seen_ts_ns": 1749624367193723290,
      "last_seen_ts_ns": 1749624433935586290,
      "duration_active_s": 66.741863
    },
    {
      "tgid": 225,
      "comm": "xhpcg",
      "cgroup_id": 72700,
      "on_cpu_stats_ns": {
        "count": 116.0,
        "sum_ns": 1245079.3424600943,
        "mean_ns": 10733.442607414605,
        "median_ns": 10467.641008491311,
        "min_ns": 6297.732142857143,
        "max_ns": 18980.4,
        "variance_ns2": 5417799.457270807,
        "iqr_ns": 3157.1653555725807,
        "q1_ns": 9077.837463855896,
        "q3_ns": 12235.002819428477
      },
      "runq_latency_stats_ns": {
        "count": 116.0,
        "sum_ns": 490860.63899350975,
        "mean_ns": 4231.55723270267,
        "median_ns": 3701.9743110962763,
        "min_ns": 1515.875,
        "max_ns": 17803.133333333335,
        "variance_ns2": 4756789.076358365,
        "iqr_ns": 1929.8206165423248,
        "q1_ns": 3106.5662338827046,
        "q3_ns": 5036.3868504250295
      },
      "first_seen_ts_ns": 1749624367193723290,
      "last_seen_ts_ns": 1749624379785076351,
      "duration_active_s": 12.591353061
    },
    {
      "tgid": 1,
      "comm": "pause",
      "cgroup_id": 72350,
      "on_cpu_stats_ns": {
        "count": 2.0,
        "sum_ns": 524170.8888888889,
        "mean_ns": 262085.44444444444,
        "median_ns": 302937.8888888889,
        "min_ns": 221233.0,
        "max_ns": 302937.8888888889,
        "variance_ns2": 3337844434.172838,
        "iqr_ns": 81704.88888888888,
        "q1_ns": 221233.0,
        "q3_ns": 302937.8888888889
      },
      "runq_latency_stats_ns": {
        "count": 2.0,
        "sum_ns": 6370.555555555556,
        "mean_ns": 3185.277777777778,
        "median_ns": 5512.555555555556,
        "min_ns": 858.0,
        "max_ns": 5512.555555555556,
        "variance_ns2": 10832443.709876543,
        "iqr_ns": 4654.555555555556,
        "q1_ns": 858.0,
        "q3_ns": 5512.555555555556
      },
      "first_seen_ts_ns": 1749624402003893993,
      "last_seen_ts_ns": 1749624433935586290,
      "duration_active_s": 31.931692297
    }
  ]
}
[06:47:13] Cleanup complete. Exiting.
