unlimited
PROGRAM: cpu
Looking for /opt/programs/cpu/ebpf-collect.c
[05:55:25] Waiting for start indicator file: '/mnt/flux/start_ebpf_collection'.
[05:55:31] Start indicator found. Proceeding with monitoring.
[05:55:31] Initializing eBPF for CPU Scheduling monitoring...
[05:55:31] BPF C code compiled and loaded.
[05:55:31] Attached tracepoints.
[05:55:31] Monitoring CPU scheduling events (polling aggregated map)... Press Ctrl+C to stop.
[05:56:22] Stop indicator file '/mnt/flux/stop_ebpf_collection' found. Stopping.
[05:56:22] Initiating cleanup sequence...
{
  "final_aggregated_summary_river": [
    {
      "tgid": 1,
      "comm": "pause",
      "cgroup_id": 71275,
      "on_cpu_stats_ns": {
        "count": 2.0,
        "sum_ns": 853382.0,
        "mean_ns": 426691.0,
        "median_ns": 638507.0,
        "min_ns": 214875.0,
        "max_ns": 638507.0,
        "variance_ns2": 89732035712.0,
        "iqr_ns": 423632.0,
        "q1_ns": 214875.0,
        "q3_ns": 638507.0
      },
      "runq_latency_stats_ns": {
        "count": 2.0,
        "sum_ns": 6577.444444444444,
        "mean_ns": 3288.722222222222,
        "median_ns": 5059.444444444444,
        "min_ns": 1518.0,
        "max_ns": 5059.444444444444,
        "variance_ns2": 6270914.37654321,
        "iqr_ns": 3541.4444444444443,
        "q1_ns": 1518.0,
        "q3_ns": 5059.444444444444
      },
      "first_seen_ts_ns": 1750139734350813119,
      "last_seen_ts_ns": 1750139782904632456,
      "duration_active_s": 48.553819337
    },
    {
      "tgid": 44,
      "comm": "bash",
      "cgroup_id": 71611,
      "on_cpu_stats_ns": {
        "count": 14.0,
        "sum_ns": 119779.49999999999,
        "mean_ns": 8555.67857142857,
        "median_ns": 8006.5,
        "min_ns": 3747.0,
        "max_ns": 17564.0,
        "variance_ns2": 13464444.831043959,
        "iqr_ns": 1528.5327331961598,
        "q1_ns": 7122.777777777777,
        "q3_ns": 8651.310510973937
      },
      "runq_latency_stats_ns": {
        "count": 14.0,
        "sum_ns": 134265.5,
        "mean_ns": 9590.392857142857,
        "median_ns": 12003.783333333333,
        "min_ns": 1505.0,
        "max_ns": 13203.0,
        "variance_ns2": 17505679.853021976,
        "iqr_ns": 2278.2490526406036,
        "q1_ns": 9994.0,
        "q3_ns": 12272.249052640604
      },
      "first_seen_ts_ns": 1750139732519894844,
      "last_seen_ts_ns": 1750139780480685449,
      "duration_active_s": 47.960790605
    }
  ]
}
[05:56:22] Cleanup complete. Exiting.
