ln: failed to create symbolic link '/mnt/flux/view/lib/python': File exists
ln: failed to create symbolic link '/mnt/flux/view/lib/python3': File exists
unlimited
PROGRAM: cpu
Looking for /opt/programs/cpu/ebpf-collect.c
[00:56:10] Waiting for start indicator file: '/mnt/flux/start_ebpf_collection'.
[00:56:16] Start indicator found. Proceeding with monitoring.
[00:56:16] Initializing eBPF for CPU Scheduling monitoring...
[00:56:16] BPF C code compiled and loaded.
[00:56:16] Attached tracepoints.
[00:56:16] Monitoring CPU scheduling events (polling aggregated map)... Press Ctrl+C to stop.
[00:56:22] Stop indicator file '/mnt/flux/stop_ebpf_collection' found. Stopping.
[00:56:22] Initiating cleanup sequence...
{
  "final_aggregated_summary_river": [
    {
      "tgid": 1,
      "comm": "pause",
      "cgroup_id": 32645,
      "on_cpu_stats_ns": {
        "count": 9.0,
        "sum_ns": 13425155.454761906,
        "mean_ns": 1491683.9394179895,
        "median_ns": 1635388.75,
        "min_ns": 128611.0,
        "max_ns": 2780223.0,
        "variance_ns2": 1127623508630.6873,
        "iqr_ns": 1685351.9048611112,
        "q1_ns": 990883.8055555556,
        "q3_ns": 2676235.7104166667
      },
      "runq_latency_stats_ns": {
        "count": 9.0,
        "sum_ns": 2175337.1428571427,
        "mean_ns": 241704.12698412698,
        "median_ns": 62274.36111111112,
        "min_ns": 2330.0,
        "max_ns": 2064227.0,
        "variance_ns2": 467419151952.96655,
        "iqr_ns": 341631.2048611111,
        "q1_ns": 4310.0,
        "q3_ns": 345941.2048611111
      },
      "first_seen_ts_ns": 1749689777201830128,
      "last_seen_ts_ns": 1749689782105876084,
      "duration_active_s": 4.904045956
    },
    {
      "tgid": 30,
      "comm": "bash",
      "cgroup_id": 32855,
      "on_cpu_stats_ns": {
        "count": 10.0,
        "sum_ns": 921406.0333333334,
        "mean_ns": 92140.60333333335,
        "median_ns": 32845.444444444445,
        "min_ns": 20250.2,
        "max_ns": 614908.3333333334,
        "variance_ns2": 33901428304.25123,
        "iqr_ns": 95521.6097993827,
        "q1_ns": 21332.75,
        "q3_ns": 116854.3597993827
      },
      "runq_latency_stats_ns": {
        "count": 10.0,
        "sum_ns": 4896349.458333333,
        "mean_ns": 489634.9458333333,
        "median_ns": 43636.3,
        "min_ns": 4830.0,
        "max_ns": 2683332.0,
        "variance_ns2": 906365904439.3628,
        "iqr_ns": 132700.29166666666,
        "q1_ns": 6433.333333333334,
        "q3_ns": 139133.625
      },
      "first_seen_ts_ns": 1749689776878616690,
      "last_seen_ts_ns": 1749689780546533566,
      "duration_active_s": 3.667916876
    },
    {
      "tgid": 64,
      "comm": "bash",
      "cgroup_id": 32995,
      "on_cpu_stats_ns": {
        "count": 10.0,
        "sum_ns": 628773.0952380953,
        "mean_ns": 62877.30952380953,
        "median_ns": 60319.15343915344,
        "min_ns": 38225.166666666664,
        "max_ns": 100651.0,
        "variance_ns2": 419007100.8284201,
        "iqr_ns": 24917.50753233392,
        "q1_ns": 49750.97619047619,
        "q3_ns": 74668.48372281011
      },
      "runq_latency_stats_ns": {
        "count": 10.0,
        "sum_ns": 151621.26190476192,
        "mean_ns": 15162.126190476192,
        "median_ns": 6051.214285714286,
        "min_ns": 2310.0,
        "max_ns": 59933.833333333336,
        "variance_ns2": 358966686.0216743,
        "iqr_ns": 14977.910714285714,
        "q1_ns": 4369.535714285715,
        "q3_ns": 19347.446428571428
      },
      "first_seen_ts_ns": 1749689777201830128,
      "last_seen_ts_ns": 1749689781380726884,
      "duration_active_s": 4.178896756
    }
  ]
}
[00:56:22] Cleanup complete. Exiting.
