ln: failed to create symbolic link '/mnt/flux/view/lib/python': File exists
ln: failed to create symbolic link '/mnt/flux/view/lib/python3': File exists
unlimited
PROGRAM: cpu
Looking for /opt/programs/cpu/ebpf-collect.c
[00:55:16] Waiting for start indicator file: '/mnt/flux/start_ebpf_collection'.
[00:55:22] Start indicator found. Proceeding with monitoring.
[00:55:22] Initializing eBPF for CPU Scheduling monitoring...
[00:55:22] BPF C code compiled and loaded.
[00:55:23] Attached tracepoints.
[00:55:23] Monitoring CPU scheduling events (polling aggregated map)... Press Ctrl+C to stop.
[00:55:29] Stop indicator file '/mnt/flux/stop_ebpf_collection' found. Stopping.
[00:55:29] Initiating cleanup sequence...
{
  "final_aggregated_summary_river": [
    {
      "tgid": 1,
      "comm": "pause",
      "cgroup_id": 31844,
      "on_cpu_stats_ns": {
        "count": 7.0,
        "sum_ns": 14468771.966666665,
        "mean_ns": 2066967.4238095237,
        "median_ns": 948594.6666666666,
        "min_ns": 383643.0,
        "max_ns": 6505764.0,
        "variance_ns2": 4698521067007.679,
        "iqr_ns": 1288696.1203703706,
        "q1_ns": 817761.3722222222,
        "q3_ns": 2106457.4925925927
      },
      "runq_latency_stats_ns": {
        "count": 7.0,
        "sum_ns": 52658.125,
        "mean_ns": 7522.589285714286,
        "median_ns": 3542.2222222222226,
        "min_ns": 2077.625,
        "max_ns": 31380.5,
        "variance_ns2": 111421624.64145172,
        "iqr_ns": 368.88888888888914,
        "q1_ns": 3173.3333333333335,
        "q3_ns": 3542.2222222222226
      },
      "first_seen_ts_ns": 1749689723530828445,
      "last_seen_ts_ns": 1749689729078935649,
      "duration_active_s": 5.548107204
    },
    {
      "tgid": 31,
      "comm": "bash",
      "cgroup_id": 32054,
      "on_cpu_stats_ns": {
        "count": 33.0,
        "sum_ns": 4930580.666666667,
        "mean_ns": 149411.53535353535,
        "median_ns": 96504.99707466655,
        "min_ns": 17720.0,
        "max_ns": 691372.6666666666,
        "variance_ns2": 26823440546.131523,
        "iqr_ns": 110622.83221772104,
        "q1_ns": 48998.6115883923,
        "q3_ns": 159621.44380611333
      },
      "runq_latency_stats_ns": {
        "count": 33.0,
        "sum_ns": 5540480.666666667,
        "mean_ns": 167893.35353535356,
        "median_ns": 15231.090582426366,
        "min_ns": 2310.0,
        "max_ns": 2381540.0,
        "variance_ns2": 202279497736.88153,
        "iqr_ns": 109519.92214234988,
        "q1_ns": 5319.26748961254,
        "q3_ns": 114839.18963196242
      },
      "first_seen_ts_ns": 1749689723213355854,
      "last_seen_ts_ns": 1749689729078935649,
      "duration_active_s": 5.865579795
    }
  ]
}
[00:55:29] Cleanup complete. Exiting.
