unlimited
PROGRAM: cpu
Looking for /opt/programs/cpu/ebpf-collect.c
[06:11:00] Waiting for start indicator file: '/mnt/flux/start_ebpf_collection'.
[06:11:01] Start indicator found. Proceeding with monitoring.
[06:11:01] Initializing eBPF for CPU Scheduling monitoring...
[06:11:01] BPF C code compiled and loaded.
[06:11:01] Attached tracepoints.
[06:11:01] Monitoring CPU scheduling events (polling aggregated map)... Press Ctrl+C to stop.
[06:12:04] Stop indicator file '/mnt/flux/stop_ebpf_collection' found. Stopping.
[06:12:04] Initiating cleanup sequence...
{
  "final_aggregated_summary_river": [
    {
      "tgid": 31,
      "comm": "bash",
      "cgroup_id": 59845,
      "on_cpu_stats_ns": {
        "count": 75.0,
        "sum_ns": 4665497.60952381,
        "mean_ns": 62206.6347936508,
        "median_ns": 33204.33410352975,
        "min_ns": 7151.0,
        "max_ns": 436087.5,
        "variance_ns2": 4731289946.399722,
        "iqr_ns": 63620.59253198454,
        "q1_ns": 16833.651730764966,
        "q3_ns": 80454.2442627495
      },
      "runq_latency_stats_ns": {
        "count": 75.0,
        "sum_ns": 2176317.933333333,
        "mean_ns": 29017.572444444442,
        "median_ns": 7034.579489459641,
        "min_ns": 1474.0,
        "max_ns": 906125.0,
        "variance_ns2": 15550502865.368536,
        "iqr_ns": 8023.437428132584,
        "q1_ns": 3468.5754480748474,
        "q3_ns": 11492.012876207431
      },
      "first_seen_ts_ns": 1749622261821337822,
      "last_seen_ts_ns": 1749622324727709083,
      "duration_active_s": 62.906371261
    },
    {
      "tgid": 225,
      "comm": "xhpcg",
      "cgroup_id": 59985,
      "on_cpu_stats_ns": {
        "count": 119.0,
        "sum_ns": 1116336.6597405728,
        "mean_ns": 9380.980333954394,
        "median_ns": 9168.14662197886,
        "min_ns": 6168.375,
        "max_ns": 19417.076923076922,
        "variance_ns2": 3973696.2376374,
        "iqr_ns": 2473.1352012661573,
        "q1_ns": 7880.162260325678,
        "q3_ns": 10353.297461591836
      },
      "runq_latency_stats_ns": {
        "count": 119.0,
        "sum_ns": 594791.5646284106,
        "mean_ns": 4998.248442255552,
        "median_ns": 4850.831425595114,
        "min_ns": 1748.75,
        "max_ns": 15641.772727272728,
        "variance_ns2": 4519311.122913257,
        "iqr_ns": 2081.8477114897155,
        "q1_ns": 3741.438489948135,
        "q3_ns": 5823.286201437851
      },
      "first_seen_ts_ns": 1749622261609388854,
      "last_seen_ts_ns": 1749622276500728196,
      "duration_active_s": 14.891339342
    },
    {
      "tgid": 1,
      "comm": "pause",
      "cgroup_id": 59635,
      "on_cpu_stats_ns": {
        "count": 2.0,
        "sum_ns": 850098.3650793651,
        "mean_ns": 425049.18253968254,
        "median_ns": 518486.14285714284,
        "min_ns": 331612.22222222225,
        "max_ns": 518486.14285714284,
        "variance_ns2": 17460931106.7333,
        "iqr_ns": 186873.9206349206,
        "q1_ns": 331612.22222222225,
        "q3_ns": 518486.14285714284
      },
      "runq_latency_stats_ns": {
        "count": 2.0,
        "sum_ns": 10893.253968253968,
        "mean_ns": 5446.626984126984,
        "median_ns": 8627.111111111111,
        "min_ns": 2266.1428571428573,
        "max_ns": 8627.111111111111,
        "variance_ns2": 20230958.56399597,
        "iqr_ns": 6360.968253968254,
        "q1_ns": 2266.1428571428573,
        "q3_ns": 8627.111111111111
      },
      "first_seen_ts_ns": 1749622301831901773,
      "last_seen_ts_ns": 1749622324829485082,
      "duration_active_s": 22.997583309
    }
  ]
}
[06:12:04] Cleanup complete. Exiting.
