unlimited
PROGRAM: cpu
Looking for /opt/programs/cpu/ebpf-collect.c
[06:14:40] Waiting for start indicator file: '/mnt/flux/start_ebpf_collection'.
[06:14:41] Start indicator found. Proceeding with monitoring.
[06:14:41] Initializing eBPF for CPU Scheduling monitoring...
[06:14:42] BPF C code compiled and loaded.
[06:14:42] Attached tracepoints.
[06:14:42] Monitoring CPU scheduling events (polling aggregated map)... Press Ctrl+C to stop.
[06:15:50] Stop indicator file '/mnt/flux/stop_ebpf_collection' found. Stopping.
[06:15:50] Initiating cleanup sequence...
{
  "final_aggregated_summary_river": [
    {
      "tgid": 31,
      "comm": "bash",
      "cgroup_id": 61115,
      "on_cpu_stats_ns": {
        "count": 58.0,
        "sum_ns": 4131938.999999999,
        "mean_ns": 71240.32758620688,
        "median_ns": 36100.57808054789,
        "min_ns": 7841.0,
        "max_ns": 704114.5,
        "variance_ns2": 14591549438.969755,
        "iqr_ns": 49672.21084588026,
        "q1_ns": 19621.217348015467,
        "q3_ns": 69293.42819389573
      },
      "runq_latency_stats_ns": {
        "count": 58.0,
        "sum_ns": 2668589.833333333,
        "mean_ns": 46010.16954022988,
        "median_ns": 5600.786753947447,
        "min_ns": 1723.5,
        "max_ns": 706788.5,
        "variance_ns2": 21909333093.424458,
        "iqr_ns": 11974.019942167095,
        "q1_ns": 4345.792257398093,
        "q3_ns": 16319.812199565189
      },
      "first_seen_ts_ns": 1749622482444348847,
      "last_seen_ts_ns": 1749622550355463398,
      "duration_active_s": 67.911114551
    },
    {
      "tgid": 225,
      "comm": "xhpcg",
      "cgroup_id": 61255,
      "on_cpu_stats_ns": {
        "count": 115.0,
        "sum_ns": 1143947.3712839168,
        "mean_ns": 9947.368445947102,
        "median_ns": 9534.259564177832,
        "min_ns": 5139.625,
        "max_ns": 30125.666666666668,
        "variance_ns2": 9472848.262586813,
        "iqr_ns": 2876.3745507202257,
        "q1_ns": 8294.905652077094,
        "q3_ns": 11171.28020279732
      },
      "runq_latency_stats_ns": {
        "count": 115.0,
        "sum_ns": 519517.89433252293,
        "mean_ns": 4517.54690723933,
        "median_ns": 4536.468115162957,
        "min_ns": 1441.0416666666667,
        "max_ns": 12313.5,
        "variance_ns2": 2538009.0763632352,
        "iqr_ns": 1804.7239332871468,
        "q1_ns": 3448.8016528717235,
        "q3_ns": 5253.52558615887
      },
      "first_seen_ts_ns": 1749622482232910809,
      "last_seen_ts_ns": 1749622498659071644,
      "duration_active_s": 16.426160835
    },
    {
      "tgid": 1,
      "comm": "pause",
      "cgroup_id": 60905,
      "on_cpu_stats_ns": {
        "count": 2.0,
        "sum_ns": 566698.1111111111,
        "mean_ns": 283349.05555555556,
        "median_ns": 329494.1111111111,
        "min_ns": 237204.0,
        "max_ns": 329494.1111111111,
        "variance_ns2": 4258732304.4506183,
        "iqr_ns": 92290.11111111112,
        "q1_ns": 237204.0,
        "q3_ns": 329494.1111111111
      },
      "runq_latency_stats_ns": {
        "count": 2.0,
        "sum_ns": 10840.777777777777,
        "mean_ns": 5420.388888888889,
        "median_ns": 7558.777777777777,
        "min_ns": 3282.0,
        "max_ns": 7558.777777777777,
        "variance_ns2": 9145414.080246912,
        "iqr_ns": 4276.777777777777,
        "q1_ns": 3282.0,
        "q3_ns": 7558.777777777777
      },
      "first_seen_ts_ns": 1749622541831799255,
      "last_seen_ts_ns": 1749622550966439032,
      "duration_active_s": 9.134639777
    }
  ]
}
[06:15:50] Cleanup complete. Exiting.
