unlimited
PROGRAM: cpu
Looking for /opt/programs/cpu/ebpf-collect.c
[02:37:49] Waiting for start indicator file: '/mnt/flux/start_ebpf_collection'.
[02:37:55] Start indicator found. Proceeding with monitoring.
[02:37:55] Initializing eBPF for CPU Scheduling monitoring...
[02:37:56] BPF C code compiled and loaded.
[02:37:56] Attached tracepoints.
[02:37:56] Monitoring CPU scheduling events (polling aggregated map)... Press Ctrl+C to stop.
[02:39:10] Stop indicator file '/mnt/flux/stop_ebpf_collection' found. Stopping.
[02:39:10] Initiating cleanup sequence...
{
  "final_aggregated_summary_river": [
    {
      "tgid": 31,
      "comm": "bash",
      "cgroup_id": 71734,
      "on_cpu_stats_ns": {
        "count": 99.0,
        "sum_ns": 8145260.153103145,
        "mean_ns": 82275.35508184995,
        "median_ns": 61906.905921031495,
        "min_ns": 12770.0,
        "max_ns": 632895.0,
        "variance_ns2": 6884174205.524117,
        "iqr_ns": 77380.2889260985,
        "q1_ns": 30620.567885299395,
        "q3_ns": 108000.8568113979
      },
      "runq_latency_stats_ns": {
        "count": 98.0,
        "sum_ns": 11757032.881298797,
        "mean_ns": 119969.72327855915,
        "median_ns": 15832.975225933667,
        "min_ns": 2670.0,
        "max_ns": 6086351.0,
        "variance_ns2": 483366442171.0422,
        "iqr_ns": 23359.206850822986,
        "q1_ns": 6836.797286635695,
        "q3_ns": 30196.00413745868
      },
      "first_seen_ts_ns": 1749695876868134489,
      "last_seen_ts_ns": 1749695950850992949,
      "duration_active_s": 73.98285846
    },
    {
      "tgid": 226,
      "comm": "xhpcg",
      "cgroup_id": 71874,
      "on_cpu_stats_ns": {
        "count": 14.0,
        "sum_ns": 1931737.8744421126,
        "mean_ns": 137981.27674586518,
        "median_ns": 26213.12780547831,
        "min_ns": 8188.75,
        "max_ns": 1026761.48,
        "variance_ns2": 103292659744.78236,
        "iqr_ns": 127503.06089527729,
        "q1_ns": 16109.041027013396,
        "q3_ns": 143612.1019222907
      },
      "runq_latency_stats_ns": {
        "count": 14.0,
        "sum_ns": 324798.6121482182,
        "mean_ns": 23199.90086772987,
        "median_ns": 17854.121682630903,
        "min_ns": 4535.041666666667,
        "max_ns": 79653.125,
        "variance_ns2": 568612581.3174078,
        "iqr_ns": 18525.448176979953,
        "q1_ns": 10175.68062121493,
        "q3_ns": 28701.12879819488
      },
      "first_seen_ts_ns": 1749695897420316499,
      "last_seen_ts_ns": 1749695898782404589,
      "duration_active_s": 1.36208809
    },
    {
      "tgid": 1,
      "comm": "pause",
      "cgroup_id": 71524,
      "on_cpu_stats_ns": {
        "count": 2.0,
        "sum_ns": 938793.5555555555,
        "mean_ns": 469396.77777777775,
        "median_ns": 560405.0,
        "min_ns": 378388.55555555556,
        "max_ns": 560405.0,
        "variance_ns2": 16564993024.09877,
        "iqr_ns": 182016.44444444444,
        "q1_ns": 378388.55555555556,
        "q3_ns": 560405.0
      },
      "runq_latency_stats_ns": {
        "count": 2.0,
        "sum_ns": 56320.222222222226,
        "mean_ns": 28160.111111111113,
        "median_ns": 47400.0,
        "min_ns": 8920.222222222223,
        "max_ns": 47400.0,
        "variance_ns2": 740346648.9135802,
        "iqr_ns": 38479.77777777778,
        "q1_ns": 8920.222222222223,
        "q3_ns": 47400.0
      },
      "first_seen_ts_ns": 1749695897112329973,
      "last_seen_ts_ns": 1749695950850992949,
      "duration_active_s": 53.738662976
    }
  ]
}
[02:39:10] Cleanup complete. Exiting.
