unlimited
PROGRAM: cpu
Looking for /opt/programs/cpu/ebpf-collect.c
[06:35:33] Waiting for start indicator file: '/mnt/flux/start_ebpf_collection'.
[06:35:35] Start indicator found. Proceeding with monitoring.
[06:35:35] Initializing eBPF for CPU Scheduling monitoring...
[06:35:35] BPF C code compiled and loaded.
[06:35:35] Attached tracepoints.
[06:35:35] Monitoring CPU scheduling events (polling aggregated map)... Press Ctrl+C to stop.
[06:36:43] Stop indicator file '/mnt/flux/stop_ebpf_collection' found. Stopping.
[06:36:43] Initiating cleanup sequence...
{
  "final_aggregated_summary_river": [
    {
      "tgid": 225,
      "comm": "xhpcg",
      "cgroup_id": 68875,
      "on_cpu_stats_ns": {
        "count": 115.0,
        "sum_ns": 1198763.0266568735,
        "mean_ns": 10424.026318755421,
        "median_ns": 10540.06189281995,
        "min_ns": 6662.0114942528735,
        "max_ns": 18905.0,
        "variance_ns2": 5375711.081423685,
        "iqr_ns": 3254.6615497095318,
        "q1_ns": 8550.497680895689,
        "q3_ns": 11805.15923060522
      },
      "runq_latency_stats_ns": {
        "count": 115.0,
        "sum_ns": 542389.750591228,
        "mean_ns": 4716.432613836765,
        "median_ns": 4499.748421746026,
        "min_ns": 1063.157894736842,
        "max_ns": 34460.63636363636,
        "variance_ns2": 10668534.584263785,
        "iqr_ns": 1987.235392264803,
        "q1_ns": 3542.792379201265,
        "q3_ns": 5530.027771466068
      },
      "first_seen_ts_ns": 1749623735545567910,
      "last_seen_ts_ns": 1749623748916796608,
      "duration_active_s": 13.371228698
    },
    {
      "tgid": 1,
      "comm": "pause",
      "cgroup_id": 68525,
      "on_cpu_stats_ns": {
        "count": 3.0,
        "sum_ns": 853116.5299145298,
        "mean_ns": 284372.1766381766,
        "median_ns": 258656.22222222222,
        "min_ns": 241769.3076923077,
        "max_ns": 352691.0,
        "variance_ns2": 3571888189.7431784,
        "iqr_ns": 110921.69230769231,
        "q1_ns": 241769.3076923077,
        "q3_ns": 352691.0
      },
      "runq_latency_stats_ns": {
        "count": 3.0,
        "sum_ns": 18652.88888888889,
        "mean_ns": 6217.62962962963,
        "median_ns": 6926.111111111111,
        "min_ns": 1289.7777777777778,
        "max_ns": 10437.0,
        "variance_ns2": 21294378.10288066,
        "iqr_ns": 9147.222222222223,
        "q1_ns": 1289.7777777777778,
        "q3_ns": 10437.0
      },
      "first_seen_ts_ns": 1749623741973334947,
      "last_seen_ts_ns": 1749623803723660520,
      "duration_active_s": 61.750325573
    },
    {
      "tgid": 30,
      "comm": "bash",
      "cgroup_id": 68735,
      "on_cpu_stats_ns": {
        "count": 28.0,
        "sum_ns": 412631.06349206355,
        "mean_ns": 14736.823696145126,
        "median_ns": 11476.948247975326,
        "min_ns": 7326.0,
        "max_ns": 31214.0,
        "variance_ns2": 57449354.386982255,
        "iqr_ns": 10254.078712753702,
        "q1_ns": 8451.634414742666,
        "q3_ns": 18705.71312749637
      },
      "runq_latency_stats_ns": {
        "count": 28.0,
        "sum_ns": 309681.5238095238,
        "mean_ns": 11060.054421768706,
        "median_ns": 8709.066225946397,
        "min_ns": 2334.8333333333335,
        "max_ns": 94902.0,
        "variance_ns2": 287545338.7493012,
        "iqr_ns": 8939.466082326237,
        "q1_ns": 3206.7288773148152,
        "q3_ns": 12146.194959641052
      },
      "first_seen_ts_ns": 1749623735545567910,
      "last_seen_ts_ns": 1749623802912450991,
      "duration_active_s": 67.366883081
    }
  ]
}
[06:36:43] Cleanup complete. Exiting.
