unlimited
PROGRAM: cpu
Looking for /opt/programs/cpu/ebpf-collect.c
[13:24:08] Waiting for start indicator file: '/mnt/flux/start_ebpf_collection'.
[13:24:15] Start indicator found. Proceeding with monitoring.
[13:24:15] Initializing eBPF for CPU Scheduling monitoring...
[13:24:15] BPF C code compiled and loaded.
[13:24:15] Attached tracepoints.
[13:24:15] Monitoring CPU scheduling events (polling aggregated map)... Press Ctrl+C to stop.
[13:25:17] Stop indicator file '/mnt/flux/stop_ebpf_collection' found. Stopping.
[13:25:17] Initiating cleanup sequence...
{
  "final_aggregated_summary_river": [
    {
      "tgid": 40,
      "comm": "bash",
      "cgroup_id": 14522,
      "on_cpu_stats_ns": {
        "count": 72.0,
        "sum_ns": 6505760.249999998,
        "mean_ns": 90357.78124999997,
        "median_ns": 20861.836394958358,
        "min_ns": 5891.0,
        "max_ns": 669152.75,
        "variance_ns2": 21467447269.2673,
        "iqr_ns": 70571.08837329762,
        "q1_ns": 13128.664800808321,
        "q3_ns": 83699.75317410595
      },
      "runq_latency_stats_ns": {
        "count": 72.0,
        "sum_ns": 14071337.138888901,
        "mean_ns": 195435.23804012363,
        "median_ns": 12264.851249086814,
        "min_ns": 1427.0,
        "max_ns": 9961835.0,
        "variance_ns2": 1405531427060.5486,
        "iqr_ns": 16068.659487963465,
        "q1_ns": 6465.016494918473,
        "q3_ns": 22533.675982881938
      },
      "first_seen_ts_ns": 1749993856813420174,
      "last_seen_ts_ns": 1749993917969074106,
      "duration_active_s": 61.155653932
    },
    {
      "tgid": 1,
      "comm": "pause",
      "cgroup_id": 14186,
      "on_cpu_stats_ns": {
        "count": 3.0,
        "sum_ns": 819554.4222222222,
        "mean_ns": 273184.8074074074,
        "median_ns": 209730.7,
        "min_ns": 209147.22222222222,
        "max_ns": 400676.5,
        "variance_ns2": 12190683871.67239,
        "iqr_ns": 191529.27777777778,
        "q1_ns": 209147.22222222222,
        "q3_ns": 400676.5
      },
      "runq_latency_stats_ns": {
        "count": 3.0,
        "sum_ns": 10006.305555555555,
        "mean_ns": 3335.435185185185,
        "median_ns": 1589.75,
        "min_ns": 1441.3333333333333,
        "max_ns": 6975.222222222223,
        "variance_ns2": 9941544.13297325,
        "iqr_ns": 5533.88888888889,
        "q1_ns": 1441.3333333333333,
        "q3_ns": 6975.222222222223
      },
      "first_seen_ts_ns": 1749993857133417944,
      "last_seen_ts_ns": 1749993917969074106,
      "duration_active_s": 60.835656162
    },
    {
      "tgid": 57,
      "comm": "bash",
      "cgroup_id": 14606,
      "on_cpu_stats_ns": {
        "count": 1.0,
        "sum_ns": 127636.0,
        "mean_ns": 127636.0,
        "median_ns": 127636.0,
        "min_ns": 127636.0,
        "max_ns": 127636.0,
        "variance_ns2": null,
        "iqr_ns": 0.0,
        "q1_ns": 127636.0,
        "q3_ns": 127636.0
      },
      "runq_latency_stats_ns": {
        "count": 1.0,
        "sum_ns": 12652.0,
        "mean_ns": 12652.0,
        "median_ns": 12652.0,
        "min_ns": 12652.0,
        "max_ns": 12652.0,
        "variance_ns2": null,
        "iqr_ns": 0.0,
        "q1_ns": 12652.0,
        "q3_ns": 12652.0
      },
      "first_seen_ts_ns": 1749993879923464728,
      "last_seen_ts_ns": 1749993879923464728,
      "duration_active_s": 0
    }
  ]
}
[13:25:17] Cleanup complete. Exiting.
