ln: failed to create symbolic link '/mnt/flux/view/lib/python': File exists
ln: failed to create symbolic link '/mnt/flux/view/lib/python3': File exists
unlimited
PROGRAM: cpu
Looking for /opt/programs/cpu/ebpf-collect.c
[02:48:02] Waiting for start indicator file: '/mnt/flux/start_ebpf_collection'.
[02:48:08] Start indicator found. Proceeding with monitoring.
[02:48:08] Initializing eBPF for CPU Scheduling monitoring...
[02:48:08] BPF C code compiled and loaded.
[02:48:08] Attached tracepoints.
[02:48:08] Monitoring CPU scheduling events (polling aggregated map)... Press Ctrl+C to stop.
[02:49:20] Stop indicator file '/mnt/flux/stop_ebpf_collection' found. Stopping.
[02:49:20] Initiating cleanup sequence...
{
  "final_aggregated_summary_river": [
    {
      "tgid": 31,
      "comm": "bash",
      "cgroup_id": 74974,
      "on_cpu_stats_ns": {
        "count": 100.0,
        "sum_ns": 9264752.499999998,
        "mean_ns": 92647.52499999998,
        "median_ns": 50329.74171013682,
        "min_ns": 8860.0,
        "max_ns": 2049457.0,
        "variance_ns2": 45446334643.51141,
        "iqr_ns": 34839.92928825058,
        "q1_ns": 29216.09988500741,
        "q3_ns": 64056.02917325799
      },
      "runq_latency_stats_ns": {
        "count": 100.0,
        "sum_ns": 5882820.440476191,
        "mean_ns": 58828.20440476191,
        "median_ns": 13081.641743405593,
        "min_ns": 2790.0,
        "max_ns": 2504204.0,
        "variance_ns2": 79593506057.02312,
        "iqr_ns": 17726.674837829705,
        "q1_ns": 7909.678062868893,
        "q3_ns": 25636.3529006986
      },
      "first_seen_ts_ns": 1749696488921547777,
      "last_seen_ts_ns": 1749696560175634633,
      "duration_active_s": 71.254086856
    },
    {
      "tgid": 1,
      "comm": "pause",
      "cgroup_id": 74764,
      "on_cpu_stats_ns": {
        "count": 4.0,
        "sum_ns": 1511524.5277777778,
        "mean_ns": 377881.13194444444,
        "median_ns": 350377.44444444444,
        "min_ns": 323293.0,
        "max_ns": 507394.3333333333,
        "variance_ns2": 7586257924.933831,
        "iqr_ns": 176934.5833333333,
        "q1_ns": 330459.75,
        "q3_ns": 507394.3333333333
      },
      "runq_latency_stats_ns": {
        "count": 4.0,
        "sum_ns": 152428.77777777778,
        "mean_ns": 38107.194444444445,
        "median_ns": 12307.777777777777,
        "min_ns": 2603.3333333333335,
        "max_ns": 128131.0,
        "variance_ns2": 3618429445.558643,
        "iqr_ns": 118744.33333333333,
        "q1_ns": 9386.666666666666,
        "q3_ns": 128131.0
      },
      "first_seen_ts_ns": 1749696497252239788,
      "last_seen_ts_ns": 1749696560278025381,
      "duration_active_s": 63.025785593
    },
    {
      "tgid": 227,
      "comm": "xhpcg",
      "cgroup_id": 75114,
      "on_cpu_stats_ns": {
        "count": 1.0,
        "sum_ns": 43770.75,
        "mean_ns": 43770.75,
        "median_ns": 43770.75,
        "min_ns": 43770.75,
        "max_ns": 43770.75,
        "variance_ns2": null,
        "iqr_ns": 0.0,
        "q1_ns": 43770.75,
        "q3_ns": 43770.75
      },
      "runq_latency_stats_ns": {
        "count": 1.0,
        "sum_ns": 3405.25,
        "mean_ns": 3405.25,
        "median_ns": 3405.25,
        "min_ns": 3405.25,
        "max_ns": 3405.25,
        "variance_ns2": null,
        "iqr_ns": 0.0,
        "q1_ns": 3405.25,
        "q3_ns": 3405.25
      },
      "first_seen_ts_ns": 1749696504995130110,
      "last_seen_ts_ns": 1749696504995130110,
      "duration_active_s": 0
    }
  ]
}
[02:49:20] Cleanup complete. Exiting.
