unlimited
PROGRAM: cpu
Looking for /opt/programs/cpu/ebpf-collect.c
[05:22:24] Waiting for start indicator file: '/mnt/flux/start_ebpf_collection'.
[05:22:30] Start indicator found. Proceeding with monitoring.
[05:22:30] Initializing eBPF for CPU Scheduling monitoring...
[05:22:30] BPF C code compiled and loaded.
[05:22:30] Attached tracepoints.
[05:22:30] Monitoring CPU scheduling events (polling aggregated map)... Press Ctrl+C to stop.
[05:23:37] Stop indicator file '/mnt/flux/stop_ebpf_collection' found. Stopping.
[05:23:37] Initiating cleanup sequence...
{
  "final_aggregated_summary_river": [
    {
      "tgid": 88,
      "comm": "python3",
      "cgroup_id": 57068,
      "on_cpu_stats_ns": {
        "count": 318.0,
        "sum_ns": 11684437.899082491,
        "mean_ns": 36743.51540591978,
        "median_ns": 31740.668961870622,
        "min_ns": 2959.0,
        "max_ns": 591359.1666666666,
        "variance_ns2": 2886013905.7262278,
        "iqr_ns": 37426.59505902824,
        "q1_ns": 8934.624360191241,
        "q3_ns": 46361.21941921948
      },
      "runq_latency_stats_ns": {
        "count": 318.0,
        "sum_ns": 7249157.712523276,
        "mean_ns": 22796.093435607785,
        "median_ns": 15190.717577795538,
        "min_ns": 481.9655172413793,
        "max_ns": 1471816.95,
        "variance_ns2": 7255031082.158449,
        "iqr_ns": 29285.09454258377,
        "q1_ns": 4374.75056462713,
        "q3_ns": 33659.8451072109
      },
      "first_seen_ts_ns": 1750137751020225237,
      "last_seen_ts_ns": 1750137817322709805,
      "duration_active_s": 66.302484568
    },
    {
      "tgid": 1,
      "comm": "pause",
      "cgroup_id": 56816,
      "on_cpu_stats_ns": {
        "count": 3.0,
        "sum_ns": 711244.5396825396,
        "mean_ns": 237081.51322751323,
        "median_ns": 192716.44444444444,
        "min_ns": 174658.66666666666,
        "max_ns": 343869.4285714286,
        "variance_ns2": 8634264982.192324,
        "iqr_ns": 169210.76190476192,
        "q1_ns": 174658.66666666666,
        "q3_ns": 343869.4285714286
      },
      "runq_latency_stats_ns": {
        "count": 3.0,
        "sum_ns": 10463.158730158731,
        "mean_ns": 3487.719576719577,
        "median_ns": 1065.3333333333333,
        "min_ns": 782.7142857142857,
        "max_ns": 8615.111111111111,
        "variance_ns2": 19737576.341731757,
        "iqr_ns": 7832.396825396826,
        "q1_ns": 782.7142857142857,
        "q3_ns": 8615.111111111111
      },
      "first_seen_ts_ns": 1750137754234739226,
      "last_seen_ts_ns": 1750137817322709805,
      "duration_active_s": 63.087970579
    },
    {
      "tgid": 44,
      "comm": "bash",
      "cgroup_id": 57152,
      "on_cpu_stats_ns": {
        "count": 21.0,
        "sum_ns": 181596.00000000003,
        "mean_ns": 8647.428571428572,
        "median_ns": 7339.574802811591,
        "min_ns": 3691.0,
        "max_ns": 22877.0,
        "variance_ns2": 18039059.657142855,
        "iqr_ns": 2172.0473217474428,
        "q1_ns": 6215.487400352733,
        "q3_ns": 8387.534722100176
      },
      "runq_latency_stats_ns": {
        "count": 21.0,
        "sum_ns": 181597.00000000006,
        "mean_ns": 8647.476190476193,
        "median_ns": 10571.368799189815,
        "min_ns": 1947.0,
        "max_ns": 12613.0,
        "variance_ns2": 14410707.861904765,
        "iqr_ns": 5159.462804906359,
        "q1_ns": 6506.918068936233,
        "q3_ns": 11666.380873842592
      },
      "first_seen_ts_ns": 1750137752525459692,
      "last_seen_ts_ns": 1750137816512265570,
      "duration_active_s": 63.986805878
    }
  ]
}
[05:23:37] Cleanup complete. Exiting.
