unlimited
PROGRAM: cpu
Looking for /opt/programs/cpu/ebpf-collect.c
[06:04:27] Waiting for start indicator file: '/mnt/flux/start_ebpf_collection'.
[06:04:33] Start indicator found. Proceeding with monitoring.
[06:04:33] Initializing eBPF for CPU Scheduling monitoring...
[06:04:33] BPF C code compiled and loaded.
[06:04:33] Attached tracepoints.
[06:04:33] Monitoring CPU scheduling events (polling aggregated map)... Press Ctrl+C to stop.
[06:05:40] Stop indicator file '/mnt/flux/stop_ebpf_collection' found. Stopping.
[06:05:40] Initiating cleanup sequence...
{
  "final_aggregated_summary_river": [
    {
      "tgid": 1,
      "comm": "pause",
      "cgroup_id": 75164,
      "on_cpu_stats_ns": {
        "count": 3.0,
        "sum_ns": 782455.6825396825,
        "mean_ns": 260818.56084656084,
        "median_ns": 219071.22222222222,
        "min_ns": 197903.88888888888,
        "max_ns": 365480.5714285714,
        "variance_ns2": 8327616344.412782,
        "iqr_ns": 167576.68253968254,
        "q1_ns": 197903.88888888888,
        "q3_ns": 365480.5714285714
      },
      "runq_latency_stats_ns": {
        "count": 3.0,
        "sum_ns": 13127.619047619048,
        "mean_ns": 4375.873015873016,
        "median_ns": 4941.666666666667,
        "min_ns": 2026.2857142857142,
        "max_ns": 6159.666666666667,
        "variance_ns2": 4511301.365835223,
        "iqr_ns": 4133.380952380952,
        "q1_ns": 2026.2857142857142,
        "q3_ns": 6159.666666666667
      },
      "first_seen_ts_ns": 1750140274409892818,
      "last_seen_ts_ns": 1750140340663607173,
      "duration_active_s": 66.253714355
    },
    {
      "tgid": 44,
      "comm": "bash",
      "cgroup_id": 75416,
      "on_cpu_stats_ns": {
        "count": 18.0,
        "sum_ns": 137565.0,
        "mean_ns": 7642.5,
        "median_ns": 7991.284832356772,
        "min_ns": 4597.0,
        "max_ns": 13064.0,
        "variance_ns2": 4031835.6764705884,
        "iqr_ns": 2457.9268796121332,
        "q1_ns": 6254.0700048185945,
        "q3_ns": 8711.996884430728
      },
      "runq_latency_stats_ns": {
        "count": 18.0,
        "sum_ns": 185359.0,
        "mean_ns": 10297.722222222223,
        "median_ns": 11191.170040294925,
        "min_ns": 2210.0,
        "max_ns": 15150.0,
        "variance_ns2": 10031560.918300653,
        "iqr_ns": 2484.772135858135,
        "q1_ns": 9509.9,
        "q3_ns": 11994.672135858134
      },
      "first_seen_ts_ns": 1750140276469887184,
      "last_seen_ts_ns": 1750140340460593443,
      "duration_active_s": 63.990706259
    }
  ]
}
[06:05:40] Cleanup complete. Exiting.
