ln: failed to create symbolic link '/mnt/flux/view/lib/python': File exists
ln: failed to create symbolic link '/mnt/flux/view/lib/python3': File exists
unlimited
PROGRAM: cpu
Looking for /opt/programs/cpu/ebpf-collect.c
[13:16:21] Waiting for start indicator file: '/mnt/flux/start_ebpf_collection'.
[13:16:27] Start indicator found. Proceeding with monitoring.
[13:16:27] Initializing eBPF for CPU Scheduling monitoring...
[13:16:27] BPF C code compiled and loaded.
[13:16:27] Attached tracepoints.
[13:16:27] Monitoring CPU scheduling events (polling aggregated map)... Press Ctrl+C to stop.
[13:17:26] Stop indicator file '/mnt/flux/stop_ebpf_collection' found. Stopping.
[13:17:26] Initiating cleanup sequence...
{
  "final_aggregated_summary_river": [
    {
      "tgid": 1,
      "comm": "pause",
      "cgroup_id": 10371,
      "on_cpu_stats_ns": {
        "count": 2.0,
        "sum_ns": 711262.9047619047,
        "mean_ns": 355631.45238095237,
        "median_ns": 475203.5714285714,
        "min_ns": 236059.33333333334,
        "max_ns": 475203.5714285714,
        "variance_ns2": 28594983307.075962,
        "iqr_ns": 239144.23809523808,
        "q1_ns": 236059.33333333334,
        "q3_ns": 475203.5714285714
      },
      "runq_latency_stats_ns": {
        "count": 2.0,
        "sum_ns": 6624.301587301587,
        "mean_ns": 3312.1507936507933,
        "median_ns": 3875.4444444444443,
        "min_ns": 2748.8571428571427,
        "max_ns": 3875.4444444444443,
        "variance_ns2": 634599.4740488786,
        "iqr_ns": 1126.5873015873017,
        "q1_ns": 2748.8571428571427,
        "q3_ns": 3875.4444444444443
      },
      "first_seen_ts_ns": 1749993436917345737,
      "last_seen_ts_ns": 1749993446140046837,
      "duration_active_s": 9.2227011
    },
    {
      "tgid": 44,
      "comm": "bash",
      "cgroup_id": 10707,
      "on_cpu_stats_ns": {
        "count": 21.0,
        "sum_ns": 218119.49999999994,
        "mean_ns": 10386.642857142855,
        "median_ns": 10024.60146589191,
        "min_ns": 4726.0,
        "max_ns": 16213.0,
        "variance_ns2": 13144039.428571427,
        "iqr_ns": 6141.331498483603,
        "q1_ns": 7384.363974767424,
        "q3_ns": 13525.695473251028
      },
      "runq_latency_stats_ns": {
        "count": 21.0,
        "sum_ns": 232607.33333333328,
        "mean_ns": 11076.53968253968,
        "median_ns": 8947.2500760582,
        "min_ns": 2027.0,
        "max_ns": 33460.0,
        "variance_ns2": 70449303.64973547,
        "iqr_ns": 14880.110482643406,
        "q1_ns": 2949.5,
        "q3_ns": 17829.610482643406
      },
      "first_seen_ts_ns": 1749993391421422797,
      "last_seen_ts_ns": 1749993443510967377,
      "duration_active_s": 52.08954458
    },
    {
      "tgid": 250,
      "comm": "xhpcg",
      "cgroup_id": 10791,
      "on_cpu_stats_ns": {
        "count": 2.0,
        "sum_ns": 17584.125,
        "mean_ns": 8792.0625,
        "median_ns": 9411.0,
        "min_ns": 8173.125,
        "max_ns": 9411.0,
        "variance_ns2": 766167.2578125,
        "iqr_ns": 1237.875,
        "q1_ns": 8173.125,
        "q3_ns": 9411.0
      },
      "runq_latency_stats_ns": {
        "count": 2.0,
        "sum_ns": 5463.0,
        "mean_ns": 2731.5,
        "median_ns": 4619.0,
        "min_ns": 844.0,
        "max_ns": 4619.0,
        "variance_ns2": 7125312.5,
        "iqr_ns": 3775.0,
        "q1_ns": 844.0,
        "q3_ns": 4619.0
      },
      "first_seen_ts_ns": 1749993436400525804,
      "last_seen_ts_ns": 1749993437023416388,
      "duration_active_s": 0.622890584
    }
  ]
}
[13:17:26] Cleanup complete. Exiting.
