unlimited
PROGRAM: cpu
Looking for /opt/programs/cpu/ebpf-collect.c
[03:57:03] Waiting for start indicator file: '/mnt/flux/start_ebpf_collection'.
[03:57:09] Start indicator found. Proceeding with monitoring.
[03:57:09] Initializing eBPF for CPU Scheduling monitoring...
[03:57:09] BPF C code compiled and loaded.
[03:57:09] Attached tracepoints.
[03:57:09] Monitoring CPU scheduling events (polling aggregated map)... Press Ctrl+C to stop.
[03:58:15] Stop indicator file '/mnt/flux/stop_ebpf_collection' found. Stopping.
[03:58:15] Initiating cleanup sequence...
{
  "final_aggregated_summary_river": [
    {
      "tgid": 31,
      "comm": "bash",
      "cgroup_id": 8115,
      "on_cpu_stats_ns": {
        "count": 68.0,
        "sum_ns": 3490661.9,
        "mean_ns": 51333.263235294115,
        "median_ns": 32290.11846080097,
        "min_ns": 6373.583333333333,
        "max_ns": 239461.0,
        "variance_ns2": 2422436694.327044,
        "iqr_ns": 52534.86828657045,
        "q1_ns": 16113.397788502723,
        "q3_ns": 68648.26607507317
      },
      "runq_latency_stats_ns": {
        "count": 68.0,
        "sum_ns": 3371940.5333333346,
        "mean_ns": 49587.36078431374,
        "median_ns": 5483.569345909356,
        "min_ns": 1142.2,
        "max_ns": 1875827.0,
        "variance_ns2": 54828506948.926315,
        "iqr_ns": 16317.326613567016,
        "q1_ns": 4342.523761408167,
        "q3_ns": 20659.850374975184
      },
      "first_seen_ts_ns": 1749614230090992115,
      "last_seen_ts_ns": 1749614295241069178,
      "duration_active_s": 65.150077063
    },
    {
      "tgid": 225,
      "comm": "xhpcg",
      "cgroup_id": 8255,
      "on_cpu_stats_ns": {
        "count": 108.0,
        "sum_ns": 1153752.7656391112,
        "mean_ns": 10682.895978139919,
        "median_ns": 10375.936491542576,
        "min_ns": 7201.71875,
        "max_ns": 16087.0,
        "variance_ns2": 4096104.0689987284,
        "iqr_ns": 2917.1355593981607,
        "q1_ns": 9025.91802074484,
        "q3_ns": 11943.053580143001
      },
      "runq_latency_stats_ns": {
        "count": 108.0,
        "sum_ns": 547708.9058007766,
        "mean_ns": 5071.378757414597,
        "median_ns": 5012.281995546624,
        "min_ns": 1845.53125,
        "max_ns": 20871.645161290322,
        "variance_ns2": 5272926.845730727,
        "iqr_ns": 1895.4048191573406,
        "q1_ns": 3989.9107464941358,
        "q3_ns": 5885.315565651476
      },
      "first_seen_ts_ns": 1749614231023881490,
      "last_seen_ts_ns": 1749614243371759014,
      "duration_active_s": 12.347877524
    },
    {
      "tgid": 1,
      "comm": "pause",
      "cgroup_id": 7905,
      "on_cpu_stats_ns": {
        "count": 2.0,
        "sum_ns": 845294.6349206349,
        "mean_ns": 422647.31746031746,
        "median_ns": 502063.85714285716,
        "min_ns": 343230.77777777775,
        "max_ns": 502063.85714285716,
        "variance_ns2": 12613973550.296806,
        "iqr_ns": 158833.0793650794,
        "q1_ns": 343230.77777777775,
        "q3_ns": 502063.85714285716
      },
      "runq_latency_stats_ns": {
        "count": 2.0,
        "sum_ns": 5530.79365079365,
        "mean_ns": 2765.396825396825,
        "median_ns": 3432.222222222222,
        "min_ns": 2098.5714285714284,
        "max_ns": 3432.222222222222,
        "variance_ns2": 889312.2197026957,
        "iqr_ns": 1333.6507936507937,
        "q1_ns": 2098.5714285714284,
        "q3_ns": 3432.222222222222
      },
      "first_seen_ts_ns": 1749614261019009429,
      "last_seen_ts_ns": 1749614295444755752,
      "duration_active_s": 34.425746323
    }
  ]
}
[03:58:15] Cleanup complete. Exiting.
