unlimited
PROGRAM: cpu
Looking for /opt/programs/cpu/ebpf-collect.c
[06:32:18] Waiting for start indicator file: '/mnt/flux/start_ebpf_collection'.
[06:32:20] Start indicator found. Proceeding with monitoring.
[06:32:20] Initializing eBPF for CPU Scheduling monitoring...
[06:32:20] BPF C code compiled and loaded.
[06:32:20] Attached tracepoints.
[06:32:20] Monitoring CPU scheduling events (polling aggregated map)... Press Ctrl+C to stop.
[06:33:15] Stop indicator file '/mnt/flux/stop_ebpf_collection' found. Stopping.
[06:33:15] Initiating cleanup sequence...
{
  "final_aggregated_summary_river": [
    {
      "tgid": 225,
      "comm": "xhpcg",
      "cgroup_id": 67595,
      "on_cpu_stats_ns": {
        "count": 116.0,
        "sum_ns": 1077065.3444926208,
        "mean_ns": 9285.046073212248,
        "median_ns": 8895.471020610848,
        "min_ns": 5006.4375,
        "max_ns": 13854.333333333334,
        "variance_ns2": 3378657.3056170195,
        "iqr_ns": 2598.772319640684,
        "q1_ns": 7829.384441912303,
        "q3_ns": 10428.156761552988
      },
      "runq_latency_stats_ns": {
        "count": 116.0,
        "sum_ns": 551187.0486367012,
        "mean_ns": 4751.612488247424,
        "median_ns": 4127.243013677658,
        "min_ns": 1665.0,
        "max_ns": 23745.0,
        "variance_ns2": 9210365.77303055,
        "iqr_ns": 2073.0328387224135,
        "q1_ns": 3419.499016279854,
        "q3_ns": 5492.531855002268
      },
      "first_seen_ts_ns": 1749623541001084866,
      "last_seen_ts_ns": 1749623554131632150,
      "duration_active_s": 13.130547284
    },
    {
      "tgid": 1,
      "comm": "pause",
      "cgroup_id": 67245,
      "on_cpu_stats_ns": {
        "count": 2.0,
        "sum_ns": 587584.8888888889,
        "mean_ns": 293792.44444444444,
        "median_ns": 308939.8888888889,
        "min_ns": 278645.0,
        "max_ns": 308939.8888888889,
        "variance_ns2": 458890146.3950613,
        "iqr_ns": 30294.888888888876,
        "q1_ns": 278645.0,
        "q3_ns": 308939.8888888889
      },
      "runq_latency_stats_ns": {
        "count": 2.0,
        "sum_ns": 8271.444444444445,
        "mean_ns": 4135.722222222223,
        "median_ns": 6531.444444444444,
        "min_ns": 1740.0,
        "max_ns": 6531.444444444444,
        "variance_ns2": 11478969.932098767,
        "iqr_ns": 4791.444444444444,
        "q1_ns": 1740.0,
        "q3_ns": 6531.444444444444
      },
      "first_seen_ts_ns": 1749623562002251111,
      "last_seen_ts_ns": 1749623595359542600,
      "duration_active_s": 33.357291489
    },
    {
      "tgid": 30,
      "comm": "bash",
      "cgroup_id": 67455,
      "on_cpu_stats_ns": {
        "count": 21.0,
        "sum_ns": 306822.0,
        "mean_ns": 14610.571428571428,
        "median_ns": 14837.503921582074,
        "min_ns": 5301.0,
        "max_ns": 26147.0,
        "variance_ns2": 33377377.161142856,
        "iqr_ns": 8209.506337508266,
        "q1_ns": 8746.359777777778,
        "q3_ns": 16955.866115286044
      },
      "runq_latency_stats_ns": {
        "count": 21.0,
        "sum_ns": 146053.25,
        "mean_ns": 6954.916666666666,
        "median_ns": 7464.803462136033,
        "min_ns": 1985.0,
        "max_ns": 14048.0,
        "variance_ns2": 13616888.621833336,
        "iqr_ns": 6030.960420204234,
        "q1_ns": 3302.591468196557,
        "q3_ns": 9333.55188840079
      },
      "first_seen_ts_ns": 1749623540695239169,
      "last_seen_ts_ns": 1749623595359542600,
      "duration_active_s": 54.664303431
    }
  ]
}
[06:33:15] Cleanup complete. Exiting.
