unlimited
PROGRAM: cpu
Looking for /opt/programs/cpu/ebpf-collect.c
[02:51:42] Waiting for start indicator file: '/mnt/flux/start_ebpf_collection'.
[02:51:49] Start indicator found. Proceeding with monitoring.
[02:51:49] Initializing eBPF for CPU Scheduling monitoring...
[02:51:50] BPF C code compiled and loaded.
[02:51:50] Attached tracepoints.
[02:51:50] Monitoring CPU scheduling events (polling aggregated map)... Press Ctrl+C to stop.
[02:52:59] Stop indicator file '/mnt/flux/stop_ebpf_collection' found. Stopping.
[02:52:59] Initiating cleanup sequence...
{
  "final_aggregated_summary_river": [
    {
      "tgid": 31,
      "comm": "bash",
      "cgroup_id": 76264,
      "on_cpu_stats_ns": {
        "count": 86.0,
        "sum_ns": 8304735.705128205,
        "mean_ns": 96566.6942456768,
        "median_ns": 42833.048199844394,
        "min_ns": 8241.538461538461,
        "max_ns": 1992976.0,
        "variance_ns2": 52386649766.18164,
        "iqr_ns": 96475.02985367639,
        "q1_ns": 21260.22269906282,
        "q3_ns": 117735.25255273921
      },
      "runq_latency_stats_ns": {
        "count": 86.0,
        "sum_ns": 24028358.755069934,
        "mean_ns": 279399.5204077899,
        "median_ns": 16698.206168087418,
        "min_ns": 2590.0,
        "max_ns": 13422337.0,
        "variance_ns2": 2365405826419.0283,
        "iqr_ns": 54283.60061576605,
        "q1_ns": 6999.072170140183,
        "q3_ns": 61282.67278590624
      },
      "first_seen_ts_ns": 1749696710717993056,
      "last_seen_ts_ns": 1749696778998140030,
      "duration_active_s": 68.280146974
    },
    {
      "tgid": 40,
      "comm": "bash",
      "cgroup_id": 76334,
      "on_cpu_stats_ns": {
        "count": 42.0,
        "sum_ns": 2830207.4047619044,
        "mean_ns": 67385.89058956916,
        "median_ns": 29710.087799672765,
        "min_ns": 9950.0,
        "max_ns": 859457.0,
        "variance_ns2": 18295510362.45457,
        "iqr_ns": 37503.66535922255,
        "q1_ns": 19442.91454082423,
        "q3_ns": 56946.579900046774
      },
      "runq_latency_stats_ns": {
        "count": 42.0,
        "sum_ns": 1291420.2619047617,
        "mean_ns": 30748.1014739229,
        "median_ns": 10682.659073990355,
        "min_ns": 4410.0,
        "max_ns": 336844.4285714286,
        "variance_ns2": 3861357141.1639867,
        "iqr_ns": 18508.594048875773,
        "q1_ns": 6911.85103740481,
        "q3_ns": 25420.445086280582
      },
      "first_seen_ts_ns": 1749696710717993056,
      "last_seen_ts_ns": 1749696778792872281,
      "duration_active_s": 68.074879225
    },
    {
      "tgid": 1,
      "comm": "pause",
      "cgroup_id": 76054,
      "on_cpu_stats_ns": {
        "count": 2.0,
        "sum_ns": 648021.5,
        "mean_ns": 324010.75,
        "median_ns": 363594.0,
        "min_ns": 284427.5,
        "max_ns": 363594.0,
        "variance_ns2": 3133667361.125,
        "iqr_ns": 79166.5,
        "q1_ns": 284427.5,
        "q3_ns": 363594.0
      },
      "runq_latency_stats_ns": {
        "count": 2.0,
        "sum_ns": 15309.222222222223,
        "mean_ns": 7654.611111111111,
        "median_ns": 11569.222222222223,
        "min_ns": 3740.0,
        "max_ns": 11569.222222222223,
        "variance_ns2": 30648360.302469138,
        "iqr_ns": 7829.222222222223,
        "q1_ns": 3740.0,
        "q3_ns": 11569.222222222223
      },
      "first_seen_ts_ns": 1749696737272269359,
      "last_seen_ts_ns": 1749696779203589499,
      "duration_active_s": 41.93132014
    }
  ]
}
[02:52:59] Cleanup complete. Exiting.
