unlimited
PROGRAM: cpu
Looking for /opt/programs/cpu/ebpf-collect.c
[14:04:01] Waiting for start indicator file: '/mnt/flux/start_ebpf_collection'.
[14:04:08] Start indicator found. Proceeding with monitoring.
[14:04:08] Initializing eBPF for CPU Scheduling monitoring...
[14:04:09] BPF C code compiled and loaded.
[14:04:09] Attached tracepoints.
[14:04:09] Monitoring CPU scheduling events (polling aggregated map)... Press Ctrl+C to stop.
[14:05:17] Stop indicator file '/mnt/flux/stop_ebpf_collection' found. Stopping.
[14:05:17] Initiating cleanup sequence...
{
  "final_aggregated_summary_river": [
    {
      "tgid": 1,
      "comm": "pause",
      "cgroup_id": 38133,
      "on_cpu_stats_ns": {
        "count": 3.0,
        "sum_ns": 963552.9345238094,
        "mean_ns": 321184.31150793645,
        "median_ns": 269150.125,
        "min_ns": 224631.66666666666,
        "max_ns": 469771.14285714284,
        "variance_ns2": 17054008120.892307,
        "iqr_ns": 245139.47619047618,
        "q1_ns": 224631.66666666666,
        "q3_ns": 469771.14285714284
      },
      "runq_latency_stats_ns": {
        "count": 3.0,
        "sum_ns": 8780.920634920636,
        "mean_ns": 2926.9735449735454,
        "median_ns": 1817.857142857143,
        "min_ns": 1364.7777777777778,
        "max_ns": 5598.285714285715,
        "variance_ns2": 5403251.757201647,
        "iqr_ns": 4233.507936507936,
        "q1_ns": 1364.7777777777778,
        "q3_ns": 5598.285714285715
      },
      "first_seen_ts_ns": 1749996257573448433,
      "last_seen_ts_ns": 1749996317833968206,
      "duration_active_s": 60.260519773
    },
    {
      "tgid": 44,
      "comm": "bash",
      "cgroup_id": 38469,
      "on_cpu_stats_ns": {
        "count": 23.0,
        "sum_ns": 273004.7,
        "mean_ns": 11869.769565217392,
        "median_ns": 10605.656439043212,
        "min_ns": 6473.0,
        "max_ns": 23564.0,
        "variance_ns2": 22811765.912213445,
        "iqr_ns": 6511.913537048761,
        "q1_ns": 7545.933333333333,
        "q3_ns": 14057.846870382094
      },
      "runq_latency_stats_ns": {
        "count": 23.0,
        "sum_ns": 309850.05,
        "mean_ns": 13471.741304347825,
        "median_ns": 15821.696053240743,
        "min_ns": 1879.0,
        "max_ns": 35093.0,
        "variance_ns2": 70615872.73014821,
        "iqr_ns": 10880.293105442177,
        "q1_ns": 6546.697370748299,
        "q3_ns": 17426.990476190476
      },
      "first_seen_ts_ns": 1749996251513454990,
      "last_seen_ts_ns": 1749996315505738730,
      "duration_active_s": 63.99228374
    },
    {
      "tgid": 250,
      "comm": "xhpcg",
      "cgroup_id": 38553,
      "on_cpu_stats_ns": {
        "count": 1.0,
        "sum_ns": 9564.2,
        "mean_ns": 9564.2,
        "median_ns": 9564.2,
        "min_ns": 9564.2,
        "max_ns": 9564.2,
        "variance_ns2": null,
        "iqr_ns": 0.0,
        "q1_ns": 9564.2,
        "q3_ns": 9564.2
      },
      "runq_latency_stats_ns": {
        "count": 1.0,
        "sum_ns": 8968.533333333333,
        "mean_ns": 8968.533333333333,
        "median_ns": 8968.533333333333,
        "min_ns": 8968.533333333333,
        "max_ns": 8968.533333333333,
        "variance_ns2": null,
        "iqr_ns": 0.0,
        "q1_ns": 8968.533333333333,
        "q3_ns": 8968.533333333333
      },
      "first_seen_ts_ns": 1749996303345280932,
      "last_seen_ts_ns": 1749996303345280932,
      "duration_active_s": 0
    }
  ]
}
[14:05:17] Cleanup complete. Exiting.
