ln: failed to create symbolic link '/mnt/flux/view/lib/python': File exists
ln: failed to create symbolic link '/mnt/flux/view/lib/python3': File exists
unlimited
PROGRAM: cpu
Looking for /opt/programs/cpu/ebpf-collect.c
[13:14:44] Waiting for start indicator file: '/mnt/flux/start_ebpf_collection'.
[13:14:49] Start indicator found. Proceeding with monitoring.
[13:14:49] Initializing eBPF for CPU Scheduling monitoring...
[13:14:50] BPF C code compiled and loaded.
[13:14:50] Attached tracepoints.
[13:14:50] Monitoring CPU scheduling events (polling aggregated map)... Press Ctrl+C to stop.
[13:15:50] Stop indicator file '/mnt/flux/stop_ebpf_collection' found. Stopping.
[13:15:50] Initiating cleanup sequence...
{
  "final_aggregated_summary_river": [
    {
      "tgid": 40,
      "comm": "bash",
      "cgroup_id": 9898,
      "on_cpu_stats_ns": {
        "count": 41.0,
        "sum_ns": 4649247.499999999,
        "mean_ns": 113396.28048780486,
        "median_ns": 64520.38915365885,
        "min_ns": 9444.0,
        "max_ns": 1362900.0,
        "variance_ns2": 47883149325.88811,
        "iqr_ns": 98132.8074645692,
        "q1_ns": 23639.012831417454,
        "q3_ns": 121771.82029598665
      },
      "runq_latency_stats_ns": {
        "count": 41.0,
        "sum_ns": 373089.75000000006,
        "mean_ns": 9099.750000000002,
        "median_ns": 7102.356348910587,
        "min_ns": 1387.0,
        "max_ns": 48310.0,
        "variance_ns2": 65537788.860416666,
        "iqr_ns": 7474.486156283413,
        "q1_ns": 4373.939027676738,
        "q3_ns": 11848.425183960151
      },
      "first_seen_ts_ns": 1749993290623486693,
      "last_seen_ts_ns": 1749993350244094914,
      "duration_active_s": 59.620608221
    },
    {
      "tgid": 1,
      "comm": "pause",
      "cgroup_id": 9562,
      "on_cpu_stats_ns": {
        "count": 4.0,
        "sum_ns": 4003051.1015873016,
        "mean_ns": 1000762.7753968254,
        "median_ns": 1294158.8,
        "min_ns": 233270.44444444444,
        "max_ns": 1996166.0,
        "variance_ns2": 645904729297.8376,
        "iqr_ns": 1516710.1428571427,
        "q1_ns": 479455.85714285716,
        "q3_ns": 1996166.0
      },
      "runq_latency_stats_ns": {
        "count": 4.0,
        "sum_ns": 47221.68253968254,
        "mean_ns": 11805.420634920634,
        "median_ns": 12294.0,
        "min_ns": 3524.5714285714284,
        "max_ns": 21795.11111111111,
        "variance_ns2": 57811248.8770471,
        "iqr_ns": 12187.11111111111,
        "q1_ns": 9608.0,
        "q3_ns": 21795.11111111111
      },
      "first_seen_ts_ns": 1749993314763455594,
      "last_seen_ts_ns": 1749993350244094914,
      "duration_active_s": 35.48063932
    },
    {
      "tgid": 384,
      "comm": "store",
      "cgroup_id": 9982,
      "on_cpu_stats_ns": {
        "count": 1.0,
        "sum_ns": 44094.333333333336,
        "mean_ns": 44094.333333333336,
        "median_ns": 44094.333333333336,
        "min_ns": 44094.333333333336,
        "max_ns": 44094.333333333336,
        "variance_ns2": null,
        "iqr_ns": 0.0,
        "q1_ns": 44094.333333333336,
        "q3_ns": 44094.333333333336
      },
      "runq_latency_stats_ns": {
        "count": 1.0,
        "sum_ns": 999.1111111111111,
        "mean_ns": 999.1111111111111,
        "median_ns": 999.1111111111111,
        "min_ns": 999.1111111111111,
        "max_ns": 999.1111111111111,
        "variance_ns2": null,
        "iqr_ns": 0.0,
        "q1_ns": 999.1111111111111,
        "q3_ns": 999.1111111111111
      },
      "first_seen_ts_ns": 1749993345585115831,
      "last_seen_ts_ns": 1749993345585115831,
      "duration_active_s": 0
    }
  ]
}
[13:15:50] Cleanup complete. Exiting.
