unlimited
PROGRAM: cpu
Looking for /opt/programs/cpu/ebpf-collect.c
[04:16:16] Waiting for start indicator file: '/mnt/flux/start_ebpf_collection'.
[04:16:18] Start indicator found. Proceeding with monitoring.
[04:16:18] Initializing eBPF for CPU Scheduling monitoring...
[04:16:18] BPF C code compiled and loaded.
[04:16:18] Attached tracepoints.
[04:16:18] Monitoring CPU scheduling events (polling aggregated map)... Press Ctrl+C to stop.
[04:17:23] Stop indicator file '/mnt/flux/stop_ebpf_collection' found. Stopping.
[04:17:23] Initiating cleanup sequence...
{
  "final_aggregated_summary_river": [
    {
      "tgid": 31,
      "comm": "bash",
      "cgroup_id": 79174,
      "on_cpu_stats_ns": {
        "count": 29.0,
        "sum_ns": 1242031.4999999998,
        "mean_ns": 42828.672413793094,
        "median_ns": 14510.415702014652,
        "min_ns": 3574.0,
        "max_ns": 271185.0,
        "variance_ns2": 4041115108.879927,
        "iqr_ns": 32803.8619909267,
        "q1_ns": 8657.7428410442,
        "q3_ns": 41461.6048319709
      },
      "runq_latency_stats_ns": {
        "count": 28.0,
        "sum_ns": 885082.4999999999,
        "mean_ns": 31610.089285714283,
        "median_ns": 4761.973991235071,
        "min_ns": 948.0,
        "max_ns": 565320.0,
        "variance_ns2": 11801558484.389883,
        "iqr_ns": 6596.144804955808,
        "q1_ns": 2326.970145534737,
        "q3_ns": 8923.114950490544
      },
      "first_seen_ts_ns": 1749788178819852987,
      "last_seen_ts_ns": 1749788242998641716,
      "duration_active_s": 64.178788729
    },
    {
      "tgid": 1,
      "comm": "pause",
      "cgroup_id": 78964,
      "on_cpu_stats_ns": {
        "count": 2.0,
        "sum_ns": 720163.7301587302,
        "mean_ns": 360081.8650793651,
        "median_ns": 415921.28571428574,
        "min_ns": 304242.44444444444,
        "max_ns": 415921.28571428574,
        "variance_ns2": 6236081793.687204,
        "iqr_ns": 111678.8412698413,
        "q1_ns": 304242.44444444444,
        "q3_ns": 415921.28571428574
      },
      "runq_latency_stats_ns": {
        "count": 2.0,
        "sum_ns": 4893.428571428572,
        "mean_ns": 2446.714285714286,
        "median_ns": 3729.0,
        "min_ns": 1164.4285714285713,
        "max_ns": 3729.0,
        "variance_ns2": 3288513.306122449,
        "iqr_ns": 2564.5714285714284,
        "q1_ns": 1164.4285714285713,
        "q3_ns": 3729.0
      },
      "first_seen_ts_ns": 1749788194098795298,
      "last_seen_ts_ns": 1749788243101972048,
      "duration_active_s": 49.00317675
    },
    {
      "tgid": 65,
      "comm": "bash",
      "cgroup_id": 79314,
      "on_cpu_stats_ns": {
        "count": 23.0,
        "sum_ns": 240817.01111111115,
        "mean_ns": 10470.304830917876,
        "median_ns": 8829.857888646658,
        "min_ns": 5469.0,
        "max_ns": 20469.0,
        "variance_ns2": 20055784.466496363,
        "iqr_ns": 5925.3076028614805,
        "q1_ns": 7074.808177878559,
        "q3_ns": 13000.11578074004
      },
      "runq_latency_stats_ns": {
        "count": 23.0,
        "sum_ns": 131790.0416666667,
        "mean_ns": 5730.001811594204,
        "median_ns": 6270.547028433725,
        "min_ns": 1791.6666666666667,
        "max_ns": 9436.0,
        "variance_ns2": 8367008.7993179085,
        "iqr_ns": 5313.522910412156,
        "q1_ns": 3280.646942070608,
        "q3_ns": 8594.169852482764
      },
      "first_seen_ts_ns": 1749788178515566582,
      "last_seen_ts_ns": 1749788243101972048,
      "duration_active_s": 64.586405466
    }
  ]
}
[04:17:23] Cleanup complete. Exiting.
