ln: failed to create symbolic link '/mnt/flux/view/lib/python': File exists
ln: failed to create symbolic link '/mnt/flux/view/lib/python3': File exists
unlimited
PROGRAM: cpu
Looking for /opt/programs/cpu/ebpf-collect.c
[02:29:41] Waiting for start indicator file: '/mnt/flux/start_ebpf_collection'.
[02:29:46] Start indicator found. Proceeding with monitoring.
[02:29:46] Initializing eBPF for CPU Scheduling monitoring...
[02:29:46] BPF C code compiled and loaded.
[02:29:46] Attached tracepoints.
[02:29:46] Monitoring CPU scheduling events (polling aggregated map)... Press Ctrl+C to stop.
[02:30:49] Stop indicator file '/mnt/flux/stop_ebpf_collection' found. Stopping.
[02:30:49] Initiating cleanup sequence...
{
  "final_aggregated_summary_river": [
    {
      "tgid": 31,
      "comm": "bash",
      "cgroup_id": 37589,
      "on_cpu_stats_ns": {
        "count": 33.0,
        "sum_ns": 2316990.0,
        "mean_ns": 70211.81818181818,
        "median_ns": 36506.02417027955,
        "min_ns": 5397.0,
        "max_ns": 417282.0,
        "variance_ns2": 9139446266.872158,
        "iqr_ns": 60058.35578852462,
        "q1_ns": 15676.556279666687,
        "q3_ns": 75734.9120681913
      },
      "runq_latency_stats_ns": {
        "count": 33.0,
        "sum_ns": 370433.5,
        "mean_ns": 11225.257575757576,
        "median_ns": 6854.716741852849,
        "min_ns": 966.0,
        "max_ns": 94650.5,
        "variance_ns2": 268915760.720644,
        "iqr_ns": 4511.120923527549,
        "q1_ns": 3895.011479489898,
        "q3_ns": 8406.132403017447
      },
      "first_seen_ts_ns": 1749781792158777981,
      "last_seen_ts_ns": 1749781849069088516,
      "duration_active_s": 56.910310535
    },
    {
      "tgid": 1,
      "comm": "pause",
      "cgroup_id": 37379,
      "on_cpu_stats_ns": {
        "count": 2.0,
        "sum_ns": 529512.2222222222,
        "mean_ns": 264756.1111111111,
        "median_ns": 319226.22222222225,
        "min_ns": 210286.0,
        "max_ns": 319226.22222222225,
        "variance_ns2": 5933986008.913583,
        "iqr_ns": 108940.22222222225,
        "q1_ns": 210286.0,
        "q3_ns": 319226.22222222225
      },
      "runq_latency_stats_ns": {
        "count": 2.0,
        "sum_ns": 23088.88888888889,
        "mean_ns": 11544.444444444445,
        "median_ns": 12542.888888888889,
        "min_ns": 10546.0,
        "max_ns": 12542.888888888889,
        "variance_ns2": 1993782.617283952,
        "iqr_ns": 1996.8888888888887,
        "q1_ns": 10546.0,
        "q3_ns": 12542.888888888889
      },
      "first_seen_ts_ns": 1749781833539935060,
      "last_seen_ts_ns": 1749781849069088516,
      "duration_active_s": 15.529153456
    },
    {
      "tgid": 65,
      "comm": "bash",
      "cgroup_id": 37729,
      "on_cpu_stats_ns": {
        "count": 22.0,
        "sum_ns": 265536.4166666666,
        "mean_ns": 12069.83712121212,
        "median_ns": 10221.157424479166,
        "min_ns": 5916.0,
        "max_ns": 21035.0,
        "variance_ns2": 24447754.12333153,
        "iqr_ns": 6917.434800545627,
        "q1_ns": 8029.188752695112,
        "q3_ns": 14946.623553240739
      },
      "runq_latency_stats_ns": {
        "count": 22.0,
        "sum_ns": 175818.12500000003,
        "mean_ns": 7991.732954545456,
        "median_ns": 5997.32911265432,
        "min_ns": 1559.125,
        "max_ns": 16009.0,
        "variance_ns2": 26441043.160455834,
        "iqr_ns": 8901.09986632513,
        "q1_ns": 3422.1125,
        "q3_ns": 12323.21236632513
      },
      "first_seen_ts_ns": 1749781786899942102,
      "last_seen_ts_ns": 1749781847347113617,
      "duration_active_s": 60.447171515
    }
  ]
}
[02:30:49] Cleanup complete. Exiting.
